nohup: ignoring input
0.33333333333333337
1281
427
5.625426354407827
0
5.327465364266754
1
5.14047314988668
2
8.56960341800535
3
6.252026195350284
4
7.075779221752106
5
3.8407530605876428
6
6.5562882905061715
7
7.003620039548311
8
8.261859023201081
9
5.06451241879751
10
5.789708370714975
11
5.138281286816849
12
7.613569924787621
13
5.204842520115586
14
5.462249627376646
15
6.45590582571167
16
5.034711985130963
17
5.502462695045142
18
5.26755687028637
19
7.6616070810888965
20
7.91035285119965
21
5.946699083071412
22
7.978478646530686
23
6.354048320898937
24
5.2784058549273585
25
4.256954412603045
26
6.034036611955439
27
6.276405900919791
28
5.329036610401589
29
4.806729214003237
30
5.09640258893724
31
6.6155787462207725
32
6.639340005948512
33
5.849290674504026
34
8.681011755678893
35
7.413191165140305
36
7.0690408758123455
37
4.808995058165004
38
6.1731381648905
39
5.2275591644453865
40
4.722540736137413
41
5.633897288597998
42
7.5077898787644965
43
5.13226522103427
44
4.761340251823683
45
7.2497147415313
46
6.97685708886714
47
4.669859800238645
48
5.207718558401531
49
5.691138021168349
50
5.222097781679001
51
6.900418441807352
52
5.630276253064834
53
6.901733395588156
54
5.724788652427475
55
6.097237311628418
56
6.684886604416315
57
5.1980605427352815
58
4.713065969892735
59
4.359099465901264
60
7.62022119511758
61
4.92492658570517
62
6.72193444799152
63
4.850929285319354
64
5.5174854017829915
65
4.6848806914610055
66
5.994779260060095
67
3.636289961288333
68
6.8845823243307835
69
5.133362313920042
70
4.703898890051429
71
6.213183821746758
72
4.656116602138831
73
4.503814635783471
74
6.718330390719221
75
5.054248760866519
76
5.154291390497033
77
7.16862677800705
78
4.5134469592638835
79
3.7030946361040393
80
4.664985887337477
81
4.150014396673247
82
5.115472988780635
83
4.881063750840058
84
4.252870585976338
85
4.419339068678323
86
3.391154863381825
87
2.6608351460615993
88
6.048282050798405
89
5.847585204368743
90
5.970371727941169
91
5.459019948637611
92
4.891256836783029
93
3.0432501921452606
94
4.954336212462362
95
6.810956758164917
96
4.172803519479408
97
5.339331993186083
98
7.227737191987129
99
5.742185411088685
100
5.882015549830862
101
6.021790708357384
102
5.056213684163827
103
4.5393620919085285
104
6.211995858500531
105
7.85596442574261
106
6.3255039402358255
107
5.021566581287716
108
5.291878219806008
109
6.994334294257923
110
5.996421548628352
111
6.095838772442159
112
5.924188681172919
113
5.971940221753457
114
5.919618883080066
115
5.454166943328447
116
5.855675561916349
117
5.531460531060645
118
5.481256492057012
119
4.120131177974153
120
4.5642080553334194
121
5.952719568741817
122
5.813214289657227
123
5.2622500254149145
124
4.998823106935548
125
5.196751520045913
126
4.826117388318828
127
4.219752845482061
128
6.788539548519475
129
6.3367341780621995
130
5.995457869002414
131
4.460978203627092
132
5.407684378726602
133
6.012706616994588
134
4.591689148959572
135
4.9494402100381745
136
8.232513365322545
137
6.071332988874782
138
8.487654385439402
139
3.061729743993503
140
4.449756576690105
141
7.696341043534549
142
6.90679629490966
143
5.550684292774877
144
5.916543216887953
145
5.752959411559474
146
7.169986537475122
147
4.925775214778816
148
6.120172359628023
149
5.337551653615459
150
5.0834803274044935
151
6.43193640079589
152
3.49617050733637
153
6.483547341171174
154
5.113744736211869
155
4.463439648221575
156
5.586192259059635
157
7.465892254967994
158
6.903659943312899
159
6.195309152339903
160
3.6421670121256584
161
6.052440285780982
162
4.938519531423587
163
4.818627644191497
164
5.300213908979182
165
3.6839814474821684
166
6.720166933367953
167
7.1692390425059
168
7.498235722938961
169
5.635197988766107
170
6.616981860781077
171
6.009723349430705
172
6.388089512478068
173
5.277148970346468
174
5.510525265784855
175
4.920626418563571
176
5.36364929711638
177
4.727954702056948
178
6.419692414599764
179
6.048926072843097
180
4.199649311004431
181
3.860698660984193
182
8.56940550437976
183
5.694417966717938
184
7.025857893044225
185
5.6859661887648825
186
6.066023695304507
187
6.0172425422141025
188
5.208066323309229
189
5.703586849403463
190
4.4916914282979485
191
5.248943356127304
192
5.241658244342094
193
4.808920984008672
194
3.7674629048826795
195
4.903064865965708
196
6.252824217892056
197
6.132731110758735
198
5.019446094271968
199
5.906362361958021
200
5.969243142459142
201
3.8034544516754893
202
4.945470285322693
203
5.13465148337391
204
4.563051036251826
205
5.699926253046889
206
6.335586380260337
207
5.758883027573633
208
6.28895384039372
209
6.486241727752637
210
6.282035463449399
211
6.6087405029230695
212
5.351295381751774
213
5.0582105692352535
214
7.919836352878114
215
5.315188395018508
216
5.9631842014939425
217
7.4672951740955344
218
5.521630925571952
219
5.000459839443726
220
4.817155086382294
221
4.924302003103649
222
7.01191981986489
223
6.2943652685000675
224
6.01879829597443
225
5.4924702643178875
226
5.219042817337939
227
4.952950281669948
228
5.369792021322963
229
5.562301105172812
230
5.664598410147328
231
5.504085115234542
232
5.8827779910225315
233
6.769179591547674
234
6.864215400410964
235
5.087986538683504
236
6.48087117311667
237
4.504578768840205
238
5.717558864051282
239
6.961440542338955
240
7.117719101775334
241
5.925024077843053
242
6.551866308550525
243
5.4634726728933485
244
6.47230722214178
245
5.500152324810141
246
6.0293549789177865
247
7.000556324874808
248
6.65522291888384
249
6.902009917519029
250
4.824399667500181
251
6.096234171436495
252
5.944252369011211
253
5.166825877432059
254
5.9492298782442825
255
6.257714011403852
256
3.592383511543073
257
5.275328900982215
258
3.8273784098714985
259
5.911083411789436
260
5.497789470571384
261
6.173547387580958
262
5.457190757378626
263
4.567045943619524
264
6.145851319479955
265
6.873858280010443
266
2.213507910760454
267
3.1823134201879597
268
4.8312388700458975
269
4.596945511888025
270
6.263948621922941
271
6.244693087699765
272
5.424875067979294
273
4.73864863265495
274
4.87145206813224
275
7.976992287669591
276
5.202682080223288
277
6.774771078067831
278
6.500868253279633
279
5.768305774859903
280
7.500088091198962
281
7.472299780122234
282
6.316775137620659
283
5.927906107839751
284
6.21048805464887
285
6.155314619043317
286
4.626034228080823
287
5.199639422882668
288
6.533707515827108
289
4.436432321212798
290
4.330614812728644
291
7.015842913908052
292
5.262670564837862
293
3.7375875800410667
294
5.931907760125559
295
7.125030547705095
296
6.711008420184154
297
5.931721301385236
298
6.175361809152137
299
5.889488059804064
300
5.541853622917425
301
6.8087983147918845
302
6.791732517908007
303
4.9274379058277304
304
6.867639885456668
305
5.7457573013569325
306
5.274927382460391
307
4.924149788411968
308
5.040844518804404
309
5.000242609542053
310
7.006677551387696
311
4.622681789464357
312
5.4959407814812
313
7.161846196030676
314
7.3296665937567145
315
5.649721589697673
316
2.8805008440888193
317
7.8226799317133064
318
6.347653337796161
319
5.434585592211365
320
4.935419885016842
321
6.677492202338076
322
3.801566933808601
323
5.788570987121283
324
2.6678274323700952
325
7.559696520414897
326
6.742370570150845
327
4.937358288950843
328
5.072231984156824
329
4.670997793472929
330
4.370873578350652
331
5.961445827498196
332
5.354451328904777
333
4.676169940880681
334
6.6744457809442
335
5.4752253832322175
336
5.017344751357439
337
5.681971575106041
338
6.265205429488967
339
4.218112729622733
340
6.688558860778215
341
6.372423007650111
342
8.069872386171038
343
3.724152497943422
344
6.270413156387724
345
5.825380931373625
346
6.054540430093121
347
5.128774810739274
348
6.201239569277156
349
5.2885594081969245
350
4.793915348387769
351
5.359845980862574
352
4.833359560658329
353
5.17533259171389
354
4.741996352796342
355
6.9878664501078225
356
7.186052828689226
357
6.287000177462014
358
4.478281473761381
359
6.201816373380003
360
6.188173669105756
361
4.353307691089578
362
6.219066559581168
363
4.458766661759366
364
5.394016423362934
365
7.5629433236417025
366
5.632855294601119
367
4.926820588077386
368
2.8909984954456918
369
5.14104470791435
370
4.933776965618968
371
4.735672917968204
372
3.3009284713116447
373
5.436463074664158
374
5.485131280728378
375
6.5830489006071
376
4.378409408862141
377
5.012859458607079
378
6.2810310969430345
379
4.56952203586441
380
5.89009057955227
381
6.55334773534272
382
5.120299040734607
383
4.399091750142471
384
5.976566895509103
385
7.329829234715394
386
6.276505049450326
387
5.888359963333006
388
6.750668506106426
389
5.3490644908847225
390
5.39237850620802
391
4.421460138319973
392
5.497678792253858
393
6.824561123997575
394
4.281301938448132
395
6.183115847595424
396
6.5167970089850105
397
4.135910939450618
398
3.967118958288099
399
5.557788391134841
400
6.3210915461294706
401
6.912187285706586
402
3.8104165785176893
403
4.986889373054545
404
7.195322501790059
405
5.427124930177174
406
6.067919353778706
407
4.315752705817895
408
4.92980439192787
409
4.019686929933974
410
3.1338468389667673
411
7.508835873185809
412
3.211209034447944
413
5.895963693986169
414
6.196890262388335
415
3.5184206495689136
416
5.1780184053795
417
5.1485718472605395
418
4.248096268113424
419
6.699213053241317
420
6.560552994811206
421
5.1532168318404565
422
7.356558790561832
423
7.387032863297432
424
6.134097826752946
425
6.898213029886161
426
6.925190268007578
427
6.530625947604354
428
5.923707678623917
429
5.0524584773417205
430
4.965144045188983
431
8.595072736657064
432
5.876526344078151
433
3.8953089604055426
434
5.239778914398992
435
6.369304380275347
436
5.481306705347361
437
5.322725937834833
438
5.6058325252680445
439
5.325883192057305
440
2.7477469168856192
441
5.7465086220858295
442
6.364038295721682
443
4.2676507455454535
444
3.256263915005687
445
5.132163637677542
446
9.143784680394932
447
4.997941359577818
448
7.6076324798188475
449
5.831180821098701
450
5.587787350321656
451
3.1389988615993
452
5.309323650082859
453
6.445283038847103
454
5.086749879836504
455
5.3202146975765965
456
6.65782174822525
457
5.775078653543997
458
6.382865599417897
459
5.862594038205146
460
6.25046146330535
461
7.798032006703749
462
5.55200250046082
463
5.774930912124454
464
4.656233782778301
465
7.958027217524329
466
3.98834038393438
467
5.80762722132231
468
5.7693840946325246
469
3.4286822524396796
470
4.965359971511482
471
6.392081486968684
472
6.1514398004376325
473
5.451010832964667
474
5.689802250834313
475
7.216908433283834
476
5.388948580281929
477
2.269951232138689
478
3.8283609306312116
479
6.118863519269486
480
4.451736846828021
481
8.139363692829729
482
6.956372285875132
483
6.183452419060593
484
6.189160414634503
485
4.952286693114273
486
5.014437539449862
487
5.380185265522845
488
8.501327300422348
489
5.2540459941545254
490
4.3295886917142505
491
5.273940750321108
492
5.597311492101669
493
6.150588455508741
494
6.346225685710885
495
4.567468467496305
496
5.019919333368402
497
7.228953179815427
498
6.404162359656066
499
5.812431642777057
500
5.103532783809515
501
6.489054444374567
502
4.710265073731389
503
8.078347458287432
504
3.3617179274865943
505
4.850772222424533
506
7.492822562599721
507
4.625055578624403
508
5.820700861383969
509
5.001526225097046
510
5.793208598784494
511
5.225465151277599
512
6.318035110503733
513
7.030289592028726
514
6.134654768884449
515
5.010155770490132
516
5.860661715568065
517
4.9385124354061185
518
5.606577839103655
519
3.2222827028149306
520
6.641852444655174
521
6.704540722558082
522
5.158700099612976
523
5.911204341304098
524
5.3978475320242545
525
4.135852812041984
526
5.114202806890327
527
6.0222728500273695
528
7.299508128898946
529
5.80603414444183
530
6.010110918366942
531
6.284054698275886
532
4.916577385664846
533
4.9289489939755855
534
4.689098060928522
535
4.950801626623518
536
7.3035179545026745
537
5.402968216062273
538
4.72713359475652
539
7.077022090590252
540
6.257832771910722
541
5.673440316807378
542
6.809665177546728
543
4.881587070876439
544
6.802213348186981
545
5.22205281873495
546
5.3537312008274895
547
7.217486874503951
548
6.555863615735952
549
6.117561540706159
550
5.489174056362737
551
6.999466039370803
552
5.78738707284209
553
4.9385971899770125
554
6.579328887880062
555
6.540693885831085
556
5.6289141867668695
557
6.633745437362328
558
4.536716394110205
559
5.313440581634721
560
5.432365215815155
561
6.462154156485937
562
6.121646549577632
563
6.63421256943047
564
4.4033095825648605
565
5.580366456027542
566
5.150675228737874
567
6.920111945937744
568
5.615198757190969
569
5.723197122347416
570
4.386715284304094
571
7.365129261282269
572
5.775070071296024
573
6.675351000317656
574
5.856325110630868
575
4.095755348517532
576
5.1929780166041315
577
5.501160779374932
578
6.282832210296319
579
6.116694928174354
580
7.804642923429183
581
3.8433148081812893
582
5.887440657154785
583
6.112947870516098
584
4.611035525019656
585
4.710352265291585
586
6.873239476876496
587
6.529174353442118
588
6.857231834044439
589
5.060910053893472
590
5.736867020787647
591
5.447651614479564
592
6.448499874554614
593
5.771577423521635
594
5.664735614889461
595
6.797872890856837
596
4.3216764085505135
597
7.392640578557884
598
4.590441361397175
599
5.3156546505217825
600
5.899082898467291
601
4.6643303396815545
602
6.129085949020545
603
5.977204917559863
604
6.595250117662028
605
6.878174185218294
606
3.648131065832219
607
4.763493643587606
608
7.092335097787849
609
6.000505072509949
610
5.748610626449771
611
5.562335930196956
612
7.148263204119104
613
5.989132750346873
614
3.6843798236686633
615
6.503086516783494
616
8.010837931453693
617
4.33204802763899
618
4.355699558298242
619
4.968516453854806
620
7.556954605247073
621
4.769658329609196
622
5.984828460357119
623
6.871875013541477
624
5.369065239522306
625
5.73960057042205
626
6.23414280056645
627
6.352273833193679
628
4.441431715623678
629
5.24794288919398
630
4.337094735742594
631
6.1574158166313415
632
6.015703370746531
633
5.265068403583365
634
4.895512341300348
635
5.30586329977401
636
5.9560996156211035
637
7.258394531505549
638
4.85090294402175
639
4.862033940155689
640
7.46182868531867
641
5.8708425240618825
642
5.901058106225841
643
4.323992852574525
644
5.845063965929503
645
6.060553206066127
646
5.21321166573735
647
5.806420117736295
648
5.666540364629343
649
6.399777509519546
650
4.8336507451682165
651
3.7370935422595286
652
2.637923755803183
653
5.585861887955639
654
4.658144014171973
655
6.543592189895741
656
8.02165523428819
657
2.7619197067016787
658
3.293090337322175
659
4.640587862644745
660
5.640389920818994
661
6.460910568784487
662
4.278565362265607
663
6.186821465634189
664
6.775182187165829
665
3.8215669978050135
666
5.619569403851774
667
6.422795211745493
668
4.841101943870405
669
5.596006758022692
670
5.35345449106591
671
4.902269683335906
672
4.989212198973978
673
3.9323433822686726
674
7.272686610182535
675
5.523706394244902
676
6.3875767416465425
677
5.801079195267344
678
6.501933691296234
679
3.8673254038431777
680
5.302028463116964
681
6.024515140325767
682
4.888098589581283
683
6.216584547632356
684
6.32263436284755
685
6.583771897539507
686
6.193856691047924
687
6.464659770873339
688
6.388391613881679
689
6.947508780937463
690
6.895051421886547
691
5.02587287882896
692
6.19982373421827
693
5.03982229737033
694
4.6585544826103655
695
5.078261547588702
696
6.4656672348566335
697
6.753044114746364
698
6.048961681868961
699
4.403797874216581
700
5.303979579000514
701
7.161820369304939
702
5.397785479974888
703
5.324016918821216
704
5.483202853034814
705
6.047847446498898
706
5.821869120023424
707
4.076461591877126
708
5.218218951756124
709
3.8915921093836463
710
4.856479837151816
711
4.265333210334641
712
3.761872590206934
713
5.9874958306706665
714
4.1599398102231815
715
7.280213703279078
716
6.248063410248922
717
4.6846054440568885
718
5.273993080004663
719
4.533982708475889
720
5.61635614756452
721
3.369404342110197
722
5.692335594415513
723
7.50454516140992
724
4.166401214129918
725
6.2194350321408916
726
5.37095162545231
727
5.759709779958124
728
4.509329715543643
729
2.4254062508748686
730
6.5538380071436055
731
3.6234593150553023
732
6.802100046865305
733
6.12820531544022
734
7.451122514152668
735
4.648797663235118
736
6.037127494073134
737
6.686705937729822
738
3.9217038707318035
739
7.186305508122959
740
4.836441652570751
741
8.37484262411526
742
5.870760562858533
743
4.588001734167288
744
4.940822453251217
745
6.413232788367079
746
5.47672556662495
747
7.576243788644048
748
6.613552361543732
749
5.874866348320278
750
6.185343265588825
751
4.571452636504715
752
6.835947118225374
753
5.306866640639098
754
6.926121371071395
755
3.4726437704163624
756
5.340039680120032
757
5.700979580985395
758
5.7445956712119575
759
6.343170826594395
760
2.728468466732537
761
6.7241965366381615
762
5.534267624603048
763
7.329843280610596
764
7.004707022406032
765
5.50355966255449
766
2.886541687430429
767
5.239184207727035
768
5.954855853646128
769
5.324246231361885
770
5.734937305849766
771
5.669735033560809
772
6.43799298938038
773
7.008362815832557
774
7.002912445107814
775
5.027214607238789
776
5.660738574087013
777
5.167581763671918
778
5.751019033743477
779
4.334996290583347
780
6.376311667491879
781
5.217651386323679
782
6.720091598550059
783
4.86723445174668
784
4.717000374034911
785
6.938493526241114
786
6.937330818924539
787
3.887813119960716
788
5.037665612357228
789
6.1018307986092095
790
6.056435148774779
791
4.568416324232344
792
5.657828927466568
793
5.711872910199005
794
6.173381820345103
795
5.779539844810384
796
5.686622018716112
797
7.053446678779851
798
5.319502925505599
799
5.378904822918057
800
7.707822329296739
801
3.5628578990484723
802
5.667876304886492
803
3.178372012151873
804
6.459440660573105
805
3.4700041556826355
806
5.83250239871907
807
6.824423901356028
808
4.865974570786016
809
6.589098908239419
810
6.460057354070608
811
5.38218876971018
812
5.720250060503587
813
2.7467727853165895
814
4.005658020990622
815
6.091890984135252
816
5.556604852041733
817
3.512436101561866
818
5.313275940165974
819
8.533138195498672
820
6.28927064184054
821
2.8555977756564173
822
7.085432800632438
823
6.155481118345655
824
6.0362057969853975
825
3.7496299768083157
826
6.542516479542576
827
4.691910430066408
828
3.6260738190496564
829
6.472968093663623
830
4.723240005378218
831
3.594631899726165
832
7.9260244412397665
833
7.363102467671904
834
7.024705180990923
835
5.426100314643022
836
5.359546608121557
837
7.3723116786125855
838
4.4570251452985294
839
4.93350507570398
840
6.857099344948083
841
3.796357137145036
842
3.4808615918543993
843
3.168593934620152
844
4.51251280883267
845
6.475001398426896
846
5.899529617585043
847
4.662502817683313
848
6.392643592200638
849
5.11994669209925
850
6.141952687399349
851
6.261611190581794
852
5.9438509596508196
853
7.096141674794562
854
3.5804069852962868
855
3.985761772305054
856
5.632295781255838
857
5.806507197653879
858
7.026941479237146
859
5.1826477861181885
860
4.709699938454989
861
5.197901666243094
862
5.286186860952194
863
6.7732755480316715
864
4.728292029573189
865
5.118291388875427
866
5.681464924908537
867
4.316962845373235
868
3.6000570558036316
869
6.330554207282316
870
4.786970389960807
871
4.179659047562317
872
7.693705671154481
873
6.9019090094098
874
7.485605644300744
875
7.71730133607234
876
4.7478060547833385
877
4.968772741558266
878
5.54403403431561
879
5.941207653553477
880
5.151780459101745
881
5.551432075386883
882
4.678989263542293
883
5.465038318568763
884
7.288909089099376
885
5.637117684254051
886
6.297718111450099
887
7.105096037451661
888
7.056312526426193
889
7.838813426783026
890
4.3722823627500915
891
7.129284298129844
892
5.174226600066201
893
6.132448298811952
894
3.8805323414881463
895
7.054989053728233
896
5.265436922224613
897
6.940938368759721
898
5.349646335471088
899
4.951715073429136
900
5.501164553678461
901
5.108972922177361
902
6.648046509857182
903
4.957757735076275
904
6.66254192128502
905
6.8662070471701675
906
5.959196992866867
907
6.928198681026876
908
5.892246375334424
909
6.096005757683266
910
5.613957907593391
911
6.65217528608761
912
4.38498642979479
913
6.257366213806622
914
5.207668267168983
915
6.065192488022109
916
3.664238244684618
917
3.9939785424967447
918
6.306435147021973
919
4.819035332334576
920
5.62139655615167
921
4.635617507490576
922
5.433101363023257
923
4.14347053182552
924
6.268755202038651
925
4.642943031808054
926
5.169265395942913
927
4.427611858520765
928
4.901774036716164
929
9.077875904437311
930
5.419382907561824
931
5.821312960201949
932
5.275336619669494
933
5.755247780148123
934
5.351702106548118
935
8.737435203655075
936
6.526949611175955
937
6.255124785228045
938
5.731057760229266
939
3.447365510367322
940
7.268984889256584
941
7.311450937658443
942
4.272995216389862
943
4.403207307090561
944
6.083647536597343
945
6.76878346280909
946
7.411194357042644
947
6.826580263721447
948
5.824824380925197
949
6.11043015203552
950
5.46774478969164
951
5.144778102946197
952
6.745242270543066
953
4.836499718900694
954
4.522601029201111
955
8.945378135908225
956
5.607844230700252
957
5.563178661571924
958
4.488411565706024
959
7.508456896720648
960
4.757920948993898
961
5.008679686155658
962
2.9214144594681795
963
5.9520144592946025
964
3.393194553297855
965
3.876715646710835
966
5.730067488366918
967
2.768086971660032
968
6.377195543187091
969
6.975559340354232
970
4.734388100289808
971
7.007409225138857
972
5.145199510080817
973
5.053508304089672
974
4.6294120807157215
975
7.157206588664015
976
5.336687268674344
977
5.475717675884742
978
7.5809659634583495
979
4.9473437296487415
980
4.691314831138969
981
7.054024178416958
982
5.818058462186458
983
6.597614011021775
984
6.7658749765296315
985
6.1937694631318365
986
6.258820500127892
987
9.783994539643489
988
6.938655495192373
989
5.6404098359908
990
5.341513738822357
991
3.4577619594481037
992
5.622941657073505
993
4.806196047103887
994
6.443825799704733
995
5.018595831282983
996
4.656035856261957
997
6.61118954865
998
5.448121570597095
999
7.023652495179925
1000
5.619495317025366
1001
5.2862040928766705
1002
6.251685304786498
1003
3.3716819478996776
1004
4.617898010509545
1005
5.139814968373053
1006
6.697079505707116
1007
6.0109486440827355
1008
7.638182027275989
1009
5.177290599006489
1010
3.088073106478532
1011
6.81534035320846
1012
5.737202919174913
1013
6.988915611570868
1014
6.336934912775891
1015
5.601524698289827
1016
4.195711130406546
1017
6.6986735388887695
1018
5.529039697123399
1019
6.450736583595807
1020
4.77305016113551
1021
5.4910045608992215
1022
5.827181117314353
1023
6.619832419375771
1024
4.831174819140182
1025
5.294696480693265
1026
5.404421216797095
1027
4.698364257398992
1028
6.144425447601202
1029
3.8224399523558725
1030
6.050591130935337
1031
6.988789984398757
1032
6.153253643721871
1033
4.550671190345583
1034
4.9696835219457505
1035
3.3967096669392105
1036
4.288850499880736
1037
6.613364834910009
1038
4.15844030525369
1039
6.29373088721216
1040
5.763563660146251
1041
6.198489734113561
1042
5.126117494409704
1043
5.017307494399911
1044
4.974218109984303
1045
4.182376029047029
1046
5.744347887652597
1047
5.399649178708559
1048
4.843980919282483
1049
6.453749433001814
1050
3.023488413355193
1051
3.0372980121634794
1052
4.634783341061641
1053
5.002123463231942
1054
6.183408289638764
1055
6.83099696675962
1056
4.3826060633026485
1057
5.776998802951884
1058
2.9937031626553066
1059
6.4344849077154995
1060
6.335818321035495
1061
5.022520078290093
1062
6.950713998894847
1063
5.479119534674535
1064
6.445526708760074
1065
5.865608903093085
1066
5.165971576463879
1067
6.075912402932512
1068
5.900029684346448
1069
5.295618132101768
1070
6.160937453549798
1071
4.625565872608368
1072
5.250566116157962
1073
8.775060579422098
1074
7.422063890693003
1075
5.132092581343003
1076
5.31434516639113
1077
5.062672301826336
1078
6.091693061576479
1079
2.9996764165881844
1080
7.530475357215544
1081
6.6429637608245695
1082
7.008104696001753
1083
5.879359073565405
1084
5.514272846425204
1085
7.293415330825063
1086
5.5301465622679045
1087
5.904777591697514
1088
7.23417116515365
1089
5.0602810609255275
1090
5.612023776538891
1091
4.969011532944008
1092
5.097877372025594
1093
3.6904291463301084
1094
5.670450719570751
1095
5.10779690544805
1096
5.950219534746572
1097
3.332825980476575
1098
6.085988708138614
1099
4.942058926233681
1100
5.0507170595327056
1101
4.913938937199084
1102
5.779984878169313
1103
7.265549850509176
1104
2.7653539995013063
1105
6.013216382468023
1106
3.774449317430383
1107
5.168894832858523
1108
8.513901173958567
1109
6.937816495092316
1110
6.1077319943023305
1111
7.61466300620953
1112
5.9364554969400904
1113
6.570210836606633
1114
4.86147673007922
1115
4.864844091745818
1116
2.8032948946774887
1117
6.050987831443211
1118
5.742611136282194
1119
3.599381218438498
1120
5.98539435260744
1121
4.833177303383306
1122
4.907149822423092
1123
5.381577785658425
1124
4.206963717404132
1125
5.502740607706282
1126
7.466256951227704
1127
5.89634737748038
1128
6.245362783149738
1129
7.215803005669206
1130
5.198317146467327
1131
4.792774896940896
1132
6.331288799965147
1133
6.866363913374032
1134
6.548645537317617
1135
5.9667823393169375
1136
4.835935203172422
1137
4.567302597792824
1138
6.9370161941954
1139
4.892323628339197
1140
5.643230285004511
1141
6.32453691859998
1142
3.351434433012077
1143
6.322121527820303
1144
4.510799364219818
1145
3.2412373852860195
1146
3.5922110908354234
1147
6.991531189356002
1148
4.3347247519839565
1149
5.971801813045993
1150
6.512154847378683
1151
5.6753780950656
1152
5.5128310560481415
1153
3.5491480214615048
1154
5.730922982312753
1155
4.8042620165578525
1156
5.295817846820858
1157
5.0393550377196465
1158
7.191472736295429
1159
5.246909696778758
1160
4.889545049911131
1161
5.423705147213626
1162
4.933135079273724
1163
7.721404247760904
1164
6.328633871410715
1165
5.712120361056039
1166
6.403331816562074
1167
4.678995069864652
1168
4.090535087120621
1169
4.825379847241293
1170
5.95499665119437
1171
5.726380274270824
1172
6.01654614740947
1173
5.227571082152973
1174
5.566431826944008
1175
6.359342689387857
1176
3.0173829833778734
1177
5.4706893091587085
1178
6.265199515270869
1179
5.551980197574858
1180
5.270115313632001
1181
5.047127101111487
1182
5.241222636995325
1183
5.3068288038603955
1184
5.828533905414174
1185
5.5712217173181875
1186
4.583612618177658
1187
7.270232134908483
1188
3.9331980216252425
1189
6.623636694795898
1190
5.874604734633107
1191
5.077716465146043
1192
7.221392538331121
1193
5.859580353116976
1194
6.310195829893645
1195
6.980633026867541
1196
5.184349886689172
1197
4.860025972562678
1198
4.775726499847229
1199
4.530558121897201
1200
6.925661180436063
1201
4.641594935075563
1202
3.561468431763041
1203
6.431222588334041
1204
2.90617395926441
1205
5.251358554401436
1206
9.3797431416343
1207
5.6471122866729
1208
3.6698631921568476
1209
6.194698486439041
1210
4.362273034429531
1211
5.770714923049112
1212
6.071112402063651
1213
5.655359508629863
1214
5.520943039452529
1215
6.0588650297751885
1216
5.386497694480205
1217
6.964584591530238
1218
6.87195295232251
1219
5.4928289934570556
1220
6.7277566262616295
1221
5.672711720194789
1222
5.696964512119364
1223
5.309086912130023
1224
5.955733616295575
1225
6.0499545754514426
1226
4.174004041891657
1227
5.79410926251324
1228
6.4945273959763865
1229
4.427290924694795
1230
4.288601717874464
1231
6.140126047846481
1232
2.443446644494151
1233
5.439748364353384
1234
4.364051251543225
1235
5.42513425573525
1236
4.9958228960408215
1237
6.116141141555382
1238
5.403608895997768
1239
4.923919805501172
1240
4.575627282363875
1241
6.619143116414554
1242
4.058576236303718
1243
6.927631844309593
1244
5.009066667135244
1245
5.72739889068005
1246
6.050262388511054
1247
5.456371435480359
1248
7.703448153887205
1249
6.742152091545656
1250
4.230497149889044
1251
5.683822523990635
1252
5.395859354981895
1253
7.776078385234414
1254
3.6150899649924453
1255
4.857352206540182
1256
6.5601603743372525
1257
6.102571167932028
1258
6.7929006708212265
1259
4.420445134710475
1260
5.208348065010203
1261
2.7610018022253584
1262
6.912477725942646
1263
5.784147055871801
1264
5.3017350624664665
1265
4.583425729953807
1266
7.0015087473787965
1267
9.104145337361034
1268
6.049092223875477
1269
6.132045273966456
1270
7.488095257201271
1271
5.28062028912699
1272
4.87549884621085
1273
3.0684116795907936
1274
4.668967926734204
1275
6.436657752609704
1276
5.353289718523266
1277
5.287740415175897
1278
5.903847178655692
1279
4.216748981956755
1280
5.50326427833101
1281
4.861324855512401
1282
5.067859114388667
1283
6.446545400215605
1284
5.049167611710047
1285
5.634572120655903
1286
5.666003291046947
1287
4.709147049835916
1288
4.752825185824089
1289
6.153661812713766
1290
6.148524946857333
1291
3.7769752896652578
1292
6.311414924685666
1293
7.4968555156697665
1294
5.543442242844178
1295
5.439161232142978
1296
6.602332761624931
1297
4.920985841484
1298
6.281708233625403
1299
6.15287865593863
1300
7.222951776380155
1301
4.900690686273662
1302
5.331928144741961
1303
3.9327550302538192
1304
4.694719544168787
1305
6.350719678092032
1306
3.916618782929546
1307
6.078377550920228
1308
5.700132804787033
1309
5.081117739642405
1310
5.186009142655028
1311
6.1282316262541485
1312
5.619191173855901
1313
4.710147171092699
1314
6.349114765614994
1315
7.435496851195075
1316
5.016828750528509
1317
5.6457285139245545
1318
4.733871833239171
1319
4.355295162448897
1320
5.795361515135329
1321
6.7570613900090715
1322
4.967473573219035
1323
5.444370655426325
1324
6.401152428115763
1325
5.367375050815292
1326
5.81890423380032
1327
6.09410532769258
1328
5.768383699981578
1329
5.206470667502991
1330
6.570405418720935
1331
5.317294202837354
1332
4.139527529823012
1333
6.6411455234143
1334
5.681958741146794
1335
5.5036176241124775
1336
7.753008563392488
1337
8.189763015268335
1338
4.8829360058321
1339
7.866876314747639
1340
5.760228581604796
1341
5.679715830741464
1342
5.735973902405809
1343
6.18635497864342
1344
6.487036635312157
1345
6.763949271365405
1346
5.547589075035524
1347
4.68306546659581
1348
6.830795448731279
1349
5.871926637759946
1350
5.967077027344768
1351
4.7905590070984205
1352
4.789629699304132
1353
5.277766950730058
1354
7.545515387286738
1355
4.098130087002102
1356
5.077310891819365
1357
5.020027491925851
1358
8.385169818635731
1359
6.049977062241034
1360
5.843459860418111
1361
6.111649868910598
1362
4.997332732370393
1363
5.196550222869422
1364
5.332211264937264
1365
4.501085028676221
1366
5.538454097497334
1367
6.268696388791628
1368
4.400751039490385
1369
4.717266025128205
1370
4.816352230845835
1371
7.178714058787956
1372
5.536969815558817
1373
4.589207369638135
1374
5.814471972324748
1375
5.410259248664648
1376
5.2209565627906285
1377
5.048986489201949
1378
5.4633561497815375
1379
8.404038480365038
1380
4.63064240395317
1381
5.510736027807656
1382
8.564018841354933
1383
5.064345232795879
1384
6.974642619861505
1385
3.1055814035590052
1386
6.360749271012161
1387
4.324241273293302
1388
4.7186819572695615
1389
6.653791039921725
1390
5.362328844025369
1391
6.262840635566243
1392
5.749731441079747
1393
5.155381496271536
1394
4.106677636365562
1395
6.1096767211013345
1396
6.266748453744554
1397
3.9249450840235274
1398
4.317768559869227
1399
6.97613728008214
1400
7.277926266780953
1401
6.649136244702093
1402
6.12464704778636
1403
4.75380894771308
1404
2.8811473773935883
1405
7.482139234045758
1406
6.496498397595617
1407
4.87215602639736
1408
5.330277323275986
1409
5.9721703871823335
1410
6.638292774507026
1411
5.454729382481116
1412
5.722835173455064
1413
5.386863529193349
1414
6.008986415118643
1415
3.2280080400263222
1416
6.243994822911824
1417
4.874022401843352
1418
5.255680677829985
1419
3.9787921184571386
1420
5.036889891134878
1421
4.965746754004463
1422
3.186018531382936
1423
5.310746599070628
1424
5.256338364882794
1425
4.602177217272159
1426
5.058864436201056
1427
5.312288502385099
1428
6.223082333556729
1429
7.177905668210371
1430
6.19965266963618
1431
5.5123106842638245
1432
4.856005647125743
1433
6.220572025016742
1434
6.856738611477266
1435
6.916952574995479
1436
5.807556495532087
1437
6.208498275329888
1438
4.854778188395299
1439
4.4805384141244655
1440
4.933333594811344
1441
6.337258697011717
1442
3.5601515488832614
1443
4.745405133160381
1444
5.206161686353338
1445
6.123887245497992
1446
6.364086012468464
1447
4.604139132962929
1448
4.562829549926888
1449
5.957484713190727
1450
6.761443345480333
1451
6.184589463612065
1452
4.2353999320139435
1453
3.634500533237992
1454
5.292387156238638
1455
4.71844688211627
1456
6.2229408427683035
1457
4.315574405887058
1458
7.331236531595979
1459
5.025570847581089
1460
5.536425568654424
1461
2.432833472248654
1462
7.051582607192114
1463
4.031742113322303
1464
6.204102275487118
1465
4.361718380934557
1466
6.862868683328264
1467
5.654980635165727
1468
6.165513396501278
1469
4.45078660603885
1470
6.377636278267313
1471
5.731390686995002
1472
6.829869225655085
1473
4.511618741248316
1474
5.61841383894404
1475
5.810135084296927
1476
6.060833732977611
1477
5.525989019815727
1478
5.7545898051106175
1479
5.2617174455476174
1480
5.196339508889473
1481
6.259400740992152
1482
5.413919981821451
1483
6.9803310106076415
1484
7.985072717311172
1485
5.150322069607677
1486
4.289092013560576
1487
4.612325831348636
1488
7.169575073086733
1489
4.57887439076734
1490
6.09461500718201
1491
8.526346897865574
1492
6.590545149703323
1493
5.9894417456105025
1494
4.88177136963035
1495
4.628724764805023
1496
7.000375311635437
1497
4.707156918709212
1498
5.423626374922644
1499
5.238741752489229
1500
4.959090885203991
1501
5.70939030739909
1502
5.504461667105277
1503
5.246278527639175
1504
4.771914093507259
1505
6.021293609637815
1506
6.436572962988763
1507
5.358891260583418
1508
7.467546823001715
1509
6.249134610983855
1510
5.873386338934678
1511
4.908020765345727
1512
3.6843505018104836
1513
7.866494346711031
1514
6.496422394135774
1515
5.982561263497598
1516
5.574482742112686
1517
6.903563356704371
1518
6.853295162714399
1519
5.855508143403427
1520
6.0104390556890905
1521
6.897050062240164
1522
4.615210943866806
1523
6.9559248349548675
1524
5.527112343420127
1525
5.746040518852204
1526
6.416424088855544
1527
6.103645629453169
1528
6.535740968807431
1529
2.9036890825310233
1530
8.843089191005069
1531
5.625762119353132
1532
7.143155589237367
1533
5.933248178616891
1534
5.182398828805816
1535
6.646340963224423
1536
3.4898592727000115
1537
5.423928422641968
1538
4.280985235357467
1539
4.608933002360161
1540
6.939529452743166
1541
9.506374645950622
1542
4.266333194573588
1543
5.6007596342574075
1544
5.979903626360833
1545
3.5096712808909794
1546
6.488494076181161
1547
5.993184682696394
1548
5.403950398192647
1549
6.696531048914331
1550
5.069396751620969
1551
6.567805733514065
1552
7.421602872269615
1553
4.645657645897804
1554
4.451577175463813
1555
6.445277268602605
1556
4.402595213788759
1557
6.733283623868778
1558
5.610970363631849
1559
6.692049532142429
1560
7.523964841625876
1561
7.0188253435182615
1562
6.455203807254505
1563
6.7422150305638535
1564
5.303362243327912
1565
5.241798786218959
1566
6.710874067804858
1567
4.688831037756473
1568
5.0649051967575165
1569
5.785992180891903
1570
3.4571749303999084
1571
6.919209408967972
1572
5.085886684204872
1573
5.840572553077575
1574
6.263531051768565
1575
5.9921356368289755
1576
6.850014052226084
1577
5.009068818032739
1578
3.556710489131452
1579
6.556332424367543
1580
5.716777944778125
1581
5.613865005010022
1582
4.856977037820513
1583
4.863539146191671
1584
7.716575287519356
1585
5.093176148792725
1586
6.710446867194655
1587
4.482941754942253
1588
5.962821366668274
1589
6.733827012031714
1590
5.803240551092631
1591
6.280945867415825
1592
6.261143863569603
1593
5.567511419010355
1594
4.189278638791843
1595
6.289109498090803
1596
7.47475765148123
1597
4.986342038439934
1598
4.791548023374888
1599
4.838928024201955
1600
7.397207813833422
1601
5.7169609437055255
1602
6.225631550085113
1603
4.440939574939111
1604
5.888802234464146
1605
6.584306374675387
1606
5.889721185224582
1607
5.325538332719158
1608
4.370805166852017
1609
7.270888470290324
1610
5.423060382897701
1611
6.557888471971182
1612
8.856109529098129
1613
5.143576269039668
1614
5.1613888708002635
1615
6.476439042045277
1616
7.463421911044734
1617
9.119311995504736
1618
6.640344407343222
1619
5.5849141706520005
1620
5.068175567340375
1621
4.798315944776022
1622
6.434366038404315
1623
4.409733199968996
1624
6.356790332407437
1625
6.136874808661529
1626
6.656896740771288
1627
4.107168707930532
1628
7.225952739684952
1629
5.927574374662065
1630
4.696595636459862
1631
5.161338007387973
1632
5.2816380028402214
1633
3.7147647577373655
1634
6.00554974551099
1635
5.018124277444077
1636
4.711113796435543
1637
6.3020824847237265
1638
5.125348439624823
1639
5.896790768955294
1640
6.342870632513589
1641
4.2562265624386235
1642
5.326243444739802
1643
6.793460336509736
1644
4.809435200718904
1645
8.157057611749504
1646
5.869525463702935
1647
5.641964651126741
1648
5.500389306370988
1649
5.013546831694065
1650
4.9758345675634414
1651
6.509648185692121
1652
4.161562063761843
1653
6.357572946312921
1654
3.5017980024642386
1655
6.145329772485203
1656
3.94831748073337
1657
6.065764459990807
1658
5.421721832777509
1659
7.024058037496917
1660
6.127039551820675
1661
4.349833250865677
1662
5.995864786508821
1663
7.366533893486662
1664
7.1257102748582835
1665
6.448390681757643
1666
6.0886869713163705
1667
7.340010791633634
1668
5.868077361292145
1669
5.205503594607265
1670
6.77942320525324
1671
5.6517126148499575
1672
5.456309947481351
1673
5.710844334033503
1674
6.437236968446739
1675
3.4756080563332428
1676
5.443689082976198
1677
7.641498957213127
1678
5.4376028914171215
1679
7.074075781859159
1680
7.701504744790384
1681
5.22064063513493
1682
7.58220706068144
1683
7.360435658761023
1684
6.65624237247765
1685
3.7448229008356755
1686
6.129872579173688
1687
5.913932251619994
1688
4.779891814835529
1689
5.809185875620266
1690
4.406292032401429
1691
5.119516917760705
1692
4.611513763707938
1693
7.186939741752461
1694
8.080250663552444
1695
4.6763228160742365
1696
3.9154448239171007
1697
8.02659875674234
1698
4.604290421119009
1699
5.700480912425885
1700
4.53572618083707
1701
5.074724362034298
1702
6.54938124298927
1703
5.261414210590725
1704
5.2715978230829545
1705
7.9266587228032686
1706
7.0508612054754485
1707
5.870856780744447
1708
6.203725022914052
1709
5.228088366521143
1710
5.43537190359664
1711
5.806041611771501
1712
7.205798582119141
1713
6.46824221797555
1714
3.17427904281221
1715
6.512019780070626
1716
3.120619146951903
1717
5.7154070194182784
1718
7.3641833785094155
1719
5.917970017544606
1720
7.350398691756899
1721
5.128718721553106
1722
7.036560426794126
1723
6.455656187816747
1724
6.030164604565509
1725
5.178600888506426
1726
4.549235740668293
1727
4.019462600830397
1728
5.87355846178043
1729
3.352823272154993
1730
6.71741548461951
1731
6.075806138108726
1732
4.854535441404792
1733
5.715510829116282
1734
3.3653081225840316
1735
5.134410841965622
1736
4.536082216678387
1737
6.517497506989309
1738
6.3682778484993054
1739
6.814862662420375
1740
4.609668122339252
1741
5.33796885460061
1742
5.978593165435544
1743
5.462433971174544
1744
6.240096031747034
1745
5.941086950411433
1746
7.134591130401943
1747
5.757967180679652
1748
3.4050087602475005
1749
6.36782856289436
1750
6.095669611301115
1751
5.4755752692815145
1752
5.343244702758885
1753
6.4228515559066
1754
6.291893762693554
1755
5.538221210336858
1756
5.503859194766333
1757
8.172695942772792
1758
5.9472775698816704
1759
4.43322740347503
1760
3.9844601219082216
1761
6.421377468187625
1762
6.896808273253342
1763
7.085915835666954
1764
6.108956328398613
1765
6.497550781300954
1766
5.919783006504783
1767
5.551973566984258
1768
4.937776258898309
1769
5.28580337991307
1770
7.188939349778637
1771
2.9856105000370765
1772
6.216747430732448
1773
4.685783806091307
1774
4.000139289113688
1775
3.7645415922922156
1776
4.884068637383126
1777
4.640386789195996
1778
5.964764832118599
1779
5.497778669487172
1780
5.328567828775803
1781
4.720462700035706
1782
5.397305335590715
1783
6.1834751447540635
1784
6.2972296580046345
1785
3.788243174823468
1786
5.972469561661702
1787
5.184584845765004
1788
7.427981379130901
1789
5.406424214283443
1790
5.2927396451905135
1791
3.775607850439801
1792
6.487910065234886
1793
4.850774796184477
1794
4.605603636367876
1795
5.394899159117791
1796
5.106661010184412
1797
6.354346913890315
1798
6.43573981905636
1799
6.235955497672935
1800
5.484053352265885
1801
5.206166462805991
1802
5.9196496450508045
1803
3.4483824357819075
1804
6.1221353879144695
1805
6.978717452896806
1806
8.858343994836979
1807
5.17543796311907
1808
6.246206851942081
1809
5.645994751517501
1810
5.297765770869919
1811
6.143397367933963
1812
5.89682695714826
1813
6.781485066694287
1814
6.620143523961077
1815
7.1584746519171345
1816
5.262597709644174
1817
7.100167273860429
1818
7.605129979390081
1819
4.609872597330322
1820
6.153835231788297
1821
7.512710805533872
1822
2.4647846012906385
1823
3.490146075716377
1824
6.301688733970797
1825
4.576251244804377
1826
6.276744678541588
1827
4.3007705182331675
1828
6.787335158632795
1829
4.871443502587942
1830
5.362702069286176
1831
4.273248901739227
1832
5.417098563382002
1833
5.808936033758554
1834
3.2349238988531006
1835
6.62222547563406
1836
4.188739298082943
1837
5.16769054372224
1838
4.819655189895625
1839
6.57286517801918
1840
6.803258737027792
1841
7.107168731504882
1842
6.204953468979586
1843
6.690849951413911
1844
5.942781625722158
1845
6.128184567625024
1846
4.608793779984929
1847
4.353128867456706
1848
4.871115830781362
1849
5.870464803646666
1850
5.659643827883338
1851
5.064878673638066
1852
6.170935640453535
1853
5.51366013208869
1854
5.705833802788583
1855
4.902195368193337
1856
6.393505540287579
1857
4.770357531052183
1858
4.389695027237147
1859
6.969204075377172
1860
4.318406848466544
1861
5.7844595356479225
1862
4.7872934401916805
1863
5.012195264649697
1864
4.567667169956048
1865
5.946623909624383
1866
3.482345154753128
1867
5.79421425726122
1868
6.574867107573584
1869
5.097552448889529
1870
5.008514875571198
1871
7.1323562155297076
1872
2.979861792395312
1873
5.745245955205378
1874
6.395974871656416
1875
4.835313711501179
1876
5.3412517705575535
1877
5.355813409876624
1878
4.85444930243652
1879
5.609862756481033
1880
5.948358131090171
1881
5.344557698162133
1882
6.234005356963006
1883
4.791585733959006
1884
6.132504203378998
1885
6.701082600609012
1886
3.1510553045898457
1887
6.826261293785459
1888
4.991762237502643
1889
5.991697560166311
1890
6.932467669402545
1891
2.562869326588545
1892
3.9245522281613123
1893
2.46679454026321
1894
4.907089282005501
1895
6.7121161276221795
1896
2.5654432972508623
1897
6.71223843641768
1898
4.884401170837953
1899
7.585584667065091
1900
5.245294804469393
1901
4.958579816846195
1902
6.3421451817517775
1903
5.051862962905715
1904
4.488822149847765
1905
4.886356869326108
1906
5.967119524287525
1907
3.6855413145013847
1908
4.64149741560893
1909
5.842445193954708
1910
4.913300262670031
1911
6.38593397728492
1912
5.864496059420271
1913
6.023843415676772
1914
3.8932428634487564
1915
3.428308720396685
1916
4.754345457842573
1917
4.444686238923484
1918
5.822367038848356
1919
6.216867974510353
1920
6.944626477784444
1921
5.101366856031347
1922
6.487279151784869
1923
6.786824590954126
1924
3.475641991876151
1925
6.315033710883965
1926
4.9782020734277665
1927
5.864958874071771
1928
4.846257798020064
1929
5.044538500487662
1930
3.712477711485778
1931
5.8020968808338385
1932
6.904982574366947
1933
4.5515569483568346
1934
7.120382503978619
1935
5.6579873141554495
1936
4.989646857465728
1937
5.319907078337485
1938
6.10878861172758
1939
7.067328745033712
1940
5.651317272500026
1941
8.50087478084858
1942
6.376900278326044
1943
6.118413200201422
1944
7.022609091490179
1945
4.987065756118908
1946
6.458343485012873
1947
4.230459041919677
1948
5.166910734015343
1949
4.72603250830759
1950
8.271453482885091
1951
7.3442225058013
1952
5.277492496427209
1953
6.37359679716846
1954
6.382189214485895
1955
6.790533499296626
1956
3.8976500944501242
1957
8.535006054335266
1958
5.983330468053018
1959
5.434389859922867
1960
5.54399816388193
1961
5.007540719225728
1962
5.637585816674068
1963
5.533057789350978
1964
6.752473725669197
1965
6.177251162524947
1966
4.6338111759760565
1967
7.273993473969314
1968
6.383820242061749
1969
7.645872642501455
1970
3.623875161121747
1971
5.459712008267911
1972
4.205154623343359
1973
5.225847539132139
1974
3.9966073726263316
1975
2.4402570928299054
1976
7.4072922449015195
1977
3.6833977057719975
1978
3.0838539092389055
1979
3.4732606313866126
1980
4.925145562047675
1981
7.199043001596993
1982
4.5527123095177044
1983
4.678514972683757
1984
4.299449139006842
1985
5.638582872791084
1986
4.300856181462834
1987
6.322412874758171
1988
6.176213821202225
1989
6.172022389361562
1990
6.328311339419428
1991
5.608526689246682
1992
3.306270713943558
1993
7.342068939864357
1994
5.317273953877876
1995
3.1441341937397866
1996
4.399745191315508
1997
6.183770348904205
1998
6.05722514469028
1999
4.588145694119431
2000
5.529268713896893
2001
6.586144857273906
2002
4.0893838212656775
2003
6.52299599779749
2004
5.798925294749616
2005
6.310005841378525
2006
5.46801752712604
2007
2.4915817760664813
2008
6.4880167825363495
2009
5.826347868121936
2010
7.6658033526218645
2011
5.466502637268448
2012
6.627039982301833
2013
6.781432435522083
2014
5.044470047777961
2015
10.09551044391301
2016
5.110669705293819
2017
4.425158215786687
2018
5.301608272183745
2019
3.135462066664383
2020
6.389880186590441
2021
5.96444832127508
2022
5.329206126803054
2023
6.278934861218258
2024
4.6267565036007605
2025
6.630067275915455
2026
3.0520891238073675
2027
5.396382522732094
2028
6.566847791862826
2029
5.298937023395047
2030
3.7334445126200584
2031
4.514787151898298
2032
5.156008929496824
2033
5.963054989549444
2034
5.208864670823336
2035
4.009836520019224
2036
4.753128209193141
2037
5.886609801722787
2038
4.908012711787329
2039
5.855383393653796
2040
6.8144326505314465
2041
6.404372237502983
2042
5.534121364242013
2043
3.4167876179800847
2044
4.932524336665303
2045
4.914865241067349
2046
5.743746579655599
2047
5.298234215044624
2048
4.950644330458653
2049
4.273614349338213
2050
4.539411448613757
2051
4.3750301458817376
2052
5.630416563196807
2053
8.346689623705396
2054
7.301693665302009
2055
5.641436648851468
2056
6.486244446668148
2057
6.852934159741528
2058
4.591283869025313
2059
6.864208085667453
2060
6.658181682625264
2061
6.170932795010524
2062
6.728899430703578
2063
6.456876023871209
2064
3.7971032940607166
2065
6.065609841477013
2066
5.014496346202746
2067
5.979258619432106
2068
4.261478172044917
2069
4.603193281900546
2070
6.423763193222808
2071
4.029606579254562
2072
5.430573260163403
2073
6.764003085065794
2074
6.875124338549347
2075
4.48199603121043
2076
5.957392680721477
2077
3.639711273118377
2078
4.98748979895306
2079
7.759968079120092
2080
4.600338405606868
2081
6.610391243817237
2082
4.999664700834107
2083
5.35708740443262
2084
6.352114224101741
2085
4.993188602963053
2086
4.751516322974357
2087
5.03880930794795
2088
2.6137324315220605
2089
5.721847326491276
2090
4.674510369287281
2091
4.0604777546316475
2092
4.022430272234665
2093
5.830937965116509
2094
6.020837119745492
2095
7.599418928262013
2096
5.773951001283338
2097
5.072044458536151
2098
3.96425856627796
2099
4.345827145483496
2100
5.460297667007699
2101
6.450224598138019
2102
4.801679586049515
2103
6.183760619031755
2104
5.097042258155712
2105
5.377204891914748
2106
5.348914636337571
2107
5.437325331412526
2108
5.904877628744884
2109
5.671667835174525
2110
5.1586914968503885
2111
2.9848747007920555
2112
5.627169646223547
2113
5.644004031704751
2114
4.694203507884881
2115
6.1867568239027175
2116
5.5880670891126965
2117
6.011864677918571
2118
6.258030881325409
2119
5.82819108421611
2120
6.795641648266819
2121
7.384629076888207
2122
5.146465280685721
2123
6.530969107812264
2124
4.669718554874202
2125
4.461485563151303
2126
6.980123767193657
2127
5.548483593781257
2128
7.318590224411566
2129
6.316343689676938
2130
7.445393745958072
2131
5.155295260091619
2132
5.452114766746283
2133
6.656190173677345
2134
5.242146256666975
2135
5.0162781802560605
2136
7.406476117531401
2137
6.203835594397289
2138
5.293350481389401
2139
5.578438123609492
2140
6.81902454847231
2141
6.053249273158691
2142
6.0949298853586695
2143
6.200058039888338
2144
5.723253102912658
2145
6.606052112443997
2146
6.959609723968771
2147
5.0263473646720565
2148
5.260918747332587
2149
6.763079412011109
2150
4.894431367267898
2151
5.558281326067587
2152
4.9091206260470885
2153
6.617888666159535
2154
5.426071269700144
2155
5.488153976535905
2156
5.939606291436438
2157
7.281089705216045
2158
4.42810682238651
2159
5.7704451053761066
2160
4.905443727325688
2161
4.543562893021458
2162
6.816799470128379
2163
4.933667071785087
2164
5.1398047281246155
2165
5.222794195449799
2166
3.957109383685084
2167
3.9164548379088044
2168
7.444228268756526
2169
4.96732581806677
2170
5.80962542409616
2171
6.216508576593726
2172
5.555473595379195
2173
6.205015393776477
2174
3.1948383895176407
2175
7.031825624071633
2176
6.451748034299554
2177
4.755130011255869
2178
4.782898074046231
2179
5.674011037372714
2180
6.264739424327021
2181
6.731737412221595
2182
4.855706178200335
2183
4.888277814724875
2184
5.038591693409331
2185
5.725643592396662
2186
5.216924551606603
2187
4.187836361665566
2188
4.544595714959162
2189
7.689153243561196
2190
4.505410364873089
2191
5.170625951474585
2192
6.584255650077023
2193
5.626453823984853
2194
6.360121295805635
2195
6.806365003822906
2196
6.749483337790048
2197
5.40065306846912
2198
6.7385065047706325
2199
5.529760840747816
2200
3.308596949747335
2201
2.637282711188544
2202
5.007273972876143
2203
5.305782115583857
2204
6.675522664844599
2205
9.329415069505302
2206
4.361567209582063
2207
7.542636143332914
2208
3.4020944183399777
2209
5.831289613143608
2210
5.789675853941019
2211
5.327289384796145
2212
6.102296069529756
2213
6.389129517855067
2214
5.884245859196714
2215
6.697514971226792
2216
6.167581825959643
2217
6.081410333425542
2218
6.905648626349783
2219
3.667497322337018
2220
5.896501499177201
2221
4.8967518276036515
2222
6.326975657096369
2223
6.649635814256913
2224
4.948529410684358
2225
4.4165382987986455
2226
7.014769040040573
2227
5.016162310767306
2228
6.275499022098747
2229
5.513825714465968
2230
4.802041595844822
2231
5.250172074831068
2232
5.505299266962251
2233
7.29569314260873
2234
4.370521312834511
2235
5.692169994280804
2236
6.698085487101437
2237
4.881699594451045
2238
5.583433605140351
2239
4.645675660728609
2240
7.412956634766451
2241
5.881781827336953
2242
8.071949518313783
2243
4.536548142170682
2244
7.149788329041241
2245
6.207852699568516
2246
6.9522448072465295
2247
5.022006815246622
2248
6.614589540671728
2249
6.607420221718473
2250
3.0639638417814568
2251
6.400097807355446
2252
4.5859669322033945
2253
5.176183959262216
2254
4.9124521037424325
2255
5.419787841924592
2256
5.904224293011128
2257
7.281138522795085
2258
7.01472109678089
2259
6.0267768619885125
2260
5.402033461048236
2261
5.136842040969963
2262
7.749310213772901
2263
2.4206048937947715
2264
6.892331757758447
2265
3.722162358722023
2266
5.444861024248659
2267
2.8578750059907696
2268
6.355243388691472
2269
5.017061798354747
2270
8.072046753593101
2271
3.644963045552309
2272
6.684362855530535
2273
6.847344250773263
2274
4.538390313155822
2275
6.337555914508485
2276
6.2867817007073885
2277
5.25833132160159
2278
4.845274318491762
2279
5.155424274635519
2280
5.531109285547895
2281
6.21840915315505
2282
3.6904334134626122
2283
6.815229162807341
2284
4.475898734591077
2285
5.534240893845242
2286
3.82307530131703
2287
5.778463597016005
2288
5.323875347629196
2289
5.570270204645554
2290
4.19111717021544
2291
5.408811279111311
2292
6.262263801433295
2293
4.148423601550815
2294
7.058452002127864
2295
5.118486798126991
2296
5.659243453874383
2297
3.4047102184273172
2298
5.702750220172259
2299
6.6010353992168325
2300
7.032348408119042
2301
6.695869162924096
2302
5.768682413722652
2303
4.917934247114953
2304
6.23658429581765
2305
3.325360087396592
2306
4.701752926360737
2307
5.410744333815729
2308
4.721126591051149
2309
6.1085916085413
2310
5.096827961354641
2311
5.660503639361992
2312
4.861378744521294
2313
6.290078778578724
2314
4.164154162417056
2315
5.1326620603579425
2316
5.357441530258527
2317
6.349396841786715
2318
5.934955784795057
2319
8.498789394905447
2320
5.803092878963783
2321
6.967847722125518
2322
7.2615425493312005
2323
7.018558194835478
2324
5.525332181910552
2325
5.999838994896351
2326
5.876417859180717
2327
6.436976703436181
2328
5.386985847890008
2329
4.878754498781189
2330
4.880073241393369
2331
4.8779101354120336
2332
4.312883770124928
2333
4.709226996556161
2334
6.607635740947465
2335
3.745670264238398
2336
4.840107066476225
2337
6.758525093729174
2338
6.360905675706889
2339
7.468621749574879
2340
6.763417001508131
2341
7.637007316499464
2342
6.851123503417451
2343
4.49276355656501
2344
8.422089072492696
2345
8.407748493805254
2346
4.354284292954996
2347
5.205707181074751
2348
5.020680783783789
2349
5.753294580217218
2350
4.937193102799644
2351
5.449745816241804
2352
5.515067193768734
2353
4.077285613299985
2354
6.749607894091865
2355
6.462195556234332
2356
8.519069320940158
2357
5.860160213867696
2358
6.087159786016979
2359
4.685027853904924
2360
5.480506612340709
2361
5.6879834531616265
2362
7.5006462168364605
2363
4.22230865741795
2364
4.870210875796833
2365
4.214163459660273
2366
5.131433440914576
2367
4.703883697569231
2368
4.0748968631610385
2369
5.375210272915642
2370
6.8507978834587355
2371
4.262990199859129
2372
4.2291256623907225
2373
6.272682818525384
2374
7.542152717668238
2375
5.04237106765149
2376
7.200575992229685
2377
4.59137463051695
2378
4.3458208120306745
2379
6.981103949831516
2380
6.213629542232661
2381
5.347906962828353
2382
6.3919901330450895
2383
7.773679086683357
2384
6.095026480436958
2385
6.7676726618328455
2386
5.971720242669889
2387
5.766199412491348
2388
3.84600585196217
2389
7.752784705237835
2390
3.9559255067042813
2391
4.950028432260077
2392
6.126423218401791
2393
4.984950514076997
2394
6.668597700598395
2395
5.731780289400343
2396
3.8263727079514
2397
5.644641585395059
2398
6.327427986645107
2399
3.965344948739937
2400
5.971130946037392
2401
5.69671170776022
2402
5.403690089573579
2403
7.024607067563415
2404
5.560204239442125
2405
3.5815608723526595
2406
4.080743453393238
2407
5.7031498511443
2408
4.849863374340691
2409
4.759289213007369
2410
5.711333001600341
2411
6.343462808004594
2412
4.3544175813464046
2413
4.75063640391967
2414
4.046105103742336
2415
4.842047286020942
2416
5.77829879465588
2417
6.803193127023442
2418
6.05706074824082
2419
6.075545639469607
2420
5.699696818411876
2421
6.604884477377313
2422
7.561045001605434
2423
6.838804457322857
2424
3.218789143858027
2425
4.248919686970842
2426
4.396830036675788
2427
4.974520555859318
2428
4.3017562700361545
2429
5.434573884744571
2430
6.035866099033948
2431
4.946997187347164
2432
5.037538694962492
2433
4.501124716720226
2434
5.31713791807161
2435
6.710204151188964
2436
5.011489463766182
2437
4.842510170508322
2438
5.888311769338904
2439
6.5043897032630795
2440
5.321400532831398
2441
5.004952253240764
2442
5.438314556337751
2443
6.730329348280318
2444
8.312644756338592
2445
7.49625594030549
2446
4.820788752959435
2447
5.9766881675574055
2448
6.514789666555928
2449
6.691826771487105
2450
6.538101372611221
2451
5.0615309551823
2452
2.7667066465674806
2453
5.44289544471371
2454
6.462331427161223
2455
6.428407652491958
2456
4.821952056371714
2457
5.531652771151416
2458
5.5238161966367745
2459
6.495797467334863
2460
6.441787213841979
2461
6.476270963852025
2462
6.499050046698826
2463
2.4571081884214006
2464
3.790935409109417
2465
7.364359908203594
2466
6.0925825146639685
2467
5.072299420931525
2468
6.030622197383128
2469
6.0675880007695815
2470
6.988473411643212
2471
6.3836729890133554
2472
7.739798918864848
2473
8.63959904288298
2474
7.152669029607166
2475
4.581812750397499
2476
4.134305552854162
2477
6.714931444190319
2478
5.784424299583262
2479
5.226030359061622
2480
6.20925693725373
2481
6.38266940728991
2482
4.521087068291153
2483
5.304766899696458
2484
5.547477770531582
2485
2.424914566186793
2486
5.720097428966612
2487
5.081916885841511
2488
5.164070404408971
2489
6.822028657142798
2490
5.049041989417013
2491
6.664605229963948
2492
4.559886800475911
2493
5.281790923345294
2494
3.9318025427530956
2495
5.407722132940429
2496
5.11598648098733
2497
6.697228047330432
2498
3.3235748065678967
2499
5.891907481220617
2500
5.534042147509943
2501
6.534356638659175
2502
4.823852522402054
2503
5.6115030008267865
2504
7.8281777396201795
2505
3.9264177685741366
2506
6.898587691054559
2507
4.4424347739774115
2508
4.54628112574107
2509
5.1813136890597224
2510
7.276091960717713
2511
8.867839265387929
2512
5.497144824674338
2513
4.534133036449822
2514
4.893409549391139
2515
4.905135377244572
2516
8.353883654271337
2517
4.093727302180945
2518
4.420300215835351
2519
3.7416667417211174
2520
4.8374546104595435
2521
6.04878137237523
2522
8.273169789486987
2523
4.586237067770139
2524
5.206904291996834
2525
5.226474534175224
2526
5.183795906929904
2527
6.742475729837248
2528
5.407558261840833
2529
3.804238954441853
2530
8.186267913893738
2531
5.808010760206531
2532
5.5354921692246535
2533
7.881207951915908
2534
6.572391567848681
2535
5.361651143064861
2536
6.236187806181639
2537
6.685841664966826
2538
5.673930876329816
2539
6.702150570394598
2540
7.317753767172204
2541
4.848598506205037
2542
4.809209201059261
2543
6.123203563450167
2544
3.991714197055326
2545
5.109793083136581
2546
8.099500815219239
2547
5.681046871369078
2548
5.5408944772019675
2549
6.27890669692325
2550
6.570082321567631
2551
2.7049701065793212
2552
4.449913612842278
2553
4.731826022556565
2554
4.534048718905093
2555
3.461205751326269
2556
4.970437771787806
2557
4.8033143969751775
2558
4.950935999108843
2559
5.28246442519684
2560
7.157250352318961
2561
4.966727017205894
2562
5.546046705766516
2563
6.332779188553182
2564
6.444988977916492
2565
4.576054272351187
2566
5.703016173892595
2567
5.935734103530814
2568
3.3184486626591276
2569
4.695289665476734
2570
4.924355887405124
2571
10.288318486640213
2572
5.093116508878364
2573
7.416365756051953
2574
6.6019201316339515
2575
3.4921143456067005
2576
6.183826763022439
2577
5.307158360342714
2578
7.556950386532995
2579
4.033628518922922
2580
8.24624005046331
2581
4.39340147180407
2582
6.515033076723464
2583
5.21343966058348
2584
5.545208943674252
2585
5.6073269231293335
2586
7.959616743224713
2587
5.889941313362303
2588
7.02928821325083
2589
6.531705563787177
2590
4.198190630229378
2591
4.782606597418406
2592
6.135003907805394
2593
4.692518608756966
2594
4.777544414297916
2595
6.09672422780171
2596
4.948467168467251
2597
5.117092157646744
2598
5.279359900087511
2599
6.597911571649274
2600
5.204062462031076
2601
5.750557301160143
2602
5.647920927296142
2603
5.97839999935133
2604
5.624370063481512
2605
7.125360166425414
2606
3.689564085375738
2607
4.3549737952552725
2608
4.864613949285322
2609
5.730055936232047
2610
5.244447391821805
2611
5.100990470335022
2612
6.338300528612224
2613
7.522705989231408
2614
6.349077087564306
2615
3.822555814413437
2616
6.523832846080745
2617
6.765037610211776
2618
5.478730810858302
2619
8.491755380349367
2620
4.801765709823859
2621
4.4045696916813695
2622
6.43563876671819
2623
4.699931967574694
2624
6.250407361774388
2625
6.057954130195794
2626
6.446535972086961
2627
7.356877722331727
2628
5.052349834828267
2629
5.61138621877083
2630
7.85444366293441
2631
6.244783567845024
2632
6.1208884859558985
2633
5.141638363465963
2634
2.749697573922238
2635
3.791205832913724
2636
5.059952766963486
2637
4.990459216282358
2638
7.16327727879193
2639
6.252247295957754
2640
5.776140392856647
2641
7.618339717998076
2642
3.896254327000688
2643
5.657526062890438
2644
5.152732377020216
2645
5.513990073814683
2646
4.988405336520062
2647
4.953173716916505
2648
5.125742572908443
2649
4.775588806052761
2650
3.6922064938784622
2651
5.269047779282901
2652
6.82005921024552
2653
4.404665937800574
2654
6.252522921857621
2655
7.188415076015554
2656
5.7035291678821824
2657
6.265665945734046
2658
6.685918970928761
2659
6.467203189072607
2660
4.684356877986646
2661
4.863836323996216
2662
5.747437037622657
2663
5.455264352186979
2664
5.01714598336223
2665
3.489563654783282
2666
6.3028411189467874
2667
4.9990724263921615
2668
5.318814453754929
2669
5.356812111751478
2670
6.632956289050825
2671
4.987555015107624
2672
6.087960112300642
2673
7.274314782770401
2674
6.8799912002472885
2675
6.072971111615574
2676
3.599050673692297
2677
5.586660093029485
2678
6.422441271522687
2679
5.112144545131788
2680
5.238885319244326
2681
4.5147681818490994
2682
5.851687745662749
2683
4.76188961048262
2684
5.189158810797768
2685
6.497632991339513
2686
5.075329941010692
2687
5.052584791034667
2688
5.756785379198498
2689
3.760016268964264
2690
5.957476124195484
2691
4.911989954326561
2692
5.131332903595602
2693
5.707857351432558
2694
5.072707354639737
2695
5.099930586855063
2696
3.905483019715318
2697
5.123789210768478
2698
6.739864590990757
2699
5.083088999551906
2700
3.8732073484604537
2701
7.295231738822641
2702
6.546938227686777
2703
7.204207588978136
2704
5.715432586814968
2705
5.1640530416678905
2706
6.602238818138912
2707
4.704166289649563
2708
4.705857321533723
2709
5.140367551095996
2710
6.073326654747782
2711
5.014012272117191
2712
6.819019000573952
2713
6.934535515205166
2714
5.642653298678598
2715
6.016200138620989
2716
6.320313820454111
2717
4.841435497455082
2718
5.292293416771952
2719
4.911634006642267
2720
6.142276039242035
2721
6.421402636035517
2722
6.491598651584692
2723
9.272540551119386
2724
5.17694707394897
2725
5.731582294643343
2726
6.719223703313089
2727
4.649883642564896
2728
5.465894383591263
2729
8.089523690727551
2730
5.418857257419238
2731
7.1582354566175646
2732
4.58846043922821
2733
5.696462842798289
2734
3.5243608424065003
2735
5.47371708684443
2736
5.695011592670275
2737
5.333566363326454
2738
4.913820131640629
2739
6.86795883651719
2740
4.801239297388308
2741
5.556757664036822
2742
6.126534659269212
2743
5.061758484271088
2744
7.788278432582882
2745
4.310377207057441
2746
4.861262432637557
2747
4.848673288869465
2748
5.068885961910037
2749
6.170405371552984
2750
5.556850394673161
2751
6.158961747068303
2752
4.037538108181502
2753
6.255610825867887
2754
5.40897519815834
2755
6.353555635804949
2756
5.614013433329264
2757
4.557508790973455
2758
6.553309512155511
2759
5.4986476400701925
2760
6.208591875666995
2761
4.937731795921809
2762
6.303099230610323
2763
5.753744105075465
2764
6.443569884252238
2765
4.88234554426879
2766
4.645455730890303
2767
4.340724907846169
2768
9.127018664151194
2769
3.378597831414372
2770
6.589275248804278
2771
5.50079826931588
2772
4.571201963662193
2773
5.5892909595104605
2774
4.59435305738272
2775
4.092908838099691
2776
4.934756513321934
2777
6.1678304139164
2778
7.815338126569724
2779
6.7357185459118
2780
7.269402506899361
2781
4.934117700499001
2782
6.9834221585315515
2783
4.9883266002998745
2784
6.499544606811111
2785
4.6923858895921935
2786
5.013396474675678
2787
7.767730191459375
2788
4.237980886221086
2789
6.0984169906351084
2790
5.044193760320051
2791
5.008735807925637
2792
6.0769249427249905
2793
5.594852335907007
2794
4.7602421557645656
2795
4.756228056865576
2796
6.317532660505129
2797
5.557982895227066
2798
5.353189084035343
2799
6.801645278588194
2800
5.67501383524747
2801
7.225722957331899
2802
7.661755698963042
2803
5.578668966862174
2804
4.803429543728517
2805
4.969381785411562
2806
4.662875580670118
2807
4.663018617479294
2808
7.2120023496809464
2809
7.298554325188684
2810
4.578985465162954
2811
6.230492626985992
2812
6.318769501794432
2813
6.16325561934844
2814
5.720233682035287
2815
4.7502913698982265
2816
6.697769144468394
2817
6.472589087157582
2818
4.793633677786317
2819
6.843409081034014
2820
4.849397007742394
2821
5.045620327549375
2822
5.487035555301328
2823
5.188525685983317
2824
5.9712668946614444
2825
5.526238962526142
2826
5.648775864995105
2827
6.156114115197192
2828
8.029491942259702
2829
5.9999743792287585
2830
6.4153861638273195
2831
7.162426647956109
2832
4.385891515635037
2833
6.2248584827885125
2834
4.3601677026261845
2835
6.128594683195993
2836
5.002216181239844
2837
4.548220587205165
2838
4.6194981112730975
2839
6.069247080589417
2840
5.765934385910551
2841
5.688662500852753
2842
4.7371172023627315
2843
5.321221221150376
2844
5.691581248751438
2845
4.017843952253841
2846
5.376055689953633
2847
5.800828716752976
2848
5.2401758070858815
2849
6.893696348860696
2850
4.680134114705455
2851
4.862007725954215
2852
4.988817015517181
2853
6.213699634803674
2854
2.4528103369352356
2855
4.052421556617463
2856
6.695000588874594
2857
4.848103423052306
2858
6.665947507398553
2859
5.029905867793129
2860
4.43972218687935
2861
6.6558437499235925
2862
5.770879149875669
2863
4.813083395493125
2864
4.912863371310903
2865
4.603672994568005
2866
4.145052806119752
2867
6.284662312984246
2868
4.511854466250097
2869
3.80928018681424
2870
5.419297703551928
2871
5.437472156775672
2872
5.873369674914257
2873
3.764340843878482
2874
5.0481000430495016
2875
5.301222330920532
2876
5.592743223228194
2877
4.72036875008262
2878
6.083480430000619
2879
7.752899386144283
2880
5.52361175966558
2881
4.9483033807839565
2882
2.902946074740274
2883
6.0866885539568845
2884
6.441918537809155
2885
7.181466049284308
2886
5.7128518499258085
2887
7.198331588385022
2888
5.954906205347828
2889
4.701974211406246
2890
5.888540715526879
2891
4.6645702141528504
2892
5.224576814958716
2893
4.973658519857319
2894
4.566692770510917
2895
3.3600070219824727
2896
4.666560841115647
2897
5.096955141310362
2898
2.6366478009236967
2899
7.090386935514339
2900
6.939234400251375
2901
5.521198033156477
2902
5.536272399867749
2903
6.439509085394648
2904
6.611937639714925
2905
5.974543622649134
2906
4.951796868436519
2907
7.150015506608291
2908
4.9229697480000985
2909
4.119458542025332
2910
5.36197575057512
2911
6.327074079113434
2912
6.999302875588495
2913
5.543077310643785
2914
4.263726473739307
2915
5.41505265255167
2916
5.8318519223598155
2917
5.805198843150343
2918
6.664421482648415
2919
5.83254981501318
2920
5.1429883090022726
2921
4.598111111866195
2922
4.521240867563842
2923
4.672386078817131
2924
6.096256956199937
2925
5.300521047443072
2926
6.871592046702898
2927
4.866097606227453
2928
5.817665953177923
2929
6.35598190411108
2930
3.3479014160668568
2931
4.735853148629594
2932
4.951647444935111
2933
5.725178390734106
2934
5.89773228761604
2935
4.0251625208557185
2936
6.361986896145587
2937
7.745449236848146
2938
5.12671633591182
2939
5.898215034172656
2940
5.888539574572234
2941
4.369933559519661
2942
6.070875985462404
2943
4.679562101192553
2944
4.1054373909704855
2945
4.954704748533258
2946
5.935555038852508
2947
5.950208482834682
2948
6.411160413469536
2949
4.817902316580802
2950
5.606025542120409
2951
5.400374610511894
2952
4.465785255648155
2953
6.20303388964982
2954
4.947250241363203
2955
5.395895272440676
2956
6.252445268739778
2957
6.300058737964424
2958
6.071117230448926
2959
4.235077285100676
2960
6.430731470937788
2961
3.795133553993755
2962
6.045990022618287
2963
6.952556280673951
2964
4.80353080596899
2965
6.00240997624558
2966
5.000835931019306
2967
4.915819210601136
2968
7.286979622422361
2969
8.398427847490453
2970
4.97125016720943
2971
5.503921296285588
2972
6.3129458211140665
2973
4.993967430485894
2974
4.5959300516227835
2975
6.853357472181509
2976
4.270705434829594
2977
5.7445347507996845
2978
5.296467838731051
2979
5.145158446914088
2980
4.703365405773411
2981
6.605870177720855
2982
5.858089535904219
2983
5.296326659580209
2984
6.477985508059924
2985
5.208667319354432
2986
6.6479951334831116
2987
5.018200243000602
2988
5.771599366429717
2989
5.018489607743935
2990
5.760183915308351
2991
6.233377699084828
2992
4.167397634257791
2993
5.453702867971985
2994
5.096820505749686
2995
6.742536657058629
2996
4.667274877406387
2997
6.934428517588763
2998
5.698205151754252
2999
Mean MAE: 5.61981299942014
