nohup: ignoring input
0.33333333333333337
1281
427
0.6240091641942859
0
0.4975897573106559
1
0.43133632868375543
2
0.5487737318395292
3
0.43105014290954197
4
0.6616500519884718
5
0.36575938256361684
6
0.49281059315862197
7
0.441480067100172
8
0.5792729438708103
9
0.3947915640866673
10
0.5821564229605831
11
0.44272198968494964
12
0.4563767759366307
13
0.9593602282076813
14
0.7990207197757029
15
0.46717242129071374
16
0.45442642812077955
17
0.44232253771309477
18
0.6109260516093699
19
0.487627693115316
20
0.6471077174925715
21
0.37703111436254116
22
0.538209386853197
23
0.4123374939851756
24
0.46454469143154703
25
0.4868288026454478
26
0.5033527615006982
27
0.36896501339223364
28
0.4397203301655687
29
0.6702953306569741
30
0.45448160399797094
31
0.4956277959799713
32
0.4004797999446889
33
0.45753678198829223
34
0.8732976887207997
35
0.7541044524827402
36
0.6804297402662417
37
0.4662905713037238
38
0.3952272767907181
39
0.5106714508158962
40
0.4678047808883467
41
0.6612307145283708
42
0.7925882569020326
43
0.44315381103015367
44
0.6202583287918879
45
0.471092970170508
46
0.5084103268535477
47
0.7522017596472076
48
0.41796687988892484
49
0.3670292296439543
50
0.3551761831456221
51
0.5395335398511907
52
1.0500900820088315
53
0.5676179296839158
54
0.6305448179902007
55
0.38668462618903243
56
0.6188955273924669
57
0.5381922579128119
58
0.4726727151279419
59
0.46440054797802366
60
0.9482125518262878
61
0.3372573789490197
62
0.42821366917426995
63
0.45959254344352723
64
0.4063331473281025
65
0.3790986280289413
66
0.4501394926437045
67
0.5329121732393869
68
0.47805598984558084
69
0.4908998633723305
70
0.5116475640284303
71
0.41169595762037653
72
0.5848712618359491
73
0.4117822853338983
74
0.35573167918809473
75
0.5067705903884879
76
0.45025400118450914
77
0.4180183383863102
78
0.4053373243680937
79
0.4567161089999254
80
0.5364225875036848
81
0.49896834138418994
82
0.45624765852340543
83
0.38069367396976594
84
0.41423608625072483
85
0.7856062227974594
86
0.3807351486740539
87
0.6029215185993979
88
0.44179921905202346
89
0.6511272343287557
90
0.5333646408730724
91
0.45993086568237945
92
0.45796461427247426
93
0.39491471741363854
94
0.6791097846759784
95
0.4897803780118554
96
0.7695438954960664
97
0.774999071978312
98
0.44849693597298407
99
0.48993936200406857
100
0.7329677690834773
101
0.9556617505791029
102
0.4318591309716553
103
0.5534819723578135
104
0.7332503655222802
105
0.5282597023262782
106
0.5012022607805503
107
0.3869115115871423
108
0.7769906364672919
109
0.5009884491112674
110
0.603150727795826
111
0.5839504591010594
112
0.4628746936875695
113
0.4815229064798881
114
0.44914063079279076
115
0.5668415280156108
116
0.606298662965047
117
0.3823584833427462
118
0.676880850910837
119
0.46759141355599654
120
0.7914850096496406
121
0.7370229476034278
122
0.5145611582887988
123
0.6088835042253163
124
0.5165158731666063
125
0.4559662831300072
126
0.6354092716861474
127
0.45815385342175513
128
0.6668537800668344
129
0.41126706265627394
130
0.7765158218749331
131
0.3816919215721232
132
0.5592432915110079
133
0.4051604309067777
134
0.5999236227465153
135
0.48975813495001136
136
0.8118944761316675
137
0.5531931284298692
138
0.5499613221234512
139
0.40865793476541123
140
0.46701883073571376
141
0.46574918236167684
142
0.8692587479880389
143
0.8432388415002426
144
0.7665724719573523
145
0.4440886936632436
146
0.4941413378637642
147
0.44964652538939215
148
0.3834936936793653
149
0.7598366456844599
150
0.4099970736187301
151
0.9022302368348393
152
0.4057731258469062
153
0.36464794086939967
154
0.5318743988143411
155
0.5018190941454402
156
0.38414124268160077
157
0.4996024800269237
158
0.49313174176409885
159
0.5248161155097818
160
0.3432074550643884
161
0.44996605209353907
162
0.44416492814589487
163
0.5215878322457937
164
0.39949031862542195
165
0.5936249429497484
166
0.6092837569726586
167
0.5108907589769427
168
0.5979144285348849
169
0.551373836411167
170
0.5909546031541903
171
0.40838553491212237
172
0.42036072658413287
173
0.4176991599185584
174
0.4623121134306883
175
0.4139131078027738
176
0.8339349308470828
177
0.45478343617444567
178
0.5369160009382516
179
0.6315490072961044
180
0.4539766635469278
181
0.40564970761795616
182
0.6677948609041492
183
0.5834866129404486
184
0.5385246521657744
185
0.4535653983045652
186
0.5433855086034098
187
0.6472747634729272
188
0.3858232987854818
189
0.5291143852494224
190
0.5807051028027532
191
0.3906604599796265
192
0.6232888552570075
193
0.6851441025974685
194
0.4902709097050776
195
0.5136618926171435
196
0.6096804900092381
197
0.4593807976800721
198
0.6349953774754665
199
0.5619068123882538
200
0.7525494305533689
201
0.45743906316405203
202
0.5483414220736241
203
0.5383998590899904
204
0.3870434783304894
205
0.5489045321064874
206
0.9060956501478221
207
0.5407744781069596
208
0.3508976749424679
209
0.6738654049947643
210
0.525027282032459
211
0.4793156401367655
212
0.5323824521106137
213
0.52215021655271
214
0.5361468401952942
215
0.4964707761681636
216
0.9935495135253827
217
0.4301483994248183
218
0.5407575183618918
219
0.4954172904197537
220
0.6569629504017067
221
0.5617451777138069
222
0.8630607205488683
223
0.458076716212898
224
0.5495872524961207
225
0.48832598308528075
226
0.5195116412886629
227
0.6886076134853855
228
0.42349984102276766
229
0.3976468382557095
230
0.40653383235600216
231
0.42447255618404917
232
0.4975046684813605
233
0.3505112285902986
234
0.5277296323938627
235
0.521218993552948
236
0.48305613707313083
237
0.414937364286072
238
0.49964213006227987
239
0.4214697275653022
240
0.6266923025110891
241
0.47228381773920824
242
0.8499973024364363
243
0.4224400053251836
244
0.6655678465375208
245
0.5374780117346569
246
0.5707966638838505
247
0.5663098805817182
248
0.7407946329916792
249
0.6035293715971355
250
0.6197936828099829
251
0.6250429289463103
252
0.3929055533614358
253
0.46618583149555376
254
0.4703121137803352
255
0.8852073137356323
256
0.6194990955738687
257
0.43922641356162967
258
0.4697699351399461
259
0.8208412493182414
260
0.45962334444875835
261
0.4062693812112863
262
0.39774354064525547
263
0.3336836837541585
264
0.649512334306781
265
0.4524087627741986
266
0.45961474596292495
267
0.4119163507149536
268
0.5271184941649557
269
0.4939632748449461
270
0.48361269355950914
271
0.34912275195097864
272
0.41077590304242223
273
0.7156230174219398
274
0.7219189492726481
275
0.5255992768644324
276
0.4925340433840384
277
0.4401144452437922
278
0.5333770640160878
279
0.5124649698225533
280
0.6590012559447087
281
0.7273538909352596
282
0.8897049448054473
283
0.5650846983908645
284
0.8222520571286616
285
0.8411349387388781
286
0.5628968512566486
287
0.4198335047146762
288
0.4688312855517289
289
0.5918893324342787
290
0.463300094828255
291
0.7259660816747614
292
0.5569391256108732
293
0.3599176209627558
294
0.5917218439837383
295
0.5299054685672183
296
0.6703144267202338
297
0.49907575511121727
298
0.5574392378798472
299
0.4693429518914597
300
0.4391821724503091
301
0.6890314164061525
302
0.4792947210057286
303
0.441186189658199
304
0.6156146878372682
305
0.42886893126020403
306
0.43180865604686786
307
0.6275619569096974
308
0.6599298081695929
309
0.5684457384409874
310
0.4624549060756505
311
0.5239797625152486
312
0.42168558223918734
313
0.8834420447958258
314
0.5796246275236832
315
0.6308033981237376
316
0.475918041149356
317
0.4818040909889056
318
0.5566463420835045
319
0.46336379336558503
320
0.4161482381676197
321
0.582049454359956
322
0.42980133141926
323
0.48353493274156445
324
0.4221372342389073
325
0.6125584410855078
326
0.750267881965677
327
0.4638925795930122
328
0.46850716358170424
329
0.5880817924200555
330
0.6254000849565389
331
0.4807890675905565
332
0.44729500458464894
333
0.8062774925659931
334
0.36801370978539366
335
0.3944897976537079
336
0.5680335506385958
337
0.5365857696758843
338
0.4093324073983702
339
0.4636447733357931
340
0.4207908940617473
341
0.5356654441313589
342
0.6141019987211023
343
0.5471702850660778
344
0.4517202554457867
345
0.4269504017366407
346
0.4642066867554771
347
0.46678846733332924
348
0.7691715627463073
349
0.43547641964141015
350
0.46807301862200684
351
0.6747636556605512
352
0.4114514574733062
353
0.47419260416177483
354
0.6097554102428069
355
0.7121784660181825
356
0.49606844555085433
357
0.5918712478522767
358
0.534933656289991
359
0.4971055714926457
360
0.4903095245827351
361
0.44181200473696286
362
0.5047617786023392
363
0.41696374317487656
364
0.8926626256468183
365
0.7257092330733463
366
0.3678404884513644
367
0.7009982512404046
368
0.43356472128333706
369
0.5944996575379031
370
0.5067542927991191
371
0.509643990399402
372
0.5710363849102061
373
0.7025045621685467
374
0.52245493495594
375
0.4118467002211379
376
0.39043525141762253
377
0.5449807267973987
378
0.32941794369553645
379
0.38799754977318973
380
0.6265356711551968
381
0.42248475790668133
382
0.6804263252706481
383
0.4299183776974987
384
0.9260048508430063
385
0.4130194988912063
386
0.5552685944633289
387
0.48670084891715126
388
0.4689048709179052
389
0.5777289893792786
390
0.7476307238258479
391
0.5534942893672399
392
0.6110000820284207
393
0.5497711652967574
394
0.44939199855319706
395
0.5073000923260468
396
0.9879504677163664
397
0.5004989449531512
398
0.5284230377855886
399
0.4371309945415208
400
0.5790906126589659
401
0.48195266209100607
402
0.5586569360484526
403
0.7201627814900644
404
0.48174286388813004
405
0.5030415015575992
406
0.563400532966177
407
0.6509838614220471
408
0.7453711097862447
409
0.36754390819665894
410
0.3831552476686974
411
0.41254906199585567
412
0.37227485927834847
413
0.7527079421235722
414
0.6051983064039738
415
0.5855407071052968
416
0.4815808800651572
417
0.782092050772742
418
0.393319135004119
419
0.6868210409198522
420
0.7539076415900757
421
0.4858411210941985
422
0.5559031777268711
423
0.6808513854311496
424
0.4235532323333039
425
0.3772284349098833
426
0.40386274334623007
427
0.8626806584301525
428
0.39056055884917856
429
0.7332215220152425
430
0.4279068220670269
431
0.797023700388257
432
0.5712418572728462
433
0.3722349050639603
434
0.6207990809858331
435
0.5863011322390301
436
0.4616652226449776
437
0.6212227389577444
438
0.43811465975887987
439
0.651784006860272
440
0.5175442706931911
441
0.5133332041331047
442
0.7242195893557759
443
0.46701787693897107
444
0.4061619921877004
445
0.4223061540507892
446
0.7007584384951836
447
0.4950846315021592
448
0.529705696946986
449
0.5911832679386247
450
0.4927347224200223
451
0.44777596087018634
452
0.4368850391141774
453
0.4333286066467383
454
0.486384944270364
455
0.5746765086690867
456
0.5761056559271961
457
0.5928219882517839
458
0.5672541774790829
459
0.5331999458370826
460
0.7299405849055937
461
0.5445686778914711
462
0.37898288433854643
463
0.6513507714830341
464
0.44879997066049643
465
0.5256887602883151
466
0.5299197216031658
467
0.43589234140537
468
0.7581656774448009
469
0.43306752647240493
470
0.7701009047680805
471
0.36919362269999256
472
0.5385802060172925
473
0.583105053939857
474
1.038776440207045
475
0.661244243646971
476
0.8282669933967824
477
0.4044150694603268
478
0.37538203257420666
479
0.38165750454349257
480
0.5131916050354426
481
0.6599412488394923
482
0.6093664917923682
483
0.5276012986538084
484
0.3907132874758445
485
0.7142754132524823
486
0.5953046519766146
487
0.3962657012365443
488
0.6982281358295277
489
0.5727843144346179
490
0.5264815118612013
491
0.8580419691316767
492
0.5201100133941798
493
0.4838984878142548
494
0.4748906152873442
495
0.5378118941460768
496
0.4348147787246918
497
0.5565913397160093
498
0.4780171098465779
499
0.5621369886465457
500
0.5136306294652809
501
0.4587576170283588
502
0.4690009242589092
503
0.5189390538750311
504
0.39118443421728805
505
0.4391374830232078
506
0.6589619913095349
507
0.3321098445129099
508
0.3945602186833862
509
0.5570278733345752
510
0.8542795527249669
511
0.5986677033832206
512
0.3942603243138604
513
0.5993892644738963
514
0.5163126962210872
515
0.3942557498256571
516
0.4781775027586257
517
0.5941926493455678
518
0.3750044653899833
519
0.3603252735788579
520
0.5371656197080746
521
0.7002508713211251
522
0.448333484374564
523
0.43520503903855917
524
0.4002739887643518
525
0.4800076384679947
526
0.506409437012408
527
0.8045974025526197
528
0.6165134350834216
529
0.5479541946098688
530
0.3963663848021659
531
0.3762659754207804
532
0.44991561916355743
533
0.4791224124736861
534
0.5148134551985544
535
0.42024055572496677
536
0.681345392029534
537
0.4933809933619689
538
0.49414693100101137
539
0.3499214438516401
540
0.6601475831573035
541
0.6887043460337772
542
0.5570962610716544
543
0.451178176289974
544
0.9159714679402569
545
0.45239853570091204
546
0.47832081793413145
547
0.48310402989730467
548
0.8448208543362461
549
0.5140105270607257
550
0.5531129555020672
551
0.4190174959260218
552
0.6311832822440713
553
0.4329633128916184
554
0.6999663592848259
555
0.6678559803025078
556
0.5301206791708674
557
1.1327548574301463
558
0.4192075478405662
559
0.4907002689121312
560
0.7160301329833306
561
0.5324612162952321
562
0.7033028542104305
563
0.7006082798971626
564
0.5721686527699164
565
0.41709039344817206
566
0.49057833918545946
567
0.6487234915345768
568
0.6312105426985788
569
0.545393279956749
570
0.8144144301112562
571
0.4742121525638519
572
0.7184431171432009
573
0.5491858186587644
574
0.6883792529306052
575
0.7813678204107113
576
0.7285422011651652
577
0.46729876182406876
578
0.3819566562033261
579
0.3913800249947037
580
0.872486176999904
581
0.42666065241586676
582
0.3605154338850038
583
0.5386777632376498
584
0.376728481215663
585
0.4419665167311535
586
0.4794079130238229
587
0.8487530539876832
588
0.3235935553743893
589
0.4202154812216203
590
0.5794720557952499
591
0.8282380196566608
592
0.5099938620358963
593
0.5348692674037572
594
0.505295105401292
595
0.515103233567415
596
0.3963051148632267
597
0.7539640071118069
598
0.4064291851326105
599
0.7299086403336625
600
0.46989423923297635
601
0.491111211157051
602
0.38272910744022026
603
0.4851271326345509
604
0.5443411786768305
605
0.5112966159939404
606
0.5966917974618303
607
1.092681513261791
608
0.5622503725673315
609
0.5179506121652334
610
0.7044727198624875
611
0.3881242190675214
612
0.5423150682256047
613
0.4205400763231661
614
0.5004297241304847
615
0.674908394936466
616
0.5388624769876181
617
0.5733741577499966
618
0.4071096699067507
619
0.6217540941307192
620
0.5942129454451697
621
0.454108953458518
622
0.4140374877579615
623
0.5204153544669158
624
0.8079322393223666
625
0.5442277945947329
626
0.6131490122389573
627
0.36986542912479753
628
0.3745204852584399
629
0.5027230657333538
630
0.40452981312071035
631
0.6293690796420768
632
0.434858647488852
633
0.512329931957065
634
0.7133359641043548
635
0.4865756691979757
636
0.4338792022854743
637
0.607060848843852
638
0.46233364676106103
639
0.4741303013558611
640
0.6690613796587256
641
0.5014911492316038
642
0.6396463497876278
643
0.5035628515052628
644
0.4600616084080372
645
0.43197597765087464
646
0.5899605062172044
647
0.4690105102704086
648
0.4863483419414213
649
0.40538906031556526
650
0.37911432619878355
651
0.3994849018793267
652
0.4206234505719461
653
0.41883848831473863
654
0.617625737992995
655
0.758639576508619
656
0.5514699476426965
657
0.6108118596952559
658
0.5056543202638285
659
0.7717686137736878
660
0.5229161343046398
661
0.6886319507473319
662
0.3899143569920119
663
0.6629981733415342
664
0.7751842024928846
665
0.8098649092974295
666
0.453765972311648
667
0.4844398638318814
668
0.4335996397525275
669
0.48434165309232935
670
0.5285199429311941
671
0.5071056517350242
672
0.3365418766157818
673
0.6356269283121654
674
0.8358737950055057
675
0.513225072862538
676
0.7626130121472273
677
0.575705349157602
678
0.5363791266943574
679
0.4651902991688046
680
0.47661159869202174
681
0.37549839748247
682
0.5211149284776523
683
0.533493004943934
684
0.8391011744107149
685
0.3966325950756348
686
0.7211837180420785
687
0.4423666563318874
688
0.4344886000073499
689
0.9425504399114949
690
0.42815475864860253
691
0.4617611865435829
692
0.6053392319317136
693
0.5736086902555979
694
0.45962748906129935
695
0.6958948778516704
696
0.5291747217393002
697
0.5358654365224563
698
0.5209386191040981
699
0.3934449078403259
700
0.9661570085883852
701
0.7122505075533444
702
0.646898725568942
703
0.5345770491354639
704
0.4938406788145945
705
0.41986270995146685
706
0.3942436948346278
707
0.4852445042797286
708
0.34703785423724254
709
0.4311974059183911
710
0.5133484121253415
711
0.35193150673690315
712
0.6671594249463161
713
0.4554840351622297
714
0.5012381620663554
715
0.5216691379838027
716
0.6139916862256912
717
0.46976213176206866
718
0.4540642333553609
719
0.4699170457674447
720
0.5744762048943005
721
0.43250873756535385
722
0.6974904768982708
723
0.43216677509047124
724
0.499803322454327
725
0.32993172371099644
726
0.5067298289694274
727
0.4971711780256569
728
0.41487568138849745
729
0.5135411152298061
730
0.5604453707468089
731
0.44274700291895136
732
0.49713973495579683
733
0.48250217495189063
734
1.016968302276057
735
0.5008641696914495
736
0.5091388672874975
737
0.8092806022480169
738
0.437708075577025
739
0.5031816938152966
740
0.4239562692934226
741
0.5001609322437893
742
0.5662331139448188
743
0.4132631832998577
744
0.5253235194231782
745
0.4404026946610272
746
0.41627048681313955
747
0.6642580045818764
748
0.4858418754693688
749
0.42854604025973125
750
0.5174464612912302
751
0.4663545381915774
752
0.5237004951077855
753
0.44847991706576107
754
0.49200897357219076
755
0.3739428896138406
756
0.471164783298465
757
0.5390371620232681
758
0.4779760675251713
759
0.5028094803351152
760
0.43212227829862593
761
0.778150044219158
762
0.4724901837749739
763
0.6237886389448632
764
0.48078786168920756
765
0.48819808734533654
766
0.5135215503070323
767
0.6189203089049514
768
0.3629408438626904
769
0.4960661607941252
770
0.5038980601460741
771
0.5806870047566731
772
0.6761475787073729
773
0.39520047644275647
774
0.40211506431707406
775
0.47273850976326526
776
0.5392721392360457
777
0.4597800096673014
778
0.42954374701719533
779
0.41989557382723847
780
0.5167996583973139
781
0.4841671530190691
782
0.5658418131000412
783
0.47351190186268477
784
0.4357898906482182
785
0.5840857809311043
786
0.5627118951465351
787
0.4554518520898058
788
0.4679637305612359
789
0.4236749016739194
790
0.404272953257937
791
0.5201815181508297
792
0.3676761515929858
793
0.6809757197949764
794
0.6686532709100667
795
0.5512727389235524
796
0.4628219686805954
797
0.40766760457854456
798
0.7089575909569844
799
0.6948586561849894
800
0.4285188176411667
801
0.45601291384188836
802
0.3792890215094945
803
0.44329280774968294
804
0.4476504896697671
805
0.47807431927756494
806
0.8453118577283849
807
0.3922891433916306
808
0.5210335261734329
809
0.6124779452972982
810
0.5513524334855253
811
0.5135637516104952
812
0.398983304990755
813
0.4209007892607606
814
0.3888864042292267
815
0.4865127624328414
816
0.4701033225838169
817
0.3531353604118958
818
0.5203017563454462
819
0.6922371244797813
820
0.46321013801653427
821
0.38507152443668674
822
0.5226755340560696
823
0.40879007026227093
824
0.43727107702671425
825
0.43811897151690715
826
0.5854552072674808
827
0.5175610636119894
828
0.6080765096405957
829
0.39420960060000193
830
0.48904643193232344
831
0.39554192844557523
832
0.6011259334398222
833
0.5358064681487402
834
0.3978031812177823
835
0.6788164690422558
836
0.35834462336378625
837
0.8188023242842613
838
0.4469409448411065
839
0.44117809925031726
840
0.3349395762536139
841
0.40417808811827605
842
0.4249013545048958
843
0.5465597774941454
844
0.4003667481551688
845
0.5005668990262416
846
0.46122444785866734
847
0.7104334555835737
848
0.8024915865259694
849
0.6700551624367544
850
0.4129496632671412
851
0.3284271409277401
852
0.5081953216719719
853
0.5052451068014465
854
0.46457869855457035
855
0.4542431605603903
856
0.6261372521781627
857
0.44031236812624297
858
0.5893666576747252
859
0.6430431006310239
860
0.5193236372499734
861
0.4448700974269432
862
0.5104630230521139
863
0.5795223478053919
864
0.4139182714184305
865
0.32397505430631646
866
0.4267545025913578
867
0.6820975530537756
868
0.36454105646283186
869
0.3494075641179968
870
0.6398033661923919
871
0.4614920571919951
872
0.5324556514153487
873
0.711819968357946
874
0.4829258978395265
875
0.6594057257315529
876
0.9880404407842538
877
0.4847813139714067
878
0.5040657404400114
879
0.3290571719916868
880
0.6790095511658166
881
0.6412843076945545
882
0.6299239475863302
883
0.4972245181050959
884
0.5103614651870189
885
0.511896204475957
886
0.4632677934959718
887
0.46629227053438155
888
0.6795878628909853
889
0.6389630732402568
890
0.41493007302035717
891
0.7409998348283671
892
0.4440962881277845
893
0.4402202620890383
894
0.44107700712619585
895
0.41898948703943883
896
0.409639991447364
897
0.47174128206333243
898
0.4631739924879615
899
0.9844780193811322
900
0.5312296419365413
901
0.6009743142162263
902
0.6114905192491619
903
0.4064880323552901
904
0.6518266188218454
905
0.8439944173721431
906
0.6016812778875826
907
0.6236401094190308
908
0.5838736085117209
909
0.43001727149313473
910
0.743875960386255
911
0.7591301292687792
912
0.3916289963446538
913
0.5612031820971649
914
0.5213733087893591
915
0.4858377420949733
916
0.6464373321929473
917
0.4264516721614191
918
0.46210080347700744
919
0.544702344544382
920
0.5830738960559738
921
0.7089729474760089
922
0.4078028528221297
923
0.5013962470016435
924
0.6040281994482705
925
0.4499405463445903
926
0.4607144178608763
927
0.4557396013382039
928
0.4317043779355836
929
0.6213032726465991
930
0.6145421103896391
931
0.5855222295560967
932
0.5065270018099379
933
0.8173670810701972
934
0.4561488208533978
935
0.4792260356605483
936
0.43526371038724215
937
0.4839503253430266
938
0.42183888934481406
939
0.40121911650560865
940
0.45649914703272715
941
0.6636982830422399
942
0.4416199562164897
943
0.610970614464859
944
0.4723028340101604
945
0.45250556204277026
946
0.5067739211018883
947
0.7814206601409766
948
0.41549924525150983
949
0.5186725256640974
950
0.6357366919598508
951
0.6797200483094555
952
0.597781830213572
953
0.5563743932554163
954
0.42218747688168573
955
1.3560429848770512
956
0.5986962762878028
957
0.4374383681779298
958
0.5043372016757843
959
0.49267305310654336
960
0.8697826183090142
961
0.5083834905314298
962
0.3722958942908725
963
0.5429156913883021
964
0.5417064476831844
965
0.3070893734779963
966
0.5859665738479802
967
0.5690541419488873
968
0.5495740804532583
969
0.37971326769561214
970
0.6338678351156478
971
0.5925676132185641
972
0.4702031513645423
973
0.7621134962592526
974
0.5949012477185603
975
0.4320674816746497
976
0.6591315689911688
977
0.5658612460727206
978
0.506734134368278
979
0.50377357064884
980
0.4945625395779771
981
0.533103125536268
982
0.43244735625083114
983
0.3995114354078304
984
0.49357510036996766
985
0.40284163381457777
986
0.5882064292440943
987
0.48768211102786363
988
0.5088676412347931
989
0.6111108255738612
990
0.5239083031908884
991
0.5796290591852998
992
0.48647949569228804
993
0.5089895533627273
994
0.3861273423753096
995
0.36975181235807114
996
0.5727546856100203
997
0.3954565099998908
998
0.40460492411751336
999
0.5454528536294957
1000
0.5697842133435573
1001
0.509643860106599
1002
0.5339366209448534
1003
0.45201200965193195
1004
0.4650813990766825
1005
0.8867710054152015
1006
0.41245656275218023
1007
0.47144237449284687
1008
0.367674398596249
1009
0.39841025465208973
1010
0.4549409129855072
1011
0.6288376332152212
1012
0.5139910446701346
1013
0.5468191047833872
1014
0.6032818014406615
1015
0.558025912098574
1016
0.4503623763235814
1017
0.5366587238211733
1018
0.7371975083616062
1019
0.5611364252800799
1020
0.4843398637192287
1021
0.5284869713032596
1022
0.5035669068959974
1023
0.4938895568680676
1024
0.4502397340430551
1025
0.4777496433341636
1026
0.6387303314019492
1027
0.6514139595582881
1028
0.5371192009599998
1029
0.6116074110672685
1030
0.6575380615050729
1031
0.45427203777129477
1032
0.3708375109614789
1033
0.5180015297820125
1034
0.5242607831255782
1035
0.49500460031586285
1036
0.43783477502140294
1037
0.5213291519250971
1038
0.5476968333311808
1039
0.5921036262752312
1040
0.4754438277926792
1041
0.4025197043807752
1042
0.49868708440503773
1043
0.44835710660033723
1044
0.5669880986668528
1045
0.37937772057249536
1046
0.7714627363559764
1047
0.6273511737648181
1048
0.562888047098598
1049
0.5485779443253446
1050
0.4646524683406913
1051
0.44963025449986993
1052
0.4715190479644055
1053
0.3931062909950954
1054
0.42867025779654633
1055
0.596470779994923
1056
0.7498821245103374
1057
0.5132388390880627
1058
0.4198863912247258
1059
0.43650405811664894
1060
0.5230293078675156
1061
0.5173254769263019
1062
0.42257336906821624
1063
0.4485430588486917
1064
0.5014293930719447
1065
0.5566336580480076
1066
0.6313322909598209
1067
0.771213687032244
1068
0.4518934729927496
1069
0.4289907267137687
1070
0.390859002361608
1071
0.5644287515686277
1072
0.5556075376013092
1073
0.6451397008976947
1074
0.6560315741648203
1075
0.6503901206188484
1076
0.7386988243963107
1077
0.4313121436452507
1078
0.6423254249526308
1079
0.5981483494926254
1080
0.5107225666076226
1081
0.5323057646088615
1082
0.6137176783757488
1083
0.4146770730588805
1084
0.4310387860367578
1085
0.5778675900425776
1086
0.8737012249097383
1087
0.4668704231412617
1088
0.42004284511071827
1089
0.5148945147727505
1090
0.41936266532967803
1091
0.38600293501365074
1092
0.5147304570283795
1093
0.45569022052952735
1094
0.6989373139699907
1095
0.36494150943292203
1096
0.45893903410904446
1097
0.41446428163263666
1098
0.7650299054534032
1099
0.48002146085429964
1100
0.3640384030799388
1101
0.709158479594785
1102
0.4823069997027771
1103
0.7142431384499397
1104
0.4021865246458615
1105
0.6763861078191606
1106
0.55618443113536
1107
0.4919916026670543
1108
0.5127148174714367
1109
0.4617989168361349
1110
0.5847069888574665
1111
0.606153327264637
1112
0.45074284672650994
1113
0.3677193302503995
1114
0.7230173812115614
1115
0.440542789218737
1116
0.36996724441399753
1117
0.7720247122457727
1118
0.41747805427060763
1119
0.4645487680097416
1120
0.4528913735621642
1121
0.5936433193081808
1122
0.4802695953556206
1123
0.46605517612991926
1124
0.35166204573374005
1125
0.4047673655611799
1126
0.5162143181351608
1127
0.6463142884576529
1128
0.5071820194553114
1129
0.5102690619470155
1130
0.474134541277979
1131
0.38993606137560644
1132
0.7188206691971758
1133
0.77158971985157
1134
0.5179845293232871
1135
0.4671163533068057
1136
0.6037528615563912
1137
0.4527652856126722
1138
0.494108449366444
1139
0.6930619686424052
1140
0.43312873707473837
1141
0.4200641256480326
1142
0.42272597449120947
1143
0.43237732561638126
1144
0.7088827672698554
1145
0.5125252842928119
1146
0.6665484095242821
1147
0.7793569384562112
1148
0.6593637416407255
1149
0.42742859670078487
1150
0.6135377002746581
1151
0.554643836288341
1152
0.7066642825294316
1153
0.42341443362774134
1154
0.553584530095706
1155
0.4675132205336937
1156
0.5959418590192677
1157
0.5366798582868494
1158
0.456899196643197
1159
0.6336270194025184
1160
0.41500216753751695
1161
0.487936469323335
1162
0.5084453548986693
1163
0.4437496132030782
1164
0.46107215156050574
1165
0.4928070310567717
1166
0.44002837345670903
1167
0.40839075779643824
1168
0.49290048948531556
1169
0.3595641654891287
1170
0.6455918841260422
1171
0.4621171922956906
1172
0.6203969445984446
1173
0.5684729802641098
1174
0.4215577902789408
1175
0.6795539814231043
1176
0.45946870959574515
1177
0.4908031994222843
1178
0.3747211857037031
1179
0.5442447698504834
1180
0.7517741057339518
1181
0.6747802675132063
1182
0.47885338461077215
1183
0.5013463981966658
1184
0.37836006345214135
1185
0.49469486433665555
1186
0.3694059062533085
1187
0.6578775734880402
1188
0.4199344657759137
1189
0.41071582838969184
1190
0.6634688190337252
1191
0.704384114184282
1192
0.38190851582011665
1193
0.42126025727618177
1194
0.5124846404278948
1195
0.574242095888274
1196
0.5660599881430289
1197
0.4405475930427926
1198
0.6133968740909799
1199
0.5151539228381399
1200
0.6271950234734927
1201
0.4330691303236411
1202
0.3943906995221424
1203
0.6587114495756939
1204
0.4813866374401251
1205
0.39602751759343274
1206
0.6621282198565438
1207
0.49201529455664994
1208
0.8406502512839
1209
0.37879525636615413
1210
0.34796253399768123
1211
0.44190736392677954
1212
0.4331274664968273
1213
0.5660224068005067
1214
0.576752760707009
1215
0.498486799522742
1216
0.5250204330584209
1217
0.5182389431730492
1218
0.4681854627615196
1219
0.4476079562960022
1220
0.5108596551317168
1221
0.6056552674472319
1222
0.6706334444698818
1223
0.6075225415257903
1224
0.628672873749683
1225
0.632601256851203
1226
0.40287702197844727
1227
0.4530252456364102
1228
0.5077062930179159
1229
0.4282193912718698
1230
0.5459817069427744
1231
0.4760196353713036
1232
0.44569155699255786
1233
0.45792851481441155
1234
0.7985975612656822
1235
0.4258441759013919
1236
0.7110595759912272
1237
0.8520243266874568
1238
0.5357384289335136
1239
0.4758157767836199
1240
0.43329891199468823
1241
0.4585855340321885
1242
0.6462096076674735
1243
0.4681800217231078
1244
0.5183894882542432
1245
0.6474177297573981
1246
0.48431146184789436
1247
0.45144983000759387
1248
0.590032263889919
1249
0.685461327785096
1250
0.5739593974667874
1251
0.5287240827956534
1252
0.5211860828732454
1253
0.6312863524120476
1254
0.4578218714635129
1255
0.3827730476878362
1256
0.8022791885511926
1257
0.43193235152545895
1258
0.4880872229813972
1259
0.6856040332963431
1260
0.38361660321188484
1261
0.4004850274007368
1262
0.43726504990549653
1263
0.8166643812798612
1264
0.4886451064426866
1265
0.4664759976973134
1266
0.4574457019286235
1267
0.5061654851287284
1268
0.5155752064513174
1269
0.5899267579004203
1270
0.49780596121256787
1271
0.3412038670208134
1272
0.48085795994193264
1273
0.39176218160658427
1274
0.38333207578331535
1275
0.4894355373896585
1276
0.5184546083719515
1277
0.526715989550348
1278
0.43664406831025687
1279
0.41347958389502254
1280
0.4646409332337129
1281
0.6923047910729065
1282
0.617781732318166
1283
0.5356927237883696
1284
0.4268402677888974
1285
0.5134599897012783
1286
0.3824601098939587
1287
0.527784662521933
1288
0.7032271394711104
1289
0.47724254547439865
1290
0.47856296321121267
1291
0.3561831259385354
1292
0.46663538020581996
1293
0.691778911151265
1294
0.563224036859674
1295
0.4715776127572205
1296
0.601272894547412
1297
0.4664416953824715
1298
0.5997963598889815
1299
0.6449502461117155
1300
0.5110601661270389
1301
0.5082834694612234
1302
0.4303896269172603
1303
0.5368451521127395
1304
0.49072757238132986
1305
0.37708418506504204
1306
0.5165194960943456
1307
0.5903868082659969
1308
0.40201830490126017
1309
0.6071056380652777
1310
0.36496807807228265
1311
0.47996558017633445
1312
0.46377977956788136
1313
0.36638471457539323
1314
0.5548083003460023
1315
0.6662986439308813
1316
0.514898709081576
1317
0.397517065015334
1318
0.6566677887071768
1319
0.8527224053856388
1320
0.4655601980435752
1321
0.4921263862265684
1322
0.40963389257809374
1323
0.4805490077822362
1324
0.5934881317225471
1325
0.6569826762303277
1326
0.3410303828761349
1327
0.37240157694898174
1328
0.7436548574688282
1329
0.6257161631142724
1330
0.7118064246697637
1331
0.5352436977333025
1332
0.42769501381797487
1333
0.7972056930658112
1334
0.4219552820539937
1335
0.49012999006585894
1336
0.4435330575481145
1337
0.6826591158275892
1338
0.4401477848281054
1339
0.5905889808273358
1340
0.5284382393887438
1341
0.5873548109500797
1342
0.5719744418854457
1343
0.6237617538093625
1344
0.38601922742402983
1345
0.7205849172674915
1346
0.4765408799705367
1347
0.429097952510911
1348
0.44271836642948736
1349
0.46582663762346266
1350
0.3774869279757048
1351
0.54264663346988
1352
0.4853070035069295
1353
0.5450665391847814
1354
0.4181549632761778
1355
0.40476835010344664
1356
0.4413703374488605
1357
0.421851351480471
1358
0.5798783638240887
1359
0.4408842748129665
1360
0.6791084465893933
1361
0.38538473284239955
1362
0.45136673025534396
1363
0.5137346037610847
1364
0.4388436586723757
1365
0.47050746354159956
1366
0.42278729751500865
1367
0.6989921924964478
1368
0.6394017561630949
1369
0.6981074669451903
1370
0.49289643603239225
1371
0.6775093648251128
1372
0.5529537796726343
1373
0.7932209947065672
1374
0.7296843051792852
1375
0.4893265464941301
1376
0.6561069726774582
1377
0.3746685051408895
1378
0.42867776215025394
1379
0.5929059782502739
1380
0.5527440693799627
1381
0.4123670240771158
1382
0.5462050740110865
1383
0.41214219903982335
1384
0.7227386814474582
1385
0.5167381848188428
1386
0.5901825542365731
1387
0.4994768304126924
1388
0.9301367521952549
1389
0.7682194943266627
1390
0.43035865332127504
1391
0.8202104616673042
1392
0.4879659414900345
1393
0.4831348490386269
1394
0.689707604583189
1395
0.4491743721885678
1396
0.5308757014603128
1397
0.5252323993616433
1398
0.746869257840159
1399
0.4149114263976634
1400
0.5832470805102284
1401
0.5014949661536703
1402
0.4837572182389708
1403
0.47170709626834456
1404
0.41841858544512783
1405
0.5454007990289198
1406
0.47562434628736927
1407
0.46474223162452716
1408
0.6577692727943202
1409
0.41246880075487735
1410
0.707497334715925
1411
0.4740258804537498
1412
0.696686418355226
1413
0.420721003016062
1414
0.4219307930336551
1415
0.4483893537818553
1416
0.49042122099121177
1417
0.7748741785752505
1418
0.5627987495232647
1419
0.5440195617745976
1420
0.8583343030573076
1421
0.4160607691898256
1422
0.4842248164300791
1423
0.6100353031009998
1424
0.4113949937761067
1425
0.4363993006493088
1426
0.4601107226403232
1427
0.4991876121177654
1428
0.5134333260033428
1429
0.6195110731590007
1430
0.7977100855077951
1431
0.5487268673069944
1432
0.3731752747540287
1433
0.5893793454407477
1434
0.6213727444401006
1435
0.5280377139381826
1436
0.4218537759613275
1437
0.39592004102235756
1438
0.5947665256511547
1439
0.4962132312640695
1440
0.4703455173413369
1441
0.3926823364955541
1442
0.4004779034748557
1443
0.6234521131007545
1444
0.5361906115154451
1445
0.5305371613798694
1446
1.038128153418536
1447
0.572133983784752
1448
0.4362669399511216
1449
0.4737186764113754
1450
0.4815257347198546
1451
0.3932438490574779
1452
0.5301734074690087
1453
0.7450530349858968
1454
0.5086553017015755
1455
0.33301391844569433
1456
0.3996401068996607
1457
0.3576555661666484
1458
0.6391492388698832
1459
0.5000817560467666
1460
0.6863128317138057
1461
0.4215238159440926
1462
0.4437851593935133
1463
0.5992300213281017
1464
0.43404289532392193
1465
0.6018633626491492
1466
0.9489304334589325
1467
0.4872866985777972
1468
0.5341730585063287
1469
0.4524547289833188
1470
0.7569459564937113
1471
0.6250236894326309
1472
0.40637868243724534
1473
0.5240083007265144
1474
0.4649694253426127
1475
0.6265726574141726
1476
0.4249598098421937
1477
0.6654014064585319
1478
0.6848973716938426
1479
0.6643035273074722
1480
0.4479096007080639
1481
0.471379546847136
1482
0.4337011417324716
1483
0.7631468712307279
1484
0.6995049774581723
1485
0.7277600347558919
1486
0.6513266888942075
1487
0.5910161714132166
1488
0.7494628159257979
1489
0.565333550972658
1490
0.6858004700968519
1491
0.6734505884813473
1492
0.33296522736767753
1493
0.5066636139607322
1494
0.8876219841359345
1495
0.4567865925257705
1496
0.5836851592818387
1497
0.5314154351220739
1498
0.3511379686155094
1499
0.49499336692477286
1500
0.35412760684740435
1501
0.44436429213540063
1502
0.4581031741622239
1503
0.7403431941202696
1504
0.5814091165902902
1505
0.5251088488732655
1506
0.905487971738285
1507
0.45286076034051853
1508
0.6312264379236128
1509
0.42273895852575066
1510
0.506497945918308
1511
0.5623621072910859
1512
0.4794609673431403
1513
0.4877509062243143
1514
0.3458631159719955
1515
0.5381886258536035
1516
0.4221878266814144
1517
0.5150214204663002
1518
0.8383427799775892
1519
0.4441569283390803
1520
0.5709433593217345
1521
0.4415020095562739
1522
0.5632203818256718
1523
0.6630177891182925
1524
0.48586745787540986
1525
0.6051516827327038
1526
0.4019918637840328
1527
0.6589927500302994
1528
0.4172902738382721
1529
0.42203890649125525
1530
0.5381390841588305
1531
0.5326148794834887
1532
0.45405755554850274
1533
1.0131559760849382
1534
0.34111323397734905
1535
0.4788506067082354
1536
0.4919616079052885
1537
0.5056699950364071
1538
0.4184301964361962
1539
0.37249411722500503
1540
0.4310972683388169
1541
0.6676068144421907
1542
0.41309116139744534
1543
0.3894753352928676
1544
0.5413374162072323
1545
0.4679400216123654
1546
0.36514619478643834
1547
0.5529954235622668
1548
0.6718923904600788
1549
0.6767445772098049
1550
0.5282947103506495
1551
0.4306184442995835
1552
0.3576068801167941
1553
0.4932264084398352
1554
0.4751243707166155
1555
0.4740388465361482
1556
0.5217268364246006
1557
0.45769387961690694
1558
0.4132553531958659
1559
0.4971586184806583
1560
0.4522307064710189
1561
0.5635905842937848
1562
0.5069613550155333
1563
0.5014665061739296
1564
0.5267326912700114
1565
0.5580487882407829
1566
0.5469245667732262
1567
0.5823245786803306
1568
0.4972361232497361
1569
0.4570638740456018
1570
0.39768994293081344
1571
0.4798435792814514
1572
0.5100456362830353
1573
0.5370049001866202
1574
0.520517912958093
1575
0.5327511834395271
1576
0.5238716510579773
1577
0.5748295063711749
1578
0.449535817566777
1579
0.5509256430307319
1580
0.5114107244079954
1581
0.5097867540042684
1582
0.6211724104174395
1583
0.5302762708147041
1584
0.6399605761845937
1585
0.4729558654204353
1586
0.6148965597633741
1587
0.43115969777261787
1588
0.42046308727568477
1589
0.5879237100371808
1590
0.6220528102218937
1591
0.4593758819066027
1592
0.5198890522763917
1593
0.543906169419249
1594
0.4346409500151249
1595
0.6244458257074681
1596
0.5855248395717859
1597
0.6694872738735469
1598
0.4654552005760688
1599
0.5888877948402813
1600
0.984523398582625
1601
0.5209191934096657
1602
0.40358018807381885
1603
0.5236729876520028
1604
0.4458597141640632
1605
0.35298641335964126
1606
0.6988949145156906
1607
0.6983682375780982
1608
0.8336309581123135
1609
0.38699379552637647
1610
0.42576324024405116
1611
0.5950273142031556
1612
0.5623329611506139
1613
0.5178338004070273
1614
0.49640101868887715
1615
0.7401208108863372
1616
0.44163110071919703
1617
0.6408989853942134
1618
0.3741623647256554
1619
0.423579324562686
1620
0.5716406295004588
1621
0.42656643668315775
1622
0.42297389162533733
1623
0.5652072681195048
1624
0.3744031385153765
1625
0.7304067418309247
1626
0.4844472101981939
1627
0.3836210335232605
1628
0.647823380188429
1629
0.4151407665778831
1630
0.5609092333530654
1631
0.5555439771782767
1632
0.4403057017419472
1633
0.42008547817966285
1634
0.4102361283029109
1635
0.5761537565994421
1636
0.9728002515588494
1637
0.49664499840913884
1638
0.4275297972701448
1639
0.46916510193087285
1640
0.40033002779852017
1641
0.44765051927445837
1642
0.4780740576630521
1643
0.75011575408673
1644
0.5417198430485664
1645
0.732732904718881
1646
0.4775833426212013
1647
0.44019025264827577
1648
0.5334512271224464
1649
0.39742232186707915
1650
0.507052833563497
1651
0.39293115767498765
1652
0.41716158779480106
1653
0.8480504073167594
1654
0.6042486352148485
1655
0.4894546335763954
1656
0.38758153842262383
1657
0.5127041509673237
1658
0.4870452371500924
1659
0.7806020959702362
1660
0.48905963186016294
1661
0.4560128061958303
1662
0.41890021713185926
1663
0.5654763846708376
1664
0.5020613936631994
1665
0.6332194275554637
1666
0.376899624144415
1667
0.5821865763812666
1668
0.5394465788376797
1669
0.5481332809607584
1670
0.8047666386453979
1671
0.44940196081534056
1672
0.6758207224877294
1673
0.44055488356939254
1674
0.43109766992333
1675
0.3856759870359419
1676
0.3990428641805569
1677
0.7065573540639947
1678
0.5195079225543603
1679
0.4636710061262161
1680
0.40526631890928555
1681
0.6213044293974352
1682
0.5266665474518619
1683
0.6647537622794033
1684
0.6303576503562711
1685
0.46552372517292373
1686
0.5080456992772187
1687
0.4557334082498662
1688
0.5178717865624948
1689
0.5215374535287584
1690
0.5236937024150244
1691
0.5250132538683012
1692
0.5566250462682062
1693
0.41469370271209893
1694
0.5917260684944577
1695
0.6579040797828937
1696
0.4129885260529116
1697
0.47198499453458975
1698
0.4986396579994772
1699
0.43221841747195744
1700
0.58995110557297
1701
0.382675337090615
1702
0.7726347464941831
1703
0.5058305566839668
1704
0.577881196041171
1705
0.7162590505106392
1706
0.643908487101493
1707
0.6107443342729323
1708
0.7419041598946889
1709
0.4212254659949369
1710
0.42771744585066546
1711
0.3999274650112675
1712
0.9359053987354913
1713
0.496244332471038
1714
0.46132094791125416
1715
0.5607350040338968
1716
0.44168592961788183
1717
0.6827987305557827
1718
0.52465895290044
1719
0.5219210283324455
1720
0.5441126377524486
1721
0.5333283103422608
1722
0.4966371318636042
1723
0.6369269684344334
1724
0.47280225837499823
1725
0.5509537033731947
1726
0.4969686618515245
1727
0.3467795487338549
1728
0.415741746479685
1729
0.46907502328537326
1730
0.44589906992195183
1731
0.7787989289684348
1732
0.5894717444677172
1733
0.5135769359902754
1734
0.5052981920691002
1735
0.40036532655694435
1736
0.4981681272058693
1737
0.38776689498559974
1738
0.5775316998998054
1739
0.8005135571701466
1740
0.5659845315090578
1741
0.41981025010969614
1742
0.7068681813041036
1743
0.5440087266551281
1744
0.6197101927647328
1745
0.5085857278696595
1746
0.5713160476192481
1747
0.49206409322365735
1748
0.48826596851868803
1749
0.476260862555896
1750
0.6291352067166198
1751
0.41068661741731877
1752
0.6040501823073646
1753
0.99269870733646
1754
0.496966766622251
1755
0.3738954109247248
1756
0.3560577084222431
1757
0.8346516603702782
1758
0.5623334887778598
1759
0.36190845082185946
1760
0.5457894805079843
1761
0.3907489495351402
1762
0.560070417468355
1763
0.6335827758266305
1764
0.48395349037654206
1765
0.6140607580919929
1766
0.5118240976153744
1767
0.7543610263335951
1768
0.40732907154046827
1769
0.526873528195513
1770
0.6435852233619658
1771
0.516457496204299
1772
0.6457739853293631
1773
0.4333661933930755
1774
0.43143635749287806
1775
0.4357552864299475
1776
0.4399629778972661
1777
0.8224410870460389
1778
0.49008778684848014
1779
0.44868740429397297
1780
0.5481266703808857
1781
0.38693430389419325
1782
0.43464909272809904
1783
0.8127542563634401
1784
0.4173949821180522
1785
0.6584852083946241
1786
0.6781062349143882
1787
0.4351274237949292
1788
0.5306043789738121
1789
0.5048435514147028
1790
0.5152472550529327
1791
0.5721556288916462
1792
0.3848622884751082
1793
0.48789516234821384
1794
0.5731062155797035
1795
0.42209265047292316
1796
0.8029721146568541
1797
0.4856678757797492
1798
0.891364199816636
1799
0.6577600783612031
1800
0.5349504298219171
1801
0.6059697513914727
1802
0.43696499885009343
1803
0.43213243352130487
1804
0.6939179477566628
1805
0.49826883710539943
1806
0.8416705536538023
1807
0.43453048255193094
1808
0.4395120963954975
1809
0.5565126638827271
1810
0.43923039713284706
1811
0.45449961210149836
1812
0.5304367693980452
1813
0.36104935931112386
1814
0.6225152891226308
1815
0.3879975894205787
1816
0.6217775000489532
1817
0.6324598550786908
1818
0.387163142945476
1819
0.5021967419722086
1820
0.48248804345174323
1821
0.43387562887033565
1822
0.38639921011130024
1823
0.3384380565468347
1824
0.40575534584295403
1825
0.4285347464612071
1826
0.38907705663695324
1827
0.543291075064753
1828
0.4730460835183975
1829
0.5169733675343309
1830
0.48159797862418585
1831
0.7832801514131178
1832
0.5504549662327757
1833
0.466409584482734
1834
0.5684010336639975
1835
0.701788594709331
1836
0.4584772591520686
1837
0.4624241311587488
1838
0.39713068411225694
1839
0.47505230113441616
1840
0.695004384996351
1841
0.4470189425314572
1842
0.6949550520608629
1843
0.4149508663784041
1844
0.6583403886828593
1845
0.5588376615241835
1846
0.8936939393756947
1847
0.7223133160846095
1848
0.7234483302998511
1849
0.5241181289605206
1850
0.43353395855077087
1851
0.49727076547149784
1852
0.5638112206151401
1853
0.5206140929778028
1854
0.5371596667799385
1855
0.4977005046824912
1856
0.4076183373349858
1857
0.4637244221805662
1858
0.4380964394766392
1859
0.5096452539274389
1860
0.3940070038641407
1861
0.8257000716042836
1862
0.4296761911272458
1863
0.5491016111891535
1864
0.6689962759888773
1865
0.6251961965541482
1866
0.5413436062482087
1867
0.5803077833178583
1868
0.5571525917014706
1869
0.4427153494450148
1870
0.47466264693682186
1871
0.5830845845067725
1872
0.3961456316389026
1873
0.5122750944721095
1874
0.5204835585592256
1875
0.44083583129867326
1876
0.39557890184372935
1877
0.5871270018013668
1878
0.34164352918089774
1879
0.5446838983962627
1880
0.4298274881393112
1881
0.6577054672821543
1882
0.41099752735686657
1883
0.5831349023498492
1884
0.36980618242654434
1885
0.9266677343686913
1886
0.5297645706030282
1887
0.9905673023989642
1888
0.48939627879941794
1889
0.5807223239968121
1890
0.4724561203067446
1891
0.43805129472638676
1892
0.4873313229310123
1893
0.5356437789849016
1894
0.5307343898841804
1895
0.5109988874461694
1896
0.5586822987919804
1897
0.6828060188062465
1898
0.5167971466067827
1899
0.4234357394038209
1900
0.43378401465606986
1901
0.46334893410288625
1902
0.455594486652197
1903
0.4236343143016696
1904
0.5521067479201514
1905
0.5866043073781811
1906
0.4884098553063669
1907
0.44539178290819775
1908
0.5297628031280444
1909
0.466648407062735
1910
0.4108987075229303
1911
0.4446680386082634
1912
0.4362479203186484
1913
0.4154057560534809
1914
0.410178552048876
1915
0.41477150723866213
1916
0.5567400413616094
1917
0.44605998885525344
1918
0.6063406504810247
1919
0.41308782209248085
1920
0.42485008266221774
1921
0.8571585215750538
1922
0.5270200930664651
1923
0.5532237514009714
1924
0.45860032949557084
1925
0.5540665184058047
1926
0.47884540387281066
1927
0.5910108133139312
1928
0.4330033462544533
1929
0.4821267678345743
1930
0.45065679700334016
1931
0.831960898674273
1932
0.4185515784049069
1933
0.734901443366939
1934
0.4451915242132251
1935
0.4544998786946594
1936
0.6921675267324796
1937
0.5164510005605252
1938
0.4836364068985793
1939
0.4682449412234507
1940
0.4910359592736424
1941
0.5137092024610994
1942
0.8728552258664273
1943
0.33139889129807154
1944
0.45478579815418196
1945
0.4115391646149655
1946
0.5453621529058402
1947
0.6775316185918223
1948
0.40997441162998494
1949
0.5073687749639929
1950
0.5350656611435669
1951
0.5474826802381333
1952
0.42915050182183306
1953
0.6225706954460073
1954
0.6135495173695935
1955
0.8362350666373128
1956
0.4264262491836772
1957
0.7342810277988894
1958
0.4413113415244904
1959
0.7915969068695059
1960
0.3871765407343468
1961
0.5053310527789836
1962
0.39979779308892255
1963
0.40027181518804567
1964
0.4262774072934793
1965
0.41229314265685835
1966
0.3059746035780608
1967
0.43994618513851197
1968
0.6630609135227978
1969
0.5080855935389803
1970
0.4444506434670502
1971
0.41960343704273484
1972
0.5453130955818143
1973
0.5243516310516544
1974
0.4636521253025514
1975
0.3790217598725615
1976
0.837653851033033
1977
0.4625675779619394
1978
0.42068700216037647
1979
0.3991978937480449
1980
0.3865923680383774
1981
0.4575099660289307
1982
0.6979631380467737
1983
0.5273263420340485
1984
0.5080222852969613
1985
0.4056120322133226
1986
0.5518763920798168
1987
0.34199119902075714
1988
0.47815799210208026
1989
0.4885671622193708
1990
0.42537575255203347
1991
0.4719388200897241
1992
0.4080712280594853
1993
0.46834040683817796
1994
0.45028340915953796
1995
0.3882973328180897
1996
0.710217072008285
1997
0.45877334961404803
1998
0.7363264735029202
1999
0.5464014234559711
2000
0.5516144613945542
2001
0.5278757468267703
2002
0.497192371056966
2003
0.39662123269054067
2004
0.5406957010693096
2005
0.5466470787807137
2006
0.5270850831831092
2007
0.4184037297901847
2008
0.380680472656251
2009
0.5038977647664193
2010
0.5063023513658387
2011
0.4163684954281806
2012
0.5443095782194122
2013
0.4611491967726461
2014
0.500654726877019
2015
1.5083382592880885
2016
0.5862483084410504
2017
0.4325783229010622
2018
0.5268765191588379
2019
0.5054879400959225
2020
0.5720676315485701
2021
0.8174817718259535
2022
0.4319180867878989
2023
0.5704094036132
2024
0.401908537301418
2025
0.5741460050501863
2026
0.5281785441104354
2027
0.9618279103471589
2028
0.7520514884720985
2029
0.46726713773754525
2030
0.3778905495860239
2031
0.5205518521914146
2032
0.527554576882324
2033
0.4622383060945484
2034
0.6207546234270844
2035
0.37018841473010505
2036
0.5881178429471626
2037
0.5135073999258123
2038
0.49893977375922033
2039
0.45346605203505896
2040
0.47051616822990744
2041
0.5245380061176506
2042
0.5415573815143565
2043
0.4340878168030969
2044
0.5006307415996702
2045
0.4134512757842671
2046
0.7949782756406314
2047
0.6554098405029998
2048
0.5128524271886524
2049
0.634677833201178
2050
0.5693846016690387
2051
0.4602801031154913
2052
0.7126489731935303
2053
0.616905593532686
2054
0.5441195857228137
2055
0.779252246678908
2056
0.426585522150127
2057
0.6758452960853478
2058
0.4533261856523206
2059
0.4834031467600936
2060
0.398542631863625
2061
0.3645265924501395
2062
0.4172068382410766
2063
0.5678575395555634
2064
0.5031299589859892
2065
0.3855170212003857
2066
0.47252379976751036
2067
0.48923950973783026
2068
0.5298570603920558
2069
0.4922217589246796
2070
0.39993392857899135
2071
0.4517499909415793
2072
0.8528866952363781
2073
0.5859066890742598
2074
0.3508305082785078
2075
0.43768164584217006
2076
0.35885909895558943
2077
0.44916037093664934
2078
0.48326962796804873
2079
0.615737913421417
2080
0.5727977124984814
2081
0.5559204263407586
2082
0.4135522553277293
2083
0.49271587900688846
2084
0.43606183002782034
2085
0.46739827106048476
2086
0.4883508419884933
2087
0.523994330528715
2088
0.6377045776251106
2089
0.5668072523887213
2090
0.4289289370632631
2091
0.596028913260523
2092
0.6790929181486918
2093
0.504234909044314
2094
0.5143935576049784
2095
0.418592185593341
2096
0.601524897550413
2097
0.5560273950403337
2098
0.6464185035116562
2099
0.5634852780331676
2100
0.47014105994095584
2101
0.5374145721242493
2102
0.7512510996751595
2103
0.65657535905136
2104
0.7771634397600101
2105
0.43088772135832676
2106
0.43060187722050314
2107
0.5081357595070869
2108
0.5366496025969281
2109
0.48029233215789335
2110
0.3888077278230465
2111
0.4779306504568168
2112
0.6736798358522996
2113
0.5866274428820907
2114
0.6607615923715138
2115
0.5022480709629904
2116
1.070571134473108
2117
0.4253118671703068
2118
0.39607973946941616
2119
0.45390706473000897
2120
0.5525092435251968
2121
0.4774700411893938
2122
0.9348655497677001
2123
0.37298357409832067
2124
0.3735511066247371
2125
0.5473606635603118
2126
0.40878057306589255
2127
0.4018310561417545
2128
0.5966138525091936
2129
0.36241628416523347
2130
0.46057379644236296
2131
0.7773581407535732
2132
0.4350143497669662
2133
0.5470526926483241
2134
0.5340733750007568
2135
0.3904000008319825
2136
0.41498141066946814
2137
0.4412329531545929
2138
0.3851779387515177
2139
0.4068220253126258
2140
0.7011273742404358
2141
0.5817841127705892
2142
0.48977321299537857
2143
0.4838502442515742
2144
0.6632077738265884
2145
0.6867645980102298
2146
0.6816740062926546
2147
0.4605316735576352
2148
0.36631512894966434
2149
0.7969058516787361
2150
1.061731651335605
2151
0.5191383209322868
2152
0.44219797858717574
2153
0.3888345909870152
2154
0.3931411416681056
2155
0.38325182786489115
2156
0.39755709546892704
2157
0.7374739019224363
2158
0.48116932645156857
2159
0.525977977538944
2160
0.4336977544498929
2161
0.43506435258011394
2162
0.474949507962032
2163
0.6802386730336031
2164
0.4472292776992843
2165
0.4549053618230001
2166
0.5356641110761223
2167
0.48020080992319114
2168
0.53052113852589
2169
0.6548767833682972
2170
0.8126790254363746
2171
0.5268079585843982
2172
0.693117922109174
2173
0.5803909047994094
2174
0.3880672577471635
2175
0.6094418398568741
2176
0.6930800152117085
2177
0.41755048250827914
2178
0.600642692798901
2179
0.44855869877935217
2180
0.5941961974841441
2181
0.6577149088810695
2182
0.4302757397174338
2183
0.6082188093625818
2184
0.5247832564618156
2185
0.4715410494527465
2186
0.7022200182596193
2187
0.5476287165388743
2188
0.37035435144942735
2189
0.4178915838488168
2190
0.4376028642659111
2191
1.026408280468749
2192
0.7288683659456449
2193
0.3782863168700951
2194
0.5905162926961813
2195
0.6003349341976458
2196
0.9925623000732277
2197
0.4486330825096559
2198
0.3313310399824237
2199
0.4905389295339072
2200
0.4083136809767711
2201
0.48265864793589336
2202
0.7871234509175784
2203
0.7095585023529903
2204
0.5367580417632073
2205
0.6268379185648634
2206
0.7483773490538111
2207
0.5663776903411601
2208
0.4280292368995174
2209
0.44408753068425305
2210
0.7155151020728081
2211
0.3838149138463366
2212
0.8629096064408062
2213
0.5132163558211353
2214
0.588157502682623
2215
0.41579621067387024
2216
1.1233976342257452
2217
0.591388561149646
2218
0.7924943755208651
2219
0.37451486264041073
2220
0.5291341666123603
2221
0.455626895932679
2222
0.49113144261171626
2223
0.6020242457433499
2224
0.6465797006995015
2225
0.6798701737401251
2226
0.6910869183486228
2227
0.5257989435544395
2228
0.5663426209563437
2229
0.7517394981418961
2230
0.4444006889016603
2231
0.6062849159143995
2232
0.5882797653870391
2233
0.5722958094655713
2234
0.6471042770773572
2235
0.5365592513629596
2236
0.5771279131587853
2237
0.4345220910395306
2238
0.6095569598068168
2239
0.46574920171645173
2240
0.3701271329371903
2241
0.4453844809565611
2242
0.6128447437653184
2243
0.894788362099474
2244
0.37068637747046734
2245
0.6969052556471871
2246
0.4037433424438073
2247
0.5378804522793039
2248
0.4673457749004394
2249
0.7651332354738579
2250
0.4543709504288389
2251
0.5017841303650601
2252
0.9806825858108726
2253
0.5240369350182827
2254
0.47337882947223037
2255
0.4316850889252983
2256
0.5210426978300136
2257
0.47806416936649815
2258
0.8927264008421488
2259
0.5528342570829515
2260
0.6216087017643146
2261
0.5184460925511345
2262
0.7094984287745557
2263
0.3846629067403271
2264
0.3914998961330499
2265
0.41652857699127194
2266
0.42352581520003835
2267
0.4239525814558203
2268
0.689767801853714
2269
0.4159161537596022
2270
0.5716472212705067
2271
0.45201986355301194
2272
0.5697964505359375
2273
0.387630995009388
2274
0.4632449105329476
2275
0.4200804232989308
2276
0.4726850039200643
2277
0.5508993209680417
2278
0.390676414002653
2279
0.48555418135059225
2280
0.891459470789924
2281
0.46255619023406386
2282
0.6105531810756487
2283
0.3796498080280913
2284
0.42934199159183917
2285
0.513894084521414
2286
0.4420881505562278
2287
0.7324089610770802
2288
0.5096510731146963
2289
0.7301501447469875
2290
0.3837545292916629
2291
0.4582918470111579
2292
0.7904871916138818
2293
0.32304694952224283
2294
0.6050118516454329
2295
0.4131213981612717
2296
0.6401083260433891
2297
0.5188447016284328
2298
0.7134572635521798
2299
0.5909116425138928
2300
0.536074439114564
2301
0.38122022903827146
2302
0.5590783230976265
2303
0.42858282083637883
2304
0.9200779864700487
2305
0.4347245119014166
2306
0.3694253731599043
2307
0.6958328882601945
2308
0.47743717956330195
2309
0.5196051087029764
2310
0.41318386800801554
2311
0.7023396993007508
2312
0.5012017396623929
2313
0.47759652804278235
2314
0.4452677567730132
2315
0.5135651987964185
2316
0.5195213494391318
2317
0.4547492993457125
2318
0.4736054356244771
2319
0.7637804849679628
2320
0.5365389029074564
2321
1.0118053932859195
2322
0.5533743247049769
2323
0.5528888764392247
2324
0.5884486926111336
2325
0.4746994362134053
2326
0.4011964128162984
2327
0.4204863032058837
2328
0.3676938397120549
2329
0.5833578877534028
2330
0.6386195032616195
2331
0.656835493255124
2332
0.5093732666228864
2333
0.5513995257530804
2334
0.6028288162899
2335
0.5272224537401157
2336
0.47738600413514587
2337
0.4320330315427155
2338
0.7741629187505612
2339
0.5131573283924391
2340
1.0706768927487278
2341
0.9218602992855583
2342
0.49114219369709855
2343
0.6223211782543526
2344
0.8660029532407248
2345
0.44483352159988826
2346
0.3791543851218489
2347
0.6642343084069999
2348
0.5426148262724174
2349
0.5245918709788293
2350
0.5972820817146152
2351
0.7056034092914819
2352
0.5481074680246318
2353
0.5509001474197461
2354
0.6791258954811195
2355
0.8588391232140233
2356
0.6020129795286763
2357
0.3381935284461001
2358
0.4367730570101274
2359
0.5043700706492303
2360
0.604042787580649
2361
0.5579090232143185
2362
0.4256341223536406
2363
0.8424366288805506
2364
0.375047580503821
2365
0.4791618298544289
2366
0.7274354828499925
2367
0.39286956059937633
2368
0.5272064496566831
2369
0.8195617059274677
2370
0.519165899650457
2371
0.5464492702252262
2372
0.451518770494528
2373
0.6248452535743393
2374
0.6534758407114329
2375
0.43468989039163364
2376
0.9845273924515157
2377
0.4910217179742986
2378
0.5489839176888239
2379
0.7881298180055881
2380
0.573606249825687
2381
0.5286750457442819
2382
0.4133614799302007
2383
0.7120315035582694
2384
0.48798026557734786
2385
0.5749453012572924
2386
0.5411508011422763
2387
0.5045418716593869
2388
0.3648868582088451
2389
0.7689742497186306
2390
0.3334030715045141
2391
0.4186004016108532
2392
0.502334715972022
2393
0.47255542974393655
2394
0.6062949223380628
2395
0.6290987176198803
2396
0.4773807111861404
2397
0.4481172538386201
2398
0.3655050487507825
2399
0.5326640718063145
2400
0.5494363936352321
2401
0.43948964984372824
2402
0.3380073356016395
2403
0.42749449349436364
2404
0.9480264486622353
2405
0.4329328353163083
2406
0.5011804136986935
2407
0.6212226831177513
2408
0.5349774623904432
2409
0.5566350928076387
2410
0.5696627119939378
2411
0.6991816298533264
2412
0.527240330172115
2413
0.5370537636336776
2414
0.4135052660437404
2415
0.6956454383256042
2416
1.014516318229563
2417
0.4417783135030314
2418
0.46021650960692395
2419
0.7050813540796769
2420
0.4781487283460497
2421
1.0426012203945831
2422
0.5202302968605729
2423
0.6345973692362376
2424
0.3747567862545671
2425
0.9408420903954112
2426
0.4533143618498384
2427
0.6567615895954944
2428
0.4758197170696173
2429
0.5970259220380727
2430
0.3816763241633107
2431
0.6351441394517146
2432
1.0221738446855364
2433
0.7836623890749599
2434
0.40725771881533207
2435
0.670825706366752
2436
0.3938258820771319
2437
0.43479308376514086
2438
0.4461494512587717
2439
0.42782556508640734
2440
0.45482374469318615
2441
0.4664418021703555
2442
0.5132182298964719
2443
0.5412511927885272
2444
0.5554185963156767
2445
0.5252693849202886
2446
0.7164682006673058
2447
0.5158892669253238
2448
0.45920998216987885
2449
0.4425859399254133
2450
0.5578722967176031
2451
0.4462791901764662
2452
0.4616506139770319
2453
0.46486130291342737
2454
0.5125400449813928
2455
0.5404229127498226
2456
0.5269248540296697
2457
0.6315458199952231
2458
0.42196207688059956
2459
0.4110979068377169
2460
0.5558922957309421
2461
0.6922256580312677
2462
0.5235271471331205
2463
0.34792822384652633
2464
0.5091078978053206
2465
0.44850997108652546
2466
0.5609181446206593
2467
0.4535029526768427
2468
0.4888716835190521
2469
0.45334974856413884
2470
0.5924170472473009
2471
0.39119369283936495
2472
0.6221862468457946
2473
0.9535767956800759
2474
0.5714675758261684
2475
0.5244602719715669
2476
0.39789345020130323
2477
0.4513850957151546
2478
0.3172505501866396
2479
0.4635926599383451
2480
0.44529987186144304
2481
0.7938173852002285
2482
0.46486500429872085
2483
0.541612051085902
2484
0.5394190385851289
2485
0.6060201454071804
2486
0.5183630953423051
2487
0.6616101052587626
2488
0.4125286849060802
2489
0.406707667800226
2490
0.5180138305194412
2491
0.4684243217248547
2492
0.5611141804526618
2493
0.474842982368006
2494
0.46339286864219925
2495
0.46865645876102985
2496
0.4084438299804821
2497
0.42111950752874494
2498
0.4391249586080426
2499
0.5541941794063426
2500
0.3608341033439148
2501
0.5648549683217223
2502
0.5436911235408628
2503
0.6645496262410954
2504
0.5107703495703942
2505
0.3849353490055926
2506
0.6730245992085002
2507
0.39925881173690836
2508
0.4608642729609938
2509
0.5342603168236818
2510
0.5987787243773305
2511
0.7974311008581847
2512
0.3909601188805849
2513
0.6356129624654004
2514
0.4762748093233318
2515
0.5173049762728499
2516
0.605578876762928
2517
0.5103628114283131
2518
0.48653678529361793
2519
0.5739651910320213
2520
0.7705024726257725
2521
0.37842728460784847
2522
0.8022583092652837
2523
0.6523099046052443
2524
0.3981860400118534
2525
0.5325400242609518
2526
0.4491417582238463
2527
0.41760333900155855
2528
0.5119971664637366
2529
0.4219809058059907
2530
0.5352739328150544
2531
0.4842332678384798
2532
0.5538597496012303
2533
0.5747062529245887
2534
0.6780794860813594
2535
0.6567641725077185
2536
0.418538624582204
2537
0.5071038941907786
2538
0.4236790225228444
2539
0.6531772166489215
2540
0.5759192503738473
2541
0.35314321581999575
2542
0.4492117225044982
2543
0.41364922974551466
2544
0.7912761078164011
2545
0.5986695973508166
2546
0.5776943383351252
2547
0.5968235036431522
2548
0.6188087757210885
2549
0.5441625828786633
2550
0.8203719393247072
2551
0.37181207744446226
2552
0.4248829191651468
2553
0.5238931722045959
2554
0.6302541072066004
2555
0.4031113102948019
2556
0.3901804356425102
2557
0.7312582671192848
2558
0.5591362270629386
2559
0.8030319319081087
2560
0.4626054662516898
2561
0.46098623698046304
2562
0.5712234562333718
2563
0.4106982037862177
2564
0.8574167906522555
2565
0.5412662719338622
2566
0.7627373308105029
2567
0.4931892753983237
2568
0.5325602004794447
2569
0.5967335174025193
2570
0.7322520963648065
2571
0.6615660733217043
2572
0.4811630234070981
2573
0.6833344243199674
2574
0.9519665891051982
2575
0.4294235876507471
2576
0.7883752727229719
2577
0.4530576244306635
2578
0.74936832813862
2579
0.48740215143114285
2580
0.8257564602922695
2581
0.39902594074810993
2582
0.4757179779675526
2583
0.38670075186687064
2584
0.6519213724584486
2585
0.41294472420063044
2586
0.6138229413605782
2587
0.40752868860884334
2588
0.46282126007759966
2589
0.668138547349962
2590
0.6669968100629868
2591
0.4925748150461151
2592
0.3390116561870257
2593
0.5122064114082645
2594
0.4360221553189693
2595
0.4535142117037334
2596
0.4099479933431392
2597
0.513307203080008
2598
0.5265746309208191
2599
0.866686183335599
2600
0.690745859850568
2601
0.6552348247709108
2602
0.38880876432730943
2603
0.6485992605139068
2604
0.5611594416096721
2605
0.9422580115892787
2606
0.3508709107875135
2607
0.429120360470405
2608
1.1292871229230461
2609
0.485470230155601
2610
0.38183354705960626
2611
0.7832422374155833
2612
0.44672966277204423
2613
0.7189567798187035
2614
0.42296203969175955
2615
0.7547907919401778
2616
0.46139687094392545
2617
0.41649361151427394
2618
0.8326349228111202
2619
0.5723170638953975
2620
0.43111494627165803
2621
0.5471932594639156
2622
0.4316996891592016
2623
0.5015836951848718
2624
0.6285015195837019
2625
0.43769994043022586
2626
0.49666519321608876
2627
0.5309481703130104
2628
0.4259162486208394
2629
0.44015796855416855
2630
0.7881264631887861
2631
0.6630904346216715
2632
0.39139071491765537
2633
0.3882591615762068
2634
0.3940745131868013
2635
0.3969538054405486
2636
0.5122170032291065
2637
0.4601406502995069
2638
0.5474629607689969
2639
0.5306412393834015
2640
0.3583676975217358
2641
0.8581444526658468
2642
0.45327347006686863
2643
0.5594219544372289
2644
0.46066080794797526
2645
0.40381398817771663
2646
0.4505543102373579
2647
0.4684508753069239
2648
0.48107667582185454
2649
0.45576307457613024
2650
0.5560696060282897
2651
0.4496706852819917
2652
0.5824967182970809
2653
0.45680737430500784
2654
0.3936695848319813
2655
0.5543241517452077
2656
0.5886761948575655
2657
0.49920102559980367
2658
0.41380256580069236
2659
0.4922593317379554
2660
0.4441119409696404
2661
0.5098261082781412
2662
0.7750679685921511
2663
0.4916063361989725
2664
0.6031782921158758
2665
0.5038568775358255
2666
0.7672109636707612
2667
0.34421810801720953
2668
0.40288965058101694
2669
0.40537627684799
2670
0.4323316112630669
2671
0.5634513251976527
2672
0.4594439804733974
2673
0.6372838749219206
2674
0.5464278411858237
2675
0.4107013125664148
2676
0.3956556110029046
2677
0.6448398721040065
2678
0.6680825670429216
2679
0.46279265032740585
2680
0.4076545462566292
2681
0.6827035523963128
2682
0.47660261313669017
2683
0.6055423242069231
2684
0.39320355332257495
2685
0.7055224106962315
2686
0.7086789329976018
2687
0.7934853854741629
2688
0.498197262205207
2689
0.5631179774370179
2690
0.4788223878926954
2691
0.45828451569990525
2692
0.5889120158895896
2693
0.46247729471229404
2694
0.4988029005657763
2695
0.46448551402249966
2696
0.6078303278841357
2697
0.6101425994467872
2698
0.556922907405481
2699
0.49801274370731147
2700
0.352268241843819
2701
0.5262773870959003
2702
0.6613910241944317
2703
0.47532391386913847
2704
0.6049398968589783
2705
0.4072469125665619
2706
0.4069605371549673
2707
0.471383138279111
2708
0.4822339699814394
2709
0.3442824270757503
2710
0.44872276554828355
2711
0.4636189976619605
2712
0.433116218776442
2713
0.6528118112100623
2714
0.6941662878324839
2715
0.6071758935700459
2716
0.3943310668307727
2717
0.4338820717856687
2718
0.40838009358465804
2719
0.4286859526261606
2720
0.6514202014999392
2721
0.39320434690387657
2722
0.40709862142131387
2723
0.6711004196831497
2724
0.4347416970478843
2725
0.4402457179209235
2726
0.5023501522732307
2727
0.6827572591380316
2728
0.46960544077339844
2729
0.4658851198005427
2730
0.35186258807719206
2731
0.5124937273852684
2732
0.37424359864558077
2733
0.4276779539524709
2734
0.4159260697371402
2735
0.5117952165712807
2736
0.8378021335006397
2737
0.39148687905000434
2738
0.4862508744763669
2739
0.8421669807293869
2740
0.4373611018918404
2741
0.46819385005198
2742
0.45987568782884125
2743
0.5253260512998865
2744
0.5555011709493651
2745
0.568039953871713
2746
0.42692682349881766
2747
0.5440891033094942
2748
0.4523761245558377
2749
0.4524736938947961
2750
0.7293714190076709
2751
0.4027503157405548
2752
0.47137268611982136
2753
0.42308422874760293
2754
0.41867278871149927
2755
0.501113857932989
2756
0.6019482358140884
2757
0.6900212864743189
2758
0.34928703930321675
2759
0.6162575118393081
2760
0.5571342378073533
2761
0.6136612627492699
2762
0.6729554785814715
2763
0.4616378948172808
2764
0.37083416294923177
2765
0.5643610274967789
2766
0.42453729826570613
2767
0.4105156841864739
2768
0.8284727189863557
2769
0.48690952830335227
2770
0.7902154981791425
2771
0.7465874046802249
2772
0.7210420298280049
2773
0.43717828404286574
2774
0.46545726865260556
2775
0.4964964613704062
2776
0.5586116235315236
2777
0.5315330052494639
2778
0.5154316946409385
2779
0.3674579708247265
2780
0.5354689775128698
2781
0.6170021258821997
2782
0.7255748660178172
2783
0.4881159660105396
2784
0.47326427022193146
2785
0.5032018866474094
2786
0.3609480491816869
2787
0.47282399278097803
2788
0.43254849615482477
2789
0.4446969571166678
2790
0.38126337825681034
2791
0.6760216606438446
2792
0.5592390125003329
2793
0.5849269419857633
2794
0.6340739139015875
2795
0.5599408609473766
2796
0.687373377686027
2797
0.6180048020151183
2798
0.4646028412272711
2799
0.48484405594271907
2800
0.6412923745664126
2801
0.6969507829236951
2802
0.5387895905835552
2803
0.5006030072294505
2804
0.41064106808652934
2805
0.7561146566346975
2806
0.4294686350528117
2807
0.3578688634600491
2808
0.5261691341131776
2809
0.4221683141558008
2810
0.6675402971684168
2811
0.8257117163848531
2812
0.6346086043374863
2813
0.40574719185101527
2814
0.5176505686514521
2815
0.533619080189237
2816
0.4150951342720958
2817
0.6873754414041352
2818
0.4074992942766999
2819
0.9373953831993234
2820
0.4328602852147668
2821
0.9453388242778588
2822
0.6664146137897673
2823
0.39184259981334557
2824
0.6317503846769341
2825
0.49465090992560223
2826
0.4331743192196611
2827
0.5446195423628504
2828
0.5793176547759791
2829
0.45266788934344593
2830
0.5157451488572719
2831
0.4241922405152617
2832
0.522770287388285
2833
0.5183651493797404
2834
0.653057125693716
2835
0.5688743578020471
2836
0.6835800697094907
2837
0.78376555691212
2838
0.49571056079718495
2839
0.6331043600495736
2840
0.46700653238548745
2841
0.47438320395947986
2842
0.42313122283832894
2843
0.47071297159871744
2844
0.3866358025530927
2845
0.4529060085418116
2846
0.8644235399496942
2847
0.629206698251068
2848
0.5932266464313979
2849
0.39642624672865195
2850
0.3786306384342731
2851
0.4823031717270628
2852
0.4571258053511458
2853
0.6620392410902536
2854
0.48195700622926674
2855
0.6755402297128147
2856
0.47194329004073177
2857
0.5250242438490961
2858
0.4479187555280454
2859
0.45983292992739083
2860
0.5300614913677736
2861
0.6894520560007351
2862
0.47985171602049925
2863
0.41078714725219945
2864
0.4873040111922014
2865
0.42624546141591063
2866
0.49079645282381945
2867
0.6574145087087245
2868
0.3419666099639285
2869
0.3687550456291819
2870
0.4988224651896192
2871
0.784227989447556
2872
0.4537453171456746
2873
0.6006327145930426
2874
0.4344759315071813
2875
0.4202004968237551
2876
0.5716453222735322
2877
0.5940845254147552
2878
0.48928568553410057
2879
0.8257227354531735
2880
0.5316472148552666
2881
0.47061697922979373
2882
0.4242584716471584
2883
0.5294218798097108
2884
0.5191659184167633
2885
0.649789283458914
2886
0.4054628883297551
2887
0.826508590814455
2888
0.7416279345518375
2889
0.4749451024186802
2890
0.43434794576573615
2891
0.562939292928315
2892
0.45293244000556754
2893
0.48588509041368094
2894
0.5750589733939608
2895
0.4888701498496151
2896
0.5296888268439404
2897
0.5203179082701712
2898
0.40562038938916317
2899
0.7443530650818081
2900
1.2536195126960308
2901
0.7645493050912147
2902
0.5466873223257667
2903
0.5417496514118274
2904
0.37956372343530015
2905
0.3849344869586787
2906
0.6216884788238746
2907
0.5057621752294659
2908
0.5695523587219498
2909
0.485449918417186
2910
0.5633626220252532
2911
0.655914117710763
2912
0.5037465405841363
2913
0.5493005849896149
2914
0.4606228987110073
2915
0.7712795980772286
2916
0.48580383765037166
2917
0.5064769821483746
2918
0.5118966330506529
2919
0.42341973126348076
2920
0.5252807917499248
2921
0.3433356514579204
2922
0.5655959757749454
2923
0.5634979756398885
2924
0.45369348873731935
2925
0.48757225050560554
2926
0.5565673151403623
2927
0.5016091747516954
2928
0.3942126729999808
2929
0.63744156113453
2930
0.3965723033247446
2931
0.42287257929892286
2932
0.3578587487377322
2933
0.5159959251643382
2934
0.7562328987495979
2935
0.3813773420772658
2936
0.6320308094555744
2937
0.7492750412142253
2938
0.46747453808121125
2939
0.5376359261888445
2940
0.8465746830064055
2941
0.6302958314831885
2942
0.5858794302091039
2943
0.5878173726287435
2944
0.346921894496466
2945
0.3900741054773768
2946
0.5424902707416387
2947
0.4960196235200733
2948
0.3693112017241826
2949
0.40527196738170906
2950
0.4210878614992382
2951
0.3695940122817373
2952
0.378025221491711
2953
0.49703820250418257
2954
0.4842837395946718
2955
0.4482279653327253
2956
0.63508531001847
2957
0.4710955037479144
2958
0.4635188393450788
2959
0.37436001425426524
2960
0.5579594592587734
2961
0.32061914525185864
2962
0.5777636108590075
2963
0.7305669543820014
2964
0.596776352285732
2965
0.54583689991228
2966
0.40196402503944473
2967
0.5906476106096129
2968
0.49675794015944486
2969
0.49878549910130227
2970
0.680536010706916
2971
0.6670365528933557
2972
0.44986076534032166
2973
0.41700947316858045
2974
0.5084134964124594
2975
0.4778423515470298
2976
0.4541574611662439
2977
0.6365291941973997
2978
0.6420816735163346
2979
0.5425195888870427
2980
0.9322552247960101
2981
0.591004557486155
2982
0.9166751639241675
2983
0.8140295471412828
2984
0.48554296191829827
2985
0.46426375360162403
2986
0.37171598502948916
2987
0.4050533250637278
2988
0.4237491171202264
2989
0.4465058103484204
2990
0.40369538745277117
2991
0.35670235456713956
2992
0.3845492536647776
2993
0.5224711373768304
2994
0.37512700210057764
2995
0.6237305573326831
2996
0.5681474861695046
2997
0.6616233417620985
2998
0.5396026120958533
2999
Mean MAE: 0.5358524249032459
