nohup: ignoring input
0.33333333333333337
1281
427
1.171704205136711
0
0.9670410053453689
1
1.114076113584247
2
1.6397176700341534
3
0.6531755554341441
4
1.712252893039752
5
0.6778625704643195
6
0.5032395931442777
7
0.5396163323745988
8
1.4035055901530975
9
0.6479204588233127
10
0.977461918142338
11
0.8374408771600225
12
0.7754559039890782
13
0.6402850967450483
14
0.5699361583987653
15
0.6482926058648271
16
0.6642784821309617
17
0.7962805539164101
18
0.7685982686661961
19
1.0047668619900432
20
3.118465111387093
21
0.7411354299917229
22
0.9516020640533105
23
0.7020970033273934
24
0.6237465454827856
25
0.7468582167409169
26
1.1856513181495183
27
1.222212478202171
28
0.546994672669578
29
0.9291193102600397
30
0.6269765089603039
31
1.1173697185291716
32
0.6268248525572535
33
1.4174783928757717
34
1.1969020990037416
35
0.7759714955382959
36
1.0088624046573835
37
0.5124144624954171
38
0.8748708760242617
39
0.9923366798422681
40
0.7053457215410741
41
0.5696617106174481
42
1.6524977908902645
43
0.7241530226463251
44
1.1004822257163667
45
0.5928625708932307
46
1.5125082988527294
47
1.0414432152496442
48
0.7156352215183012
49
0.7582078870978698
50
0.4836528819252545
51
1.2946280436698832
52
0.9122918988672296
53
1.8087935986730832
54
1.0210022416395836
55
1.481762474465147
56
0.7820151738849271
57
0.8012838425177378
58
0.7524931292032455
59
0.8301313383346491
60
1.106563810901167
61
0.6164533771570301
62
1.0559462549583287
63
0.6727124865547855
64
0.8420590160727177
65
0.6394442558053336
66
1.0528524452286576
67
1.5152784393605967
68
1.4175699504362016
69
0.8017334709810073
70
0.6730190883106179
71
1.01958297378761
72
1.0350719463971363
73
0.7986928366982492
74
0.6293767573974688
75
0.979624900054012
76
0.6060269837157567
77
1.0082052068145821
78
0.7970477403886104
79
0.6894633130433357
80
0.5782466115649358
81
0.8910415863539318
82
0.9549317762947609
83
0.8525633225186461
84
0.5838620234210479
85
1.0641129633838484
86
0.6118688483029826
87
0.8996828912864479
88
0.7470123856459403
89
0.9277771859789549
90
0.5879553861502692
91
1.0650272367822187
92
0.7963571311435798
93
0.8760413969413106
94
0.7685901377229845
95
1.2363385568391403
96
1.0267587840032097
97
0.9939339262970949
98
1.5408335860134996
99
1.314755443235007
100
1.1083134788525226
101
1.8697190211805792
102
0.5291838643961649
103
1.611137730031673
104
0.6976175407695729
105
0.8322372985125088
106
0.5760848572231863
107
0.5184802356261949
108
0.8703067826069881
109
0.5940492604800458
110
0.8854340371431262
111
0.8228047702807698
112
1.1784437630897917
113
0.5736978332232043
114
0.7893269652048053
115
0.8586169739956897
116
0.520537339176475
117
0.6592236606191458
118
0.7377343499883164
119
1.0155447030826676
120
0.9104465170313468
121
0.9782495165343723
122
1.3656073604606793
123
0.8431776302960106
124
0.7818337220131225
125
0.6752725423748837
126
0.5149484408774341
127
0.963910884876288
128
0.7997439531103798
129
0.534236101681391
130
0.9176966191749646
131
0.6563890373927522
132
1.4305508568250962
133
0.8319826756580198
134
0.7344359497615319
135
0.5495843180572512
136
1.0073099768706544
137
0.8771892372488276
138
1.1005591394658687
139
0.5874920506671301
140
0.7465611739210126
141
1.503751485277124
142
1.1394675102355074
143
1.490542458321402
144
0.745076296577603
145
0.6017377061542301
146
0.5839450385623982
147
1.2492020108240103
148
0.5785781788025587
149
0.81631099026824
150
0.7402450939922355
151
1.4095880766956614
152
0.8041202364723374
153
0.6855512151028965
154
1.229925110385379
155
0.8188954917855633
156
1.1365118753096755
157
0.5917801852027786
158
2.4147081426893
159
1.6805291186808569
160
0.6546266577104699
161
0.549897904363922
162
1.568436503871746
163
1.2220745156103945
164
0.7915034230124367
165
1.216432250574465
166
0.6180885260809666
167
1.1064375692046406
168
1.6939418572594618
169
0.6608282554855408
170
1.981931818120487
171
1.024690306202998
172
0.7157967192020814
173
0.7608957885266953
174
0.7640735766785276
175
0.6178755067665931
176
0.5926495756189276
177
0.5967544250453057
178
0.8452361243917601
179
0.841342120622523
180
1.39017915966352
181
0.9762207834847529
182
1.5183148696177806
183
0.8069252080453017
184
2.763965109044469
185
0.9440013426177274
186
0.7236550096685224
187
0.7638078159693026
188
0.6993536554148225
189
1.4109983303117999
190
0.5571728039045436
191
0.6207908596005701
192
1.0160237464269524
193
1.2597516670023554
194
0.9092549071513085
195
1.6657180076064555
196
1.9514594141234158
197
0.7250770835576771
198
0.6479119195530144
199
0.8724240060182135
200
1.1738833777636766
201
0.6332372730656972
202
1.0401616452339588
203
0.6845490499939572
204
1.347779399802203
205
0.9335003269765162
206
0.5630255098078136
207
0.7059002318666195
208
0.5708335600304734
209
0.6469393682181633
210
0.8641983827904933
211
1.8320889753747869
212
0.7821676675247085
213
0.9090995438100937
214
1.285404618138809
215
0.8223561489426995
216
0.5866873239287401
217
0.633772960538655
218
0.5731959689750808
219
0.8211874237858827
220
0.9303512473572352
221
0.8329520491238112
222
1.3966783631170452
223
1.2405602683370356
224
0.8036096756017952
225
0.7778652166087092
226
0.8495782787552233
227
1.076797687668523
228
0.7248505231183572
229
0.6947516651877951
230
0.6853690097803242
231
0.6326393919702538
232
1.0126339904738046
233
0.7628629250773955
234
1.35041115841289
235
0.9379298847249812
236
1.0427465127853517
237
1.238069777730869
238
0.604680025017481
239
0.7446370843485468
240
1.0416012715486294
241
0.7391878807311838
242
1.0685535772182
243
0.731621687868262
244
0.6273107393625924
245
0.6105730654324008
246
0.9034101364744048
247
0.9135379843316951
248
1.7973820872222075
249
2.2713310383520384
250
1.119007205633172
251
1.0645331267629314
252
0.47296093636411474
253
0.9100717103345373
254
0.8004313238672504
255
1.6925313717848987
256
0.6805457961955282
257
0.873494359631867
258
0.7990938096921876
259
0.4985838855673951
260
0.5937629766894816
261
0.8100803710150496
262
0.9105424025172807
263
0.7032549823523215
264
1.0851533695580964
265
0.726437937625762
266
1.0230059765020232
267
0.5850845272215168
268
0.8184055188425365
269
0.8898130149347194
270
1.1249194365066109
271
0.7571060676171141
272
0.7445037432730416
273
0.9669601043692743
274
0.7416706174313509
275
1.0224458475036051
276
0.5531663416183751
277
1.154912375354861
278
0.8040631604777482
279
0.6041583037789994
280
0.9539869713259032
281
1.0559702743560786
282
1.107291659363126
283
1.866092046881784
284
0.7611454495600977
285
1.0237221235376712
286
0.8973564269771203
287
1.5282553829658545
288
0.5828171302965153
289
0.9881948169761304
290
0.9847333771258178
291
0.6553363184489892
292
0.5969981992644249
293
0.6063398826137403
294
1.6910038495743194
295
2.4380836040301834
296
0.9627730146435001
297
0.8669502453219188
298
1.1334037144333389
299
0.6519765684967458
300
1.513598306360958
301
0.794143955686292
302
0.7229386830121639
303
0.5285735602546536
304
0.6393627878453765
305
0.6117776605368117
306
0.6303327233892189
307
0.8153839694403701
308
1.185477738487043
309
1.0131699760116717
310
0.7250120713662722
311
0.8978163547710897
312
1.373990581398602
313
0.9302394140864221
314
0.6013335396475662
315
0.7336994160423765
316
1.1173795119748557
317
1.3832921674509884
318
0.6785522460912186
319
0.6001525757721474
320
1.0874535949759212
321
0.7307840248578802
322
0.8011155851240818
323
0.8070539204360213
324
0.8298889560857485
325
0.9002334547651202
326
2.104847015718488
327
0.6281983159623648
328
0.8455014768201283
329
0.915104887622674
330
0.7576312702709884
331
0.5741801194183395
332
0.7333967379373386
333
0.8785335609630706
334
1.1129047586230079
335
1.3497610395974586
336
0.9962943262368162
337
0.8026632824308093
338
0.5820015478860643
339
0.6942215316189128
340
0.684912266650032
341
1.438214127891158
342
0.882459454142035
343
1.5067365205272991
344
1.0928553539222077
345
0.6945901217971776
346
0.6745272424942907
347
0.6197290600947929
348
1.1059057030591035
349
1.3010099526458272
350
0.8754863742203273
351
0.54680059886095
352
1.004191841074895
353
0.7535758888909284
354
0.7932265706033619
355
0.9461629270231284
356
0.9812302590680667
357
0.7832126400718401
358
0.6382448505582566
359
1.0611237557432778
360
2.8790584353213413
361
0.9632331956901697
362
1.5737509798850537
363
0.7620131661138588
364
0.6093608554878504
365
1.0452093057694591
366
1.3090870567895683
367
0.8428295069843932
368
1.4719608761631096
369
0.7308828201172651
370
1.3128601597559766
371
0.7785146050477776
372
0.7614082295990049
373
0.9051293201827466
374
0.8490567835552724
375
0.7582121172012675
376
0.6831327431962374
377
0.8845044064178763
378
0.9704204680459395
379
0.7514347323741293
380
0.545199637832522
381
0.7070809553438999
382
1.1818310941169785
383
0.7286917051194567
384
0.927405950121604
385
0.628668252308659
386
0.9011342918651998
387
0.6240558931467729
388
0.6319803379347196
389
0.8113770092180824
390
0.8911316188118265
391
0.7250208282548778
392
1.1250776683413724
393
1.0492257459509544
394
0.8574580344567881
395
1.6903516996730528
396
1.6796591045651157
397
0.5645222784848226
398
0.7815908498164534
399
0.8937245651515417
400
0.6142951881367165
401
0.8311102777144941
402
1.1173217419207833
403
1.3147299540178687
404
0.8844130985514063
405
0.7336834706090549
406
0.6960876550885204
407
1.1898761606693533
408
1.0573387954119045
409
0.8335738622019883
410
0.7119640770465288
411
0.8694487936980896
412
1.1191719514010263
413
1.9244266748270769
414
1.4760054624164205
415
0.9137877131033577
416
0.5503253516351347
417
0.6778896916901274
418
0.5545974858988769
419
0.850738771836181
420
1.0207069072916921
421
0.7646869087764735
422
1.0422165198683357
423
1.1931852176128264
424
0.4951135925802867
425
0.7521901674840089
426
0.9200087948414299
427
0.9786843362819518
428
0.7284756372910589
429
0.8361746186017298
430
1.2721464574668115
431
1.5238853270610286
432
0.8641356010959265
433
1.0262733762421539
434
1.2523567410435275
435
0.851223252222836
436
0.5934302981323427
437
1.5464021057160717
438
0.9889053342086461
439
0.717164578786442
440
1.7521339055674854
441
0.9861593669694767
442
1.2237333390989578
443
0.603777976482521
444
0.823462055768144
445
0.6198537708475292
446
3.359774072956755
447
1.2882908139702451
448
1.034639792910439
449
1.1462803166074356
450
0.792605000187905
451
0.8985453210744017
452
0.7019402193352611
453
1.1812641672855757
454
0.6585186094060678
455
0.7837122872448129
456
1.8265850607835015
457
0.8398881376044686
458
0.7078506966748804
459
1.012034220396266
460
0.7292045200883012
461
1.9405791548368823
462
1.132083789217331
463
0.9943675598418642
464
1.0098052952582228
465
0.8563947294959267
466
0.9977871414069607
467
0.8270377718478712
468
1.2837326243422327
469
0.8603843223829508
470
1.1906293943013158
471
1.0133219137779894
472
0.9194228184282826
473
1.5167621926471624
474
0.6719742057319282
475
1.2620069152562101
476
0.48500569102560587
477
0.707387717549581
478
0.6274086515986563
479
1.1098419874059056
480
0.9340046779924959
481
0.8072704683996265
482
1.7187841379802005
483
1.453428301475869
484
1.0849243668684594
485
1.0047231433513282
486
0.689980292860158
487
0.6414952471116772
488
2.1313004917327043
489
0.8868263234424023
490
1.8237296380948516
491
1.1224931479649023
492
1.024797596886138
493
0.6536543491564489
494
0.7218793928929761
495
1.0077983463234206
496
1.1905380169658901
497
1.120745924429164
498
1.2264628980036334
499
0.7146129125638433
500
0.6490383202123451
501
0.7479049418094071
502
0.7401770402777014
503
2.5533565903777995
504
0.7361280487172936
505
1.457456199197569
506
0.9036858258976499
507
0.6310550291032012
508
1.0447277684018264
509
1.0534372428732084
510
0.9066568709513102
511
1.1365881102265554
512
1.5545004982817703
513
1.3346522145558097
514
1.2657395715149884
515
0.5851235239458518
516
0.9649780586516212
517
0.9216019314963657
518
0.6163915744494264
519
0.7053820992082189
520
1.110844136724681
521
0.9660711096338948
522
0.9552404467515155
523
0.9489384548267923
524
0.7802688118032712
525
1.206828663842058
526
0.7991095897596865
527
1.2099861291476077
528
0.7014823447640588
529
2.0733615854702223
530
0.7063653156701
531
0.802873564623307
532
1.080270380306814
533
0.8921484388026244
534
0.8542275882585776
535
1.1420761185124504
536
1.1620481845787671
537
1.3502263106080188
538
1.1652294662979148
539
0.9967675717021535
540
0.6531528150475617
541
1.8323386079420867
542
0.5989294737717474
543
1.50411489896771
544
0.947934902007722
545
0.9679213572328926
546
1.1220053148659588
547
0.8677315306999721
548
0.8431573222266845
549
0.6086797663681874
550
0.6241640971056022
551
0.6105178318677069
552
0.5981639962067132
553
0.8366975185238582
554
0.6774553831661021
555
2.2560789628037026
556
0.9409877890319779
557
1.2853675463775394
558
0.5363907750011189
559
0.48917011844795916
560
1.63732169541395
561
0.9988804615565569
562
0.9193041781651989
563
2.2093257699708566
564
0.9602701978829782
565
0.7095426188772443
566
0.8890711699555888
567
1.2655511922079492
568
0.6115942216938213
569
0.7402231518752712
570
0.7937520514090548
571
0.9574611015627955
572
0.7971993412867125
573
0.6567736286746917
574
0.527349905743695
575
0.7984164051676684
576
1.3726382191855584
577
0.7547817211120205
578
0.550541036891947
579
0.6678475391917794
580
1.0413974271418065
581
0.7715697525735427
582
0.6188475572643065
583
0.850488180207989
584
0.6556136203715717
585
0.9287486609048026
586
0.848135340358501
587
0.7491158328670134
588
0.5688632850547454
589
1.1104934202625616
590
0.8697312522594959
591
0.5134633261421909
592
0.9008094464211392
593
0.6612593020566194
594
0.6049282546846105
595
1.1233940035937806
596
0.898498825874457
597
1.024967330966786
598
0.8892909592014111
599
0.5939532108141924
600
0.8337934397263729
601
1.1474229929546473
602
1.373448814001445
603
0.8955651094119986
604
0.7067266734781321
605
0.9702940811705687
606
1.785289292406559
607
1.4798184060367559
608
0.8455079648025274
609
0.7359526226723966
610
0.5959968630113543
611
0.7923458767107767
612
1.180800243186775
613
0.7416064301124565
614
0.9096750795089618
615
0.9699640352018007
616
0.8854915994756679
617
1.3283572285148282
618
0.823884180613438
619
0.6902901354623128
620
1.96718793701466
621
0.8724805173120066
622
0.8288759687156108
623
1.0649858183525052
624
0.5096310984702516
625
0.9703046232454962
626
0.6633665719247013
627
1.8559863298255637
628
0.6020852290549112
629
0.5032163494624852
630
0.9460485129514111
631
0.708307378450816
632
0.9854658243196023
633
1.5512837477097308
634
0.7771819531590877
635
0.6833179953926113
636
0.7914947642899628
637
0.8773056994505172
638
0.6397385080176007
639
1.0172649847496351
640
1.2444317476456392
641
1.3203553160748067
642
0.46414270836755767
643
1.7295150563518285
644
1.254235270294709
645
1.6215837205533001
646
1.039779499179261
647
0.7313329397416951
648
0.8222932478308794
649
0.6261823698909601
650
0.5494342345443257
651
0.7436973328902355
652
1.0261248174677162
653
0.8447043143969086
654
0.9454871008016653
655
0.8163975942884115
656
1.088105757139202
657
0.6223220420767143
658
1.2238226404857744
659
1.1362812056192713
660
1.2303868299677752
661
0.9108214752751453
662
0.6082306184236637
663
1.6427649147918242
664
1.2719503928910612
665
0.9024873292457298
666
0.7789407511096562
667
1.1951158252982559
668
0.8418314166698535
669
2.0081690403365773
670
1.9089963339621974
671
0.570146352138089
672
0.5457315454162406
673
0.9368941989631513
674
1.2351807816035714
675
0.684260562758215
676
1.6344269081606346
677
1.2055315511345455
678
1.0860335300309705
679
0.855204616355066
680
0.6802431350384492
681
0.7552959430236809
682
0.6665355416021207
683
0.8006010304573751
684
0.7527644261506012
685
1.4167308213423215
686
0.7509087511952525
687
0.562709145047102
688
0.6810650387659282
689
0.780114526442849
690
0.8533476378465294
691
0.7623897352143448
692
0.7048644678283974
693
1.44365723143872
694
0.7804331014049908
695
0.6845757086109981
696
1.6288594379605965
697
1.1947739872559113
698
1.057046686860838
699
1.1436261287574505
700
1.1027186272380685
701
1.378396908854232
702
0.6187542364996786
703
0.9724941401318163
704
0.5657861604005595
705
1.1362113785256729
706
0.6205858737934132
707
0.746487044295799
708
0.5826039774225673
709
0.5912239365544495
710
0.745284878793699
711
0.6085349946130668
712
1.138376804535638
713
0.6776470163573385
714
0.7738720851350768
715
0.9256804152676249
716
0.9408943042788516
717
0.6045157807427971
718
0.5739029553866898
719
0.597216133821815
720
0.9628962881529455
721
1.6888613964010286
722
0.9269203446744699
723
0.6782115480618942
724
1.1869653579020694
725
0.9903332356837915
726
0.8668331439625332
727
0.9165513577196377
728
1.041717629693219
729
1.0258556008022717
730
0.7156260713339462
731
1.3735204945153152
732
1.6517780676993774
733
0.7515449121753882
734
1.18581515944534
735
0.7386794305532192
736
0.6479693398011832
737
1.0018788176711093
738
1.1018627297528267
739
2.182564450396915
740
0.5700159565126676
741
1.6999338780814048
742
1.2942015373464042
743
0.5804626181872912
744
1.1574007695270403
745
0.5507791317777584
746
0.5607709120042116
747
2.3119650879491918
748
1.163500679177506
749
0.5667868065618213
750
0.9319838028301969
751
0.6880128640336967
752
1.1534341385139915
753
0.9478637801865211
754
0.571024696037218
755
0.6207074509160977
756
0.5983232979705583
757
1.0323913617045957
758
1.5035151600883987
759
1.7470250835322005
760
0.6507759080736065
761
1.4361638148195033
762
0.9582317999497503
763
1.0471902699284052
764
1.8321360676362028
765
0.754977153571396
766
0.9419765553497096
767
0.6463587570174426
768
0.5840802990650419
769
0.9585011790890213
770
0.8136584932004587
771
0.6464493647304523
772
1.3228832521679397
773
0.6952041502354943
774
0.7642412723690264
775
0.5500584974780514
776
1.2710352128435913
777
0.546027193104496
778
1.1382362374655048
779
0.8597991141026287
780
1.2055005738413997
781
0.7643019374254146
782
0.6472701363967117
783
0.8666235597336988
784
0.8285104721739607
785
1.0437400953030094
786
1.2648658492623643
787
1.09721603610611
788
1.4919881838075695
789
1.4473023702988692
790
0.6655973149215004
791
1.322198365444553
792
0.702588711089817
793
0.7210355600416591
794
1.2533423055229012
795
0.6115078942855301
796
0.665958661235704
797
0.839036310630998
798
0.7852477345151667
799
1.5050521390525988
800
0.7548254044241814
801
0.6867658077968062
802
0.5416917307884451
803
0.6569033110408273
804
1.1860510326613525
805
1.2968635730068205
806
0.966964672117089
807
1.6883826252934426
808
0.8117912650382494
809
1.4278617710046377
810
0.9716864321104823
811
0.6990356974865936
812
0.6076428970248207
813
0.6283955632740176
814
0.7060737743984072
815
0.6409676946308697
816
0.8958603178840633
817
0.6866470485452569
818
1.0610865693574716
819
1.0687548032229346
820
0.8783042575052779
821
0.6735584068035972
822
0.9441039585669505
823
0.6666623878728293
824
0.6273274827391649
825
0.6624199593436984
826
1.2344362034331458
827
1.4480733145342788
828
0.6298216365046306
829
0.6741178758903453
830
1.1573473352599564
831
1.4555248356367767
832
1.736472544258553
833
0.8894772031376581
834
0.840992125677178
835
0.815131656499213
836
1.044406127130254
837
0.9075603729553157
838
0.928694023227154
839
1.7397078087566904
840
0.7402609201988786
841
0.802352353045142
842
1.173540453979228
843
0.6974076435746016
844
0.684686597627468
845
0.7587312094381384
846
0.9359855062862559
847
0.7801696469090046
848
1.013023445613511
849
0.9529849866999466
850
0.8308905573407165
851
0.5717361521988871
852
0.8440220539827358
853
0.6932466858088154
854
1.1075492246148657
855
0.809823248452163
856
0.6538520439760599
857
0.6612178260362228
858
0.6539120330497006
859
1.3080266383306842
860
0.5468389631065667
861
0.8835235877257351
862
0.9743067841668891
863
0.7356122355923269
864
0.7145111595879258
865
0.7015005438853115
866
1.2162401399789446
867
0.6773533062217402
868
0.5333883908367155
869
0.9624145142729005
870
0.6452687407997659
871
0.9379255527723541
872
1.0385312648116438
873
0.9467687352033234
874
1.4590723211563783
875
1.2580598640681209
876
0.8461935678879946
877
0.707708610020751
878
0.8639580977361522
879
0.575868525453465
880
1.2490979342203825
881
0.5530228154070062
882
1.1299028589963294
883
0.6846013331809745
884
0.9492984403094625
885
0.82509744546866
886
1.1847854256982469
887
0.8097088474187345
888
0.8257888799667225
889
1.102605078226981
890
0.88895692117105
891
1.3162769120709399
892
0.555914535881227
893
0.7200791418311691
894
0.9053142378919918
895
0.7556378832836922
896
0.6473440561066285
897
0.7916330868356269
898
0.627424361330647
899
0.7662458266623974
900
2.5744871275434207
901
0.6038798732060984
902
0.9645317778992847
903
0.6281623120415062
904
0.6354598604077284
905
0.8445103283138015
906
0.6242409119193081
907
0.8612812964634676
908
1.0716567311387843
909
0.8361977931294176
910
1.106235586774122
911
0.8499496481525668
912
0.6175803326649392
913
0.7414967960438144
914
0.6607341886230961
915
0.597804659789505
916
0.7517092265094606
917
0.83482710907553
918
1.712721310142978
919
0.6006525762945549
920
1.715300099985809
921
1.0819158539675504
922
0.859894969498498
923
0.7125805133658927
924
1.885064611802299
925
0.7975216745898942
926
1.0609249889968861
927
0.6018956796238069
928
0.6280526592512137
929
1.034810290868255
930
0.678092664526658
931
0.9514490028530597
932
0.8195132088273782
933
0.7150723559117121
934
0.5145395641818753
935
2.5243470146798015
936
0.8212100248624458
937
0.8849013603501855
938
0.6876816581797919
939
1.4501888193030728
940
0.6749866659176236
941
0.881655307245884
942
0.5941052640814277
943
1.0699320548114313
944
1.0944597832817737
945
0.6145955268906009
946
0.6394059498564514
947
1.1744536263477585
948
0.5938726091803468
949
0.7738602328977712
950
0.8770910290149387
951
0.7165799855991531
952
1.2892412071807602
953
0.7605751738682492
954
1.2793305863632474
955
1.7115166366622778
956
0.620132662971285
957
0.5981791276705142
958
1.0036709975175826
959
1.3793879769764459
960
0.8692697503788878
961
0.9176432965597087
962
0.6633082218372984
963
1.7730242374888507
964
0.7736554029341038
965
0.5896224177943289
966
0.9794296106174948
967
0.7088497742631086
968
0.6707495384457652
969
0.7602399561929872
970
0.6448951621683692
971
0.9634980493909254
972
1.0462806438946044
973
1.0021946276750286
974
0.5983520828008155
975
1.1210039463012378
976
1.167521851176278
977
0.8640308994450745
978
0.9603305186801464
979
1.2561609324638527
980
0.7116374702798672
981
0.9508093302958389
982
1.0150920887882726
983
1.1372017353311819
984
1.606645552842883
985
1.6609114961603
986
0.9288264373136751
987
3.5477268188504736
988
0.8210673416076429
989
1.2754065715157492
990
0.8161775192448469
991
1.1162962108935395
992
1.0434661327902197
993
1.082955834181779
994
0.594991550185191
995
0.9231483005189115
996
0.6824468358255027
997
1.0257164512200843
998
0.5940963416838588
999
0.7316531012318152
1000
1.974256854443311
1001
0.8759919034839564
1002
1.197059401236784
1003
1.51453184241493
1004
0.8110939286588255
1005
0.6957557808134187
1006
1.0126917541769294
1007
1.1884530718642305
1008
0.6290003778159869
1009
0.7650201684977261
1010
0.7248648986165901
1011
0.8253201680653032
1012
1.3786049851770472
1013
0.8795668590096933
1014
0.5802449967658735
1015
1.8173871463284172
1016
0.8956839888896618
1017
1.9830357729698092
1018
0.6741450926129737
1019
1.3804263273012705
1020
1.274521512441295
1021
0.8112402647957451
1022
0.6362382123407305
1023
0.8929748178836883
1024
0.6831648382931919
1025
0.806695203230272
1026
1.138139122073209
1027
2.1033927821313605
1028
1.6370767566727014
1029
0.7579506260001172
1030
0.7733338273960667
1031
0.9084372803713483
1032
0.8483979893900534
1033
0.8795059828777253
1034
0.8711598974907134
1035
1.3252077331191663
1036
0.6512924259986549
1037
1.176991446843093
1038
0.57135057895582
1039
1.0464096461874985
1040
0.74500836274516
1041
0.9919995333382057
1042
0.78054056663397
1043
1.3837996968217812
1044
0.7745932366451619
1045
0.5956719087421088
1046
0.6677347134076465
1047
1.0565841307892765
1048
0.7580602152767992
1049
0.97635570138973
1050
0.7828304403338894
1051
0.9503440071385314
1052
0.8126950563561539
1053
0.8046406569810413
1054
1.067055038482347
1055
0.8708299454188795
1056
0.6156154474902682
1057
0.94816358181529
1058
0.5835596777391927
1059
0.607586701729555
1060
0.8910097222613506
1061
0.8989000723522199
1062
0.6753637654600554
1063
0.5545045280064135
1064
1.9757938571251001
1065
0.7022135508454672
1066
1.1427471608029833
1067
1.6761387042567504
1068
0.8053244902927416
1069
0.7416080248700256
1070
0.7047458644246061
1071
1.9260337983429656
1072
0.5781657687782821
1073
1.2178733625691078
1074
0.748236176155748
1075
0.9409433989505206
1076
1.300922085468736
1077
0.6361179343738496
1078
0.7562440516522342
1079
0.7107750178074627
1080
0.6617385896428415
1081
2.1015863656773344
1082
0.6070800879886773
1083
1.0348764205174592
1084
1.5337236147992033
1085
0.9464009456450163
1086
0.7015121756737793
1087
0.9556179145215924
1088
0.8188170567796627
1089
0.5773540161326011
1090
0.6286759224812224
1091
0.7868623219277736
1092
1.2876377668883845
1093
1.1976245503917462
1094
0.8199477290098525
1095
1.1031936831525042
1096
0.7051016720721135
1097
0.6865280497088584
1098
0.7870112688814531
1099
0.6472897449025382
1100
1.135848493131312
1101
1.0280308605871926
1102
0.7090629408947978
1103
0.9578513713781839
1104
0.6028612011247717
1105
1.030105286709576
1106
1.1781535468904245
1107
1.0132152440281175
1108
1.414064863944471
1109
0.6763566029809537
1110
1.04058219394562
1111
0.7644021925061264
1112
0.7274209870780369
1113
0.696923798434038
1114
0.6491287577370872
1115
0.8027873776881179
1116
0.6670133048688589
1117
0.6584206820441474
1118
0.6106330349392493
1119
1.0579893382736543
1120
0.6296114764747575
1121
0.9091466527986782
1122
0.8159637818987827
1123
0.7868465811547622
1124
0.757054313965383
1125
0.7437158806741583
1126
0.8699856883309945
1127
1.1777967641433744
1128
0.8455333385489292
1129
0.8467400632693443
1130
0.624673418800243
1131
0.6800645486997003
1132
0.9079603809345232
1133
0.9389125850312807
1134
0.6621326409770377
1135
1.3656052519598791
1136
0.6693322095711813
1137
0.8935201968888065
1138
1.1096853833023161
1139
0.9393912915730831
1140
1.0458834731275912
1141
0.7081308543991871
1142
0.5563134027847164
1143
0.5977978813056604
1144
0.6971574581925123
1145
0.6191293311437569
1146
0.6926888139953987
1147
0.8058696443012847
1148
1.43404162652044
1149
1.3299751754788078
1150
1.392642103143154
1151
0.7399805442179632
1152
0.9685594221233819
1153
0.6434444475560106
1154
0.8330444819463354
1155
1.3861767379861654
1156
1.2826828188561676
1157
0.8822884229804662
1158
1.0347161230804398
1159
0.9572530903346691
1160
0.6872021115466921
1161
0.783148077738124
1162
0.9360142722766904
1163
1.5841877869342633
1164
1.0457614830837885
1165
0.9872051605373255
1166
1.009045778046803
1167
0.6022745607833484
1168
0.9445690968705662
1169
0.6744252363113267
1170
1.499805620048049
1171
0.59826993237242
1172
1.5769653470892826
1173
1.6582363982149637
1174
0.6741814646272755
1175
2.140697073065639
1176
0.8047138050401655
1177
0.7905728195862698
1178
0.9566589793590452
1179
0.7462025524048074
1180
0.7336705609091558
1181
1.269857670295188
1182
0.7588916819626181
1183
0.9520504347430983
1184
0.9659767568627353
1185
0.8383573199346267
1186
0.88295822174058
1187
1.4163571447225445
1188
0.8163128711746152
1189
1.0798775201348387
1190
0.9534655363562883
1191
0.8007803995710376
1192
1.1349199590729075
1193
0.8145437732122331
1194
0.8677993359447024
1195
0.7455977569901905
1196
0.9756246145245656
1197
0.8552729137733942
1198
0.6070820296308875
1199
1.0302940395158955
1200
0.9149242530296172
1201
1.055386895407975
1202
0.7411150930438567
1203
1.5277048803300592
1204
0.8306211780081973
1205
0.5833984818051199
1206
1.4986878824324277
1207
1.0978383955845274
1208
1.26712579073585
1209
1.5012133322674013
1210
0.6590725945120144
1211
1.0985704147379152
1212
0.8402687723328979
1213
1.5064870282224796
1214
0.8814224214989638
1215
0.7607563149139123
1216
0.7892529563946482
1217
1.0011803730479327
1218
0.8281446545086723
1219
0.6757168417973198
1220
0.8684131689452959
1221
0.5666237815657056
1222
0.7919217260014075
1223
0.6971991953544081
1224
0.9091670339623648
1225
0.7829960768994831
1226
0.6702401145070606
1227
1.137138904887266
1228
0.8702271769513025
1229
0.5673587382234145
1230
1.418165483104027
1231
0.9469472053791179
1232
0.8205449395780146
1233
0.5279211121301892
1234
0.6447532773328205
1235
0.9260275893493529
1236
0.7397833498123197
1237
0.7105461322248394
1238
0.8172216607220834
1239
1.1042581535287403
1240
0.8018865145866273
1241
0.5985253244137186
1242
0.7262102634178839
1243
1.1527851430216496
1244
0.9022349827060796
1245
1.3192223181600167
1246
0.9882100076999171
1247
0.857870883161967
1248
0.7764639286761805
1249
0.7692533589147227
1250
0.6981820863472428
1251
0.9168898595155369
1252
0.93117463184871
1253
1.1484079116383614
1254
0.9946479326566497
1255
0.9982908042094732
1256
0.9244311002885943
1257
0.6292105717212866
1258
0.6953782813316468
1259
0.9043530312386894
1260
0.9655832516759114
1261
0.7129436077319206
1262
0.8347046663226334
1263
0.9932302183177301
1264
0.5836489498975573
1265
0.7300580508709638
1266
0.8387703808101695
1267
2.097175631379359
1268
0.5744459986212033
1269
0.6752526674728488
1270
0.6250752982745118
1271
0.6173585207492724
1272
0.837663385089188
1273
0.6817376307758157
1274
0.6870400307955247
1275
0.5973235598485305
1276
1.0066560646309164
1277
0.6024551352737264
1278
0.7209614501948315
1279
1.0646146973006563
1280
0.9340900157966487
1281
0.7621126870365548
1282
1.0727244134817102
1283
1.4394914282204305
1284
0.7352780831127094
1285
0.8441253217833508
1286
0.6066851532416382
1287
0.6879425106398191
1288
0.7248676837671291
1289
0.8746023455503242
1290
0.8303965974405432
1291
0.6337282347955533
1292
1.1185627609273519
1293
1.204849661652205
1294
0.9876087585948287
1295
0.9154306493240669
1296
0.7838421078844346
1297
0.9047742202907775
1298
0.7253505789153086
1299
0.761791173414271
1300
0.9847537514344247
1301
0.7195034093675037
1302
0.7304826847655034
1303
0.784044103985391
1304
1.0411159940490815
1305
0.5809747466906765
1306
0.7078349816830766
1307
1.0036449327321104
1308
0.5675761001432196
1309
0.8146263573877387
1310
1.178245222476624
1311
0.8792026189491988
1312
0.7944660609441152
1313
0.9887246862284794
1314
0.6136838563042942
1315
1.0772426853597201
1316
1.8220672250160026
1317
1.3504126543175747
1318
0.8058639850544227
1319
1.2157410281101617
1320
0.8334186082997906
1321
1.1081714655377484
1322
0.6507262464565626
1323
1.729066607567903
1324
0.8609299466852949
1325
0.7832073936994767
1326
0.48402900624179457
1327
0.5789238197894917
1328
1.4225366894865141
1329
1.250653789919915
1330
0.7458238536210272
1331
1.4955387935878415
1332
0.6320268066396558
1333
2.2574498005334678
1334
0.6431459710092863
1335
0.9702675108802469
1336
0.7173683652885581
1337
1.1535473338471949
1338
1.272390542452866
1339
1.1493697497419866
1340
2.2185013513264544
1341
0.6557802042068104
1342
0.7738304558266668
1343
0.8532842781774191
1344
0.7501038336969498
1345
0.8952950984761215
1346
0.6727956624342181
1347
0.951936542081986
1348
1.4997842688088079
1349
1.5782405118786111
1350
0.7747190859604483
1351
0.6839933452746689
1352
0.8556290695391335
1353
0.5836516684427625
1354
0.5558059292669207
1355
0.6194294966298103
1356
0.5494792458233062
1357
0.7759645183042416
1358
1.114593744256487
1359
0.6143620743699635
1360
1.8602676959188742
1361
0.7517840395488429
1362
1.144337904977285
1363
0.8283504833077007
1364
0.6857838636367948
1365
1.0909810764820016
1366
0.683472543533105
1367
1.0493306993402027
1368
0.829434593688446
1369
0.9274794888763046
1370
0.6323016312656053
1371
1.8175238783317875
1372
0.7811335922102779
1373
1.0699247599791215
1374
0.6176398162616776
1375
1.3189293306435301
1376
0.821824381341944
1377
0.7775031656360191
1378
0.6139460666306549
1379
1.1192575564890623
1380
1.1276322183349055
1381
0.6317179694946531
1382
1.8602288213963218
1383
0.7034374714294969
1384
1.0098097801827963
1385
0.7305146285042411
1386
1.043164557459106
1387
1.286704768534387
1388
0.7717795430191593
1389
0.8328005936306416
1390
1.1338162905733453
1391
0.9917668892437389
1392
0.9268276085515018
1393
0.9169827675356542
1394
1.1268188187528767
1395
0.7073156189365978
1396
0.7069877523089027
1397
0.8836068768727344
1398
0.5708048633074001
1399
0.6858356269926502
1400
0.7587257552666054
1401
0.7691787397446187
1402
0.5227728148915674
1403
0.9871588732039303
1404
0.5368935963441289
1405
1.1584176416480747
1406
1.4970293052138135
1407
1.0061220579803223
1408
0.7052567594931676
1409
0.7823418872996888
1410
0.859762856398343
1411
0.7330634871632714
1412
0.6246289257222153
1413
1.6662135741998372
1414
0.6987922282907603
1415
0.6770984794059206
1416
0.720203254172308
1417
0.5580578903150101
1418
1.2235475387455395
1419
0.7087039528145137
1420
0.7714950521648123
1421
0.9730630881887691
1422
0.7286163190235901
1423
1.0693731272635514
1424
0.5290309183897752
1425
0.988192149244808
1426
0.9842242088326691
1427
1.0204682927062916
1428
0.9975588369978587
1429
0.8579541320361161
1430
0.9798904116817436
1431
1.2461382204186524
1432
0.5819727520151576
1433
0.7449751876203299
1434
0.7621008645305096
1435
1.0431348175291
1436
0.5922102485046901
1437
1.9014739792958442
1438
1.1656686833560181
1439
1.0467139525352618
1440
0.8499445007325054
1441
0.5833240903733549
1442
0.9761329207382767
1443
0.5344073574788482
1444
0.896453978832642
1445
1.0171411600038702
1446
1.245804856763966
1447
0.7264768674309628
1448
1.0212188015230947
1449
0.9677492658433248
1450
0.8908290027315225
1451
0.5788193216718692
1452
1.0640526080248114
1453
1.6339428056032042
1454
1.1425888038664627
1455
0.5465946768273432
1456
0.5957319686281218
1457
0.8229252855074074
1458
1.086726951079101
1459
1.3023467499860568
1460
0.710730657009499
1461
1.149549079651039
1462
0.853853706383428
1463
0.7853095962848535
1464
1.0917684060105919
1465
0.7212211890940886
1466
0.7348510302649827
1467
1.7050257853265374
1468
0.9810230826402345
1469
0.5355592777744034
1470
1.1235398793494353
1471
0.6425202930538599
1472
0.6503142160464198
1473
0.7312638642740218
1474
0.784992239526129
1475
0.8365016962321713
1476
0.718060532593362
1477
1.5770001161383411
1478
0.7341335698050597
1479
1.2340824327793438
1480
0.7593302048328991
1481
0.7034565968295262
1482
0.7813836707601072
1483
1.1390486414536232
1484
1.1444063804119784
1485
1.3569063929184344
1486
0.8904678969754991
1487
0.5689677139946895
1488
2.5335702662155817
1489
0.8928949926636168
1490
0.7069517572701117
1491
1.1715764274765494
1492
0.5358403666646157
1493
0.6939362606348958
1494
1.3417724078313455
1495
0.774032714371073
1496
1.03885423614853
1497
0.9006677424285868
1498
0.5358191886011515
1499
1.4087004439996125
1500
0.5974103851520511
1501
0.6900649850541999
1502
0.7133363840251102
1503
0.7243921447451792
1504
0.751925216175076
1505
1.6683114616496013
1506
0.9818375964202616
1507
0.9248941421530271
1508
0.9223601617722271
1509
0.6054179268346509
1510
1.016487564767932
1511
1.2279556171989643
1512
1.0176854780858962
1513
0.9225569366884256
1514
0.6459247718279989
1515
1.5799505824562847
1516
1.0699348845794516
1517
0.9556932847175745
1518
0.8095221283992072
1519
1.3885037001659775
1520
0.5648301707749381
1521
0.7973824552319845
1522
0.8405914542616305
1523
0.9145854587023281
1524
1.2209410509182257
1525
1.2480860871556714
1526
0.9433306362914227
1527
1.820591876777866
1528
1.3790167843639645
1529
1.098920985453506
1530
1.2661091246135305
1531
0.7217289249342448
1532
0.8262672404853793
1533
0.7681467821624237
1534
0.5311840283293232
1535
0.7373309696527288
1536
1.8291378435280254
1537
0.5770352702821047
1538
0.5705628737550956
1539
0.8593901008673083
1540
0.9366557031204671
1541
1.3637614396801696
1542
0.647154348494676
1543
0.9115347653313353
1544
0.7502704460881785
1545
0.7494862032740459
1546
0.590587958628533
1547
0.7204434260338957
1548
0.551420133077366
1549
1.2965024828680891
1550
0.8264957912313154
1551
1.1943659320639872
1552
0.8558180796710936
1553
0.9006465045789553
1554
1.3671191025443319
1555
0.6926455635834998
1556
0.6750742474702517
1557
2.636363404019671
1558
0.5835376737820683
1559
0.93469455221431
1560
0.7257286553425394
1561
0.9988239815843196
1562
1.4369871556861364
1563
0.6152917708279995
1564
1.275404736825999
1565
1.1015549474519952
1566
1.8218614715620796
1567
1.3360655000878288
1568
1.4506504203261552
1569
0.9026921096349204
1570
0.5984676310554509
1571
1.286304022174497
1572
0.6448320212286358
1573
0.8246600045991849
1574
0.6547234635620492
1575
0.9156891282850108
1576
1.008832522457525
1577
1.704597943032128
1578
0.8325870979026804
1579
1.6324190399822072
1580
0.6231325848641114
1581
1.0990204470818077
1582
1.0278677409575332
1583
0.8082714094997648
1584
1.010882892196794
1585
1.1789856273293078
1586
0.8872568855851797
1587
0.885961510633096
1588
1.2039442341438384
1589
0.7467009502570288
1590
0.9620997723711525
1591
0.8782767362166445
1592
1.0122393443112376
1593
0.7809239292025881
1594
0.936657248913049
1595
1.6524839691870847
1596
0.7305542850467744
1597
0.831153874285347
1598
1.1378592600425164
1599
0.8837314085116585
1600
1.3249738933173876
1601
1.0637499559121524
1602
0.6789009061951808
1603
0.6355183747030763
1604
0.8767786392282537
1605
0.848171406759334
1606
0.6824743035344863
1607
0.8526156451557646
1608
1.3162828793452823
1609
0.6128088285214707
1610
0.6718932948114335
1611
0.8543618823394922
1612
1.9211064316704254
1613
0.7934777902937924
1614
0.7746481040689371
1615
0.8572714879379285
1616
1.0317532418681328
1617
1.4257338492747516
1618
0.6448584691703652
1619
0.6049045732784915
1620
0.8413774095415639
1621
1.2020986939624212
1622
0.6671531587546935
1623
0.5316071543760493
1624
0.6034686439252385
1625
1.1434900115686675
1626
1.3581945297229812
1627
0.8827151427660466
1628
0.7292872697952675
1629
0.8866767025607228
1630
1.0397432910809548
1631
0.8678346453000044
1632
1.066700348753265
1633
0.8859290757299294
1634
1.0981641921448273
1635
1.0894182751635522
1636
0.82341737998122
1637
0.7580296130560941
1638
1.3069731887982459
1639
0.5013707150007698
1640
1.2038115784276822
1641
0.6602250978348854
1642
0.6989155219615246
1643
0.5644793205949478
1644
0.6688993308747798
1645
1.5660581178380086
1646
0.5794055042479436
1647
0.6656074738963172
1648
0.5990743738373416
1649
0.7885693824934781
1650
1.1356122095376757
1651
0.6260037517256796
1652
0.694719794023732
1653
0.7702008746833976
1654
0.7895429469465328
1655
0.7226588189942451
1656
1.0403876917222181
1657
0.7719840544504128
1658
0.6459056264257349
1659
0.754607638211427
1660
0.632997136918851
1661
0.6413499325916928
1662
0.6788753306972816
1663
1.2487489805027736
1664
0.7673795690239807
1665
0.7588993790532075
1666
0.5884931340636662
1667
1.3855822653520957
1668
0.6207342599234643
1669
0.9102147466015286
1670
0.8862398395652438
1671
0.6404962248396272
1672
0.7153544892881415
1673
0.7687094482736057
1674
0.6385512464422245
1675
0.5955465283661395
1676
0.5999854775870982
1677
0.8996223262224787
1678
1.0002601650395178
1679
0.9191131361847458
1680
0.9766147942934708
1681
0.7527696627069953
1682
1.65507705337572
1683
0.7886696161602549
1684
1.5445233928171211
1685
1.0049149075186132
1686
0.9155898542815142
1687
0.6896294677071231
1688
1.2023131615557516
1689
0.58015517463582
1690
0.9188006682312934
1691
1.021457959206392
1692
0.832180741960724
1693
2.2716870485840954
1694
1.4322566461721637
1695
1.2630225412063518
1696
0.8906935107027595
1697
1.3457093394117454
1698
0.8848727848510631
1699
1.1222878856592986
1700
1.1006168715897642
1701
0.6048475240879446
1702
1.092192531385076
1703
0.6627919066980946
1704
0.8257982213355795
1705
1.1929890459280823
1706
0.6518482637887395
1707
0.668274788133191
1708
0.8923475561621735
1709
0.6012920318011162
1710
0.8691977540672865
1711
0.8355109836443554
1712
1.0328755570003882
1713
1.274739487682294
1714
0.7539173646210207
1715
1.062263283616091
1716
1.1976293308214963
1717
1.1933784038252437
1718
0.9241249251316864
1719
0.7012813454714205
1720
1.059169801839392
1721
1.1783910566359135
1722
1.0448568340712574
1723
1.5537219464023646
1724
1.0066305546470065
1725
1.028275417903272
1726
0.7901666976978089
1727
0.7917941473092502
1728
0.5533987727601163
1729
0.612234988925359
1730
0.7457188738167662
1731
0.8775907553188683
1732
0.6251788616383752
1733
0.8973865816111782
1734
0.9315189533970883
1735
0.9345459033684871
1736
0.6204212378077397
1737
0.5488378032167145
1738
1.0403288033638798
1739
1.0543292432398976
1740
0.5500888548421407
1741
0.8210197039520825
1742
0.5569945773332458
1743
0.6820038237392344
1744
1.2696865300466038
1745
0.9056682787894802
1746
1.0842525987305014
1747
0.7665389006354605
1748
0.8515596952831976
1749
0.7290394286682167
1750
0.9335523444107173
1751
1.0682851346388837
1752
0.9550512206788234
1753
1.2122084002988283
1754
0.6852139598316579
1755
0.6669953438470267
1756
0.7404934532188154
1757
1.2190019764443238
1758
0.7258355757196084
1759
0.6050727032885992
1760
0.9027169725394204
1761
0.6774316979971582
1762
0.8801796668762416
1763
0.9732268969192904
1764
0.846081553046379
1765
1.9409309127267247
1766
0.6313225029963346
1767
1.5891384201451053
1768
0.8264733600279168
1769
0.9726138909336143
1770
0.8693751144055873
1771
0.6806842969712833
1772
1.0393048109283205
1773
0.4873913186616378
1774
1.0474586101502301
1775
1.473660497369459
1776
0.6341385142072569
1777
0.5536552175620212
1778
1.4122648215227442
1779
0.8940195243605245
1780
0.4994325035256224
1781
0.5806981710455628
1782
0.9570917373119383
1783
1.2447671113744094
1784
1.8005662488340206
1785
1.2314383964548539
1786
0.7064314147648453
1787
1.179445214594571
1788
1.870955741947734
1789
0.647905112156918
1790
0.6891807731839501
1791
0.757361747571884
1792
0.8046324525818018
1793
0.5448979415215854
1794
1.101883898666362
1795
0.9290601505387783
1796
1.248510592056845
1797
1.178357531486321
1798
0.6221890708060485
1799
0.9714702781623397
1800
0.7210692993537678
1801
0.7922744598798973
1802
0.8167743581218165
1803
1.1707669370850142
1804
1.0052158045335564
1805
0.7713543782405303
1806
4.346933958655708
1807
0.819149864509457
1808
0.7562953098371222
1809
0.7681044222740735
1810
1.736807366436712
1811
0.9010256549079051
1812
0.9341941423455721
1813
1.037799496868635
1814
0.8139626865889102
1815
0.6807854646671769
1816
0.8868832583403138
1817
1.3197422661412097
1818
0.7723731267660445
1819
1.1073367394934899
1820
1.6844469277987584
1821
0.82102595018788
1822
0.624781181423158
1823
0.6473873832110664
1824
0.7698974179507009
1825
0.7648212717597703
1826
0.5555732242721545
1827
0.9666557666317219
1828
0.97537113476874
1829
0.6797690946839294
1830
0.9880637521738801
1831
1.0744899407141015
1832
0.7487190807019147
1833
0.8730175885421917
1834
0.7411905438313942
1835
0.7021864146391714
1836
0.8720134056935096
1837
1.1313777841865786
1838
0.9508399734727
1839
1.5005901437674258
1840
0.6797423883393622
1841
1.0097544573267803
1842
0.9997503344922817
1843
0.5929726199075196
1844
0.8899411092719601
1845
0.9476274626108409
1846
1.7935753656686253
1847
1.0885321922177575
1848
0.8664793623613087
1849
1.9830180484442461
1850
0.7992986969757029
1851
0.9215674184368235
1852
1.484647267105094
1853
1.0017935745620057
1854
0.8641487385062584
1855
1.1215256431589786
1856
0.5367617917982122
1857
0.7738516171795005
1858
0.5929287250376266
1859
0.8062173918984342
1860
0.5648522704709193
1861
1.6780250429374013
1862
1.6119087614896317
1863
1.1555989946614518
1864
0.9122348807563999
1865
1.3154254869521351
1866
0.979634559036695
1867
0.9824061476381553
1868
1.351996930588881
1869
0.6770264122253267
1870
0.7231522511194302
1871
1.321066719814859
1872
0.951874285435864
1873
1.1763265180321831
1874
3.427822259954939
1875
0.5916083761178954
1876
0.8645539032163284
1877
0.705759068481305
1878
0.6756534780335802
1879
0.8075193197747353
1880
0.7758568482685301
1881
0.9397041410568573
1882
1.3168102213662838
1883
0.8033731025872538
1884
0.6644235518505414
1885
0.8170708140415044
1886
0.8122784024420867
1887
1.241506147703073
1888
0.703272649759492
1889
0.6728822034052814
1890
1.4541679239642402
1891
0.765167274333729
1892
0.7688430364148503
1893
0.9666465488058257
1894
0.6063710079210166
1895
1.0650477102945313
1896
0.8648558077668722
1897
1.770440176161665
1898
0.612159971340368
1899
0.8734177468169984
1900
0.9132343246062762
1901
1.2008745619249688
1902
0.63743845479705
1903
0.5498392002775842
1904
0.9432733078952055
1905
1.142539346829121
1906
0.7558104661504835
1907
0.7554388305682009
1908
0.9117048832612189
1909
0.5847551807267705
1910
0.688308039484684
1911
1.146325434746038
1912
0.748511679634978
1913
0.6825530730695722
1914
1.4710270279786284
1915
0.7140332105419532
1916
1.4050192930921228
1917
0.8465199323575336
1918
1.217853465249492
1919
0.7129049935798089
1920
0.6979952320255056
1921
1.1729842227689555
1922
0.7944959836221388
1923
0.7275801947323179
1924
0.580209359116099
1925
0.8191525030645662
1926
0.8358118334149578
1927
0.817836823074546
1928
0.7747614438141182
1929
0.5174583746820461
1930
1.120018355920221
1931
0.7309274046950293
1932
0.7038816985580276
1933
1.0453215714830884
1934
0.8202401731816658
1935
0.7360615544809568
1936
0.7071061805550054
1937
0.9899411641663063
1938
1.289234615039165
1939
0.8828321303904489
1940
0.5973759389892347
1941
1.3856307375851975
1942
0.6748591831949866
1943
0.6163401472817644
1944
0.7003467305703627
1945
1.4303110955849305
1946
0.6206319301497196
1947
0.7765629218742922
1948
0.8419845881151834
1949
0.5759498187576574
1950
2.9482349871297737
1951
1.1206413374772208
1952
0.7080633556527103
1953
0.8080002910037276
1954
0.607585317508726
1955
1.016869588291004
1956
1.4134024350955272
1957
1.1198638737012192
1958
0.8264563021007955
1959
0.6226477333105983
1960
0.5741217750433795
1961
0.9475297091823508
1962
1.012852125672582
1963
0.9841999725832343
1964
0.5372858593545059
1965
0.6300445524801568
1966
0.6226663684904896
1967
1.5440013168758602
1968
0.7674671758841762
1969
1.7104861383681695
1970
1.3595042089057152
1971
1.299231287385562
1972
0.9619247339157105
1973
0.8248951051006533
1974
0.8010760351104232
1975
0.7972342065631971
1976
1.369601995355094
1977
0.7484140269236259
1978
0.6895029571545931
1979
0.5940541784721419
1980
0.8522840376006641
1981
0.6302962412607638
1982
1.107321767522901
1983
0.8625227829746472
1984
0.6186858510451789
1985
0.817851792043816
1986
1.0459432690697166
1987
0.7816685779486854
1988
1.3616517936065573
1989
0.6776790134690778
1990
0.5743284642192688
1991
0.6992805793697474
1992
1.149145004145387
1993
0.8466490589020103
1994
1.143853201505598
1995
0.5283737817611821
1996
1.138409145657216
1997
1.1538812886139012
1998
0.9506649229763967
1999
0.9153750797970274
2000
0.630136078302582
2001
0.7913561910128102
2002
0.532243374861119
2003
0.6416534532146473
2004
1.0837563928778458
2005
1.1256709495189468
2006
0.6692134039599862
2007
0.84548506017565
2008
0.550136876804826
2009
0.5207056389245712
2010
0.9662130854790703
2011
0.6840208179569314
2012
0.6556264040274092
2013
1.247257185418446
2014
1.663426595252488
2015
2.5014726062759216
2016
1.4414808651008018
2017
1.225922060429117
2018
0.8824318960493501
2019
0.6533945883921557
2020
0.7959258597651949
2021
0.6416009323169864
2022
0.6463438637511083
2023
0.5801267672826145
2024
1.2910490513430108
2025
1.2597367589308839
2026
0.9796530079011678
2027
0.8224489337286213
2028
1.2488762890233986
2029
1.4328714065961012
2030
0.5671925084881315
2031
0.9286539355023538
2032
0.7787368771276459
2033
0.9980228329551709
2034
0.589017549924818
2035
0.7360534210648705
2036
1.0845362466375412
2037
0.6846425226412738
2038
0.8032217129687226
2039
0.6001510325881945
2040
0.7367612541073667
2041
0.6562528926400326
2042
0.6775669774414113
2043
0.5936249900774905
2044
0.8844382036409034
2045
0.7535220307753905
2046
0.7862524667267692
2047
0.8650716863249255
2048
0.7012911894131683
2049
0.650995571338086
2050
0.9332619853511315
2051
1.329769527413344
2052
0.8082965052785955
2053
1.9206214199333012
2054
0.5821644203861457
2055
0.7440373368469838
2056
1.2587798215893709
2057
1.1674826759909784
2058
0.7268691384914501
2059
1.5304583284855462
2060
0.863519751032965
2061
0.5336600077437078
2062
0.9167675830713095
2063
0.7173370608347235
2064
0.6329319794730863
2065
1.2975855000162382
2066
1.7902291736164941
2067
0.5572920476914645
2068
0.6150368538412812
2069
0.6889802256116542
2070
0.8425509576894226
2071
0.9677561908863063
2072
1.1613621833374053
2073
0.9170249384396231
2074
0.6306908101637416
2075
0.8032221332861035
2076
0.8857321662713147
2077
0.7893675832946462
2078
0.9571467391721203
2079
1.4655125523957926
2080
1.1382537681648504
2081
0.8694618339878384
2082
1.124379395988255
2083
0.9397672647264039
2084
1.1566439804458628
2085
1.5277356929937482
2086
0.7221278434777193
2087
0.8527122678776916
2088
0.8545703360210644
2089
1.044230496812696
2090
0.589048083155206
2091
1.1313880196211696
2092
1.1160238617262574
2093
0.8814717784796811
2094
0.947910444704159
2095
0.885089017508852
2096
1.6081564077071704
2097
0.6264557994355383
2098
0.7170036319640671
2099
1.2913807551151504
2100
1.2591015723478016
2101
1.60935766915355
2102
0.7259885373877805
2103
0.8984989316607495
2104
0.8583552667210559
2105
0.7355591880829707
2106
0.9484725097467467
2107
1.7002464363500231
2108
0.8543811864355657
2109
0.6159885709114029
2110
0.6377919984386887
2111
0.7306979481541801
2112
0.6976574123782693
2113
0.8824261403499097
2114
0.6727678183758136
2115
0.9283671000175426
2116
1.65660504267712
2117
0.5994917332102317
2118
0.8040219056710596
2119
0.768790238776371
2120
1.0818454096018066
2121
0.7859362568480736
2122
1.2048048635245565
2123
1.086842241353061
2124
0.864892616179915
2125
1.3619969101634903
2126
0.7818322048408105
2127
0.7017270595950745
2128
1.5695858418244544
2129
0.6168657357809315
2130
1.059035139638195
2131
0.6115591816977833
2132
0.8264065905178016
2133
1.5225541998670655
2134
0.6266501551430009
2135
0.6726826980726904
2136
2.306899334731143
2137
0.8142907621119295
2138
0.5602236145456538
2139
0.7623045093148955
2140
1.35675900303319
2141
1.5300692220837215
2142
1.2313560431861268
2143
1.0399487747449156
2144
0.8144642018954603
2145
1.6263981734948125
2146
0.7584219843286846
2147
0.827496677152564
2148
1.2470303514706187
2149
1.2266130702555973
2150
1.3083619913643778
2151
1.0487878417868384
2152
0.9921474129934875
2153
0.6554756918776007
2154
0.7035117422377092
2155
0.6469449906355572
2156
0.6829733183438188
2157
1.0488276451079968
2158
0.6809135336183507
2159
2.0070853440228524
2160
0.9210747000252691
2161
0.8340399220113879
2162
1.4717061844632668
2163
0.7279910210424784
2164
0.5882263997730298
2165
0.7413922412969861
2166
0.719479368553513
2167
0.9366814690884862
2168
0.6353567312954477
2169
0.8471046127422334
2170
0.9526695208123036
2171
0.9634328173292346
2172
1.2848075408901993
2173
1.4776030667829052
2174
0.7556976690499883
2175
0.806796392131599
2176
1.566707979895708
2177
0.722925942563232
2178
0.9111118671378003
2179
1.7869098412683257
2180
0.7358011394180699
2181
1.0654454530478832
2182
1.282429703182291
2183
0.9709009486888992
2184
0.9459233372852105
2185
0.7815812894227228
2186
0.8148079135540478
2187
0.9986234433963193
2188
0.8173036508383036
2189
0.8539388115234706
2190
0.7924362737799162
2191
0.8656789727178857
2192
0.9425310801300444
2193
0.742866040234053
2194
1.1308283598197169
2195
0.9987450364463604
2196
0.7936869766289276
2197
2.5254999867310675
2198
0.5893790029776538
2199
0.5885275636144185
2200
0.67187932252931
2201
0.7772579728480375
2202
0.9734362747366606
2203
0.5292591118649763
2204
0.6779301021776147
2205
1.1588800737696352
2206
0.7245822854140305
2207
2.1984196320131466
2208
0.9792245312717934
2209
0.5536427774662731
2210
1.0545292984118955
2211
0.9745442472801542
2212
0.826954709219019
2213
0.7245663069498037
2214
2.275166711479857
2215
0.7122741407176779
2216
2.4057952485427343
2217
0.8442739739117504
2218
0.743981987377681
2219
0.780861864292919
2220
0.8117557405231083
2221
1.2120541906867757
2222
0.6154750559317556
2223
1.018033966367148
2224
0.7481155972119076
2225
0.8478203137486926
2226
1.078510174606178
2227
0.7217763086093743
2228
0.6668407087966954
2229
0.9417325604084158
2230
0.5542247110658614
2231
0.5986864455095756
2232
0.8251677001410038
2233
0.8615832843088435
2234
0.689760075492399
2235
0.6887196949114016
2236
1.2680347439936424
2237
0.9890617364898265
2238
0.8295158308386997
2239
0.9745973498366509
2240
1.2099896869245488
2241
0.8153969555305352
2242
0.9788535918298418
2243
1.0838924816804025
2244
0.8256327118039496
2245
0.7946234707195302
2246
0.6394217133232563
2247
0.7075046169221209
2248
0.8219491811797351
2249
0.6990692083822962
2250
0.6702723875453307
2251
0.6225045723068646
2252
1.4510501917885157
2253
0.792490801538918
2254
0.7778150889665978
2255
0.5924072316806771
2256
0.8086543593712208
2257
0.8294769550925007
2258
0.8166737347312988
2259
0.5076048038164801
2260
0.5530803098843862
2261
0.7876867679033347
2262
1.0338283613904822
2263
0.8750304419285773
2264
0.9061913007439365
2265
0.7007516056298391
2266
0.6489589980357071
2267
1.0275573014762116
2268
0.7875393986184868
2269
1.0998721283113944
2270
1.3880281448483551
2271
0.6425379276100419
2272
0.8427304527674659
2273
0.59013221666362
2274
0.8442754291015394
2275
0.9415865820494764
2276
0.701930547925897
2277
0.7803089975930565
2278
0.5932021853633201
2279
1.3674083651766464
2280
1.0560534763806664
2281
1.3066769516211172
2282
1.2951873095388169
2283
0.7803768017067835
2284
1.0502163668700586
2285
0.7902096429371144
2286
0.9957537733158243
2287
1.2404371174677977
2288
1.732061688083425
2289
0.7625485429175826
2290
0.4771948220109827
2291
1.0044147245158361
2292
1.1168610396484686
2293
0.6330577036058567
2294
1.4011213872976394
2295
0.8404463599195184
2296
0.5893634118592904
2297
1.8994327184505784
2298
0.9087452018105918
2299
0.8262766957292793
2300
0.655424260819899
2301
0.606620760233297
2302
0.8255207401818971
2303
1.2040877171004383
2304
0.541242061366399
2305
0.6956150808218436
2306
0.6832438304245246
2307
0.6507594675139787
2308
0.5797678997611447
2309
0.7347067573610301
2310
0.5337925377285425
2311
1.1492175341484432
2312
1.2864758712239148
2313
0.7108172777174676
2314
1.0200842912121706
2315
1.079456795646146
2316
0.6444371372023211
2317
0.9341317793573253
2318
0.6618131987739687
2319
1.6062858033490046
2320
1.0934766368329911
2321
1.9445215237623528
2322
0.7628122586398669
2323
0.9383877414716032
2324
0.6240732823513127
2325
0.8153841036688537
2326
0.6046158977735184
2327
0.8963657924200346
2328
0.5831273478513376
2329
0.8935893042119653
2330
0.6246283707100789
2331
1.0868773132323448
2332
0.7200114934126767
2333
0.8192192976324756
2334
0.7274620781351595
2335
0.6860901399049107
2336
0.9430613733190603
2337
1.4287229775988397
2338
1.0137841239389995
2339
1.0961210299677764
2340
1.0610827917717585
2341
0.9216119008658609
2342
1.2053249743576702
2343
0.8132062908429607
2344
1.599857080862019
2345
1.3992676984722614
2346
0.9730764268116908
2347
1.3894651902031054
2348
1.0476141706656448
2349
1.1825770122726662
2350
0.6337592602360741
2351
0.9100415775902428
2352
0.644539086442176
2353
0.7186369350241788
2354
0.9935380397236643
2355
0.9396719741595679
2356
0.8760858794228439
2357
0.7465547065414386
2358
0.7965857208254371
2359
0.7332192239559568
2360
0.7033099523670898
2361
0.6316463071323084
2362
0.5333257994075913
2363
0.8895909414771713
2364
0.6823515820466987
2365
0.8779368086268536
2366
0.941798440342365
2367
0.8193079815762566
2368
0.9182936591766063
2369
0.6723912391953141
2370
0.6332036707590505
2371
1.4276051736484927
2372
1.1220725036306298
2373
0.9937239038225524
2374
1.164923533308594
2375
0.702400563427586
2376
2.086199630591812
2377
0.6207307482778709
2378
0.9878780180076913
2379
1.3533721785325545
2380
0.7042275636932758
2381
0.7851522312571483
2382
1.526666286064103
2383
1.0930731263018012
2384
0.7929660583492745
2385
1.9049165415881926
2386
1.2067661600056527
2387
0.7352432043885804
2388
0.6424883635469065
2389
1.7986717812103008
2390
0.5903602757496866
2391
0.8427402126826845
2392
1.085016169326856
2393
0.9825766944946875
2394
2.3469590634646904
2395
0.6736654624385648
2396
1.2199779712390328
2397
0.7074958897506033
2398
0.6341551560448387
2399
1.0116604699457852
2400
1.2776342520653383
2401
0.6799498773700327
2402
0.6145982734741285
2403
1.0811023769242691
2404
0.8128946106826695
2405
0.7877839392362777
2406
1.2050867385420136
2407
0.5633398862719216
2408
1.3801032368889947
2409
1.0017627205331714
2410
1.8439878093579327
2411
0.788803372769135
2412
1.3915175165381826
2413
0.9132677699418794
2414
0.6199791524285371
2415
1.1996774308553637
2416
1.5595022962293783
2417
0.8277135341302396
2418
0.7656306269049855
2419
1.2933256651510494
2420
1.038854156192615
2421
0.9129834827550368
2422
0.8517311884428892
2423
0.8938305778726913
2424
0.6480878777849979
2425
1.1400816292539135
2426
0.6602527390795048
2427
0.5856024715249031
2428
0.6668799678809193
2429
0.8462879922688932
2430
0.7739662992141915
2431
0.8726189492114932
2432
1.1831607763229413
2433
0.7646567179944933
2434
0.5809141573013286
2435
1.1962215262663867
2436
0.702361838362389
2437
0.9308157944568377
2438
0.901507452077468
2439
0.85200014338136
2440
1.1943566233664038
2441
1.0728572593869237
2442
0.636230951242527
2443
0.8474375293718508
2444
1.2773771929128448
2445
1.2898443012523395
2446
0.7048057754769658
2447
0.9009239306591377
2448
0.8249717102671399
2449
1.6594329389774978
2450
0.8724026736193882
2451
0.8470197363584078
2452
0.790645728377677
2453
0.6609444972434799
2454
0.9142757120843734
2455
0.9623058287348442
2456
0.6776534843205758
2457
0.8059642504716718
2458
1.0169457422185872
2459
1.3219999256504986
2460
0.8832652917575662
2461
2.60762883378764
2462
0.8041544602861844
2463
0.6668097120175316
2464
0.8844999891593718
2465
0.6689653536635302
2466
1.4963858538464379
2467
0.6123586982579902
2468
0.9324996370660882
2469
0.9418242506905894
2470
0.6484224378257805
2471
0.562129507872614
2472
0.9198730704988883
2473
1.0365104530777778
2474
0.9151214717880567
2475
0.9605826416282577
2476
0.6654904238724632
2477
0.8757080425333643
2478
0.625388879674109
2479
0.8995948103650354
2480
1.0761085509261838
2481
2.142847528647898
2482
1.0274566593567709
2483
0.8183603653922685
2484
0.6592805797653193
2485
0.8148516773380012
2486
0.8552303141831231
2487
0.5583272652210324
2488
0.7310142330110505
2489
0.5899505128952061
2490
1.0353335708984885
2491
0.742530257110514
2492
0.9788433583230487
2493
0.6609878223483979
2494
0.5918501901064028
2495
1.579453388402562
2496
0.78790660559773
2497
0.7308256732853853
2498
0.7372203516862903
2499
0.7731671210065086
2500
0.6767378430906354
2501
0.5913838799009054
2502
0.9098767768662462
2503
0.9120676323748546
2504
1.003626630094717
2505
0.5923508796046473
2506
1.2605881933421628
2507
0.6864736074149863
2508
0.768033034419089
2509
0.9990319263367127
2510
0.5835922798796052
2511
2.6907344499526973
2512
1.0730928478317956
2513
1.1106326700495759
2514
1.1466198619023742
2515
0.7384735820814392
2516
1.525933130672232
2517
0.6903325306453449
2518
1.2698056257027024
2519
0.7521533308376903
2520
0.967832914899277
2521
1.5330089330393504
2522
0.7877961662228402
2523
0.6366423062100959
2524
0.5596051811390969
2525
0.6322387142212559
2526
0.7315970414031886
2527
0.7768404160536119
2528
0.5951067358894718
2529
0.8607758414603284
2530
1.1636152141568576
2531
0.6364918619332662
2532
0.8748133769128014
2533
1.642654521565009
2534
0.9550159015773725
2535
1.117952387637894
2536
0.8734011130422917
2537
0.8165740214644251
2538
0.6275235903501031
2539
1.4803577313460694
2540
1.2233438722608703
2541
0.7284936097487953
2542
0.7304249001170672
2543
0.8882059061007337
2544
1.1651834089007107
2545
0.5224992499261644
2546
1.265461275027179
2547
1.4055566506401027
2548
1.0367598429372353
2549
0.8894774365363725
2550
2.0719972804251374
2551
0.7313565098049857
2552
1.0133961806911462
2553
0.8346336831140736
2554
0.8288625798704671
2555
0.7736796590079293
2556
0.6197906982429288
2557
0.653622694523097
2558
0.7219147673201524
2559
0.6500035831993997
2560
1.2747409187160195
2561
1.2132273878279012
2562
1.0577309014889467
2563
0.509948627619652
2564
0.6182059089895448
2565
0.8101192147974562
2566
0.8873255671875608
2567
1.6560112530421127
2568
0.9623815019903411
2569
0.7983266610635417
2570
0.8586624908529445
2571
4.0368842017756865
2572
0.8952152181624851
2573
1.0375465048474626
2574
1.0233244599065416
2575
0.6451597868946661
2576
0.789225669062315
2577
1.7169365041822704
2578
1.3922812545020506
2579
0.9958813990767965
2580
1.9084238483131326
2581
0.8811511839113846
2582
1.3417509035590849
2583
0.5978567053948399
2584
0.6286767086735905
2585
0.6541364810770209
2586
1.8819960749689773
2587
0.5752739132823051
2588
0.9014960265099987
2589
1.5134544935358825
2590
0.9107731602548376
2591
1.038407173954741
2592
0.7132124603266591
2593
0.6584494069523069
2594
0.8048545540091924
2595
0.9821567376087934
2596
0.8632504293022789
2597
1.2989886519768803
2598
0.7251504755209922
2599
1.0629776159893396
2600
1.1208622342619965
2601
0.7123737944391171
2602
1.0074312239145058
2603
1.611416939743598
2604
0.7100341601455613
2605
2.0964393218146085
2606
1.3224875212172817
2607
0.9010575457459278
2608
1.1400728130453754
2609
1.3573250531300711
2610
0.5416857761271721
2611
1.3773341693438101
2612
0.8289545565839852
2613
1.1623891775749826
2614
0.8273396021844441
2615
0.7527515992629813
2616
0.6747704096900153
2617
1.731116555411525
2618
0.8193837485725464
2619
0.9814814333012732
2620
0.7205065678336735
2621
0.6317359688133579
2622
1.8718687344131824
2623
0.840010382399075
2624
1.0972703675753879
2625
0.7496538466939707
2626
0.6465392483667957
2627
0.6468426899639037
2628
0.9365131950523027
2629
0.6406191295733579
2630
1.0436866455019949
2631
0.8485015068636269
2632
0.7263787347092648
2633
0.8207561232636715
2634
0.8487780885152324
2635
0.7897797373733286
2636
0.8654012103824574
2637
0.905763328535787
2638
1.019738583502016
2639
0.8902952149368214
2640
0.6194815589420334
2641
1.257573825587543
2642
1.0956082391119826
2643
0.8369364188063847
2644
1.2792738143528977
2645
0.5517791338231302
2646
0.8520432617470562
2647
0.6627068298688435
2648
0.8973153494371183
2649
0.7237329423496223
2650
1.030012736978367
2651
0.5276711537730451
2652
0.9716220673188102
2653
1.0056838331081601
2654
0.5691269727944986
2655
1.5952665193063842
2656
0.9198173123897478
2657
0.6413638897583127
2658
0.6013751782953884
2659
1.1605219650503278
2660
0.5976670660290662
2661
0.9174838912616424
2662
0.8314223547061792
2663
0.7770054152780141
2664
0.6283319333352183
2665
0.7640958872294294
2666
0.9203432795051576
2667
0.7593684508757681
2668
0.6911249747702998
2669
0.537817875182779
2670
0.7012835544828866
2671
0.8912686190920927
2672
0.9350430454673241
2673
1.120760274255271
2674
1.5574617985335837
2675
0.647102704886055
2676
0.8194078950052587
2677
1.606008653114355
2678
0.6864922988255246
2679
0.6328963482495249
2680
0.6236026831427367
2681
0.9383151920904761
2682
0.637997585215454
2683
1.5233057863023807
2684
0.7053010151503011
2685
1.050054859490977
2686
1.0271887211053898
2687
0.8273464945623389
2688
1.3315952290488895
2689
0.753379843114062
2690
0.7130515632599193
2691
1.294038085354078
2692
0.8439331088553179
2693
0.6973783237999225
2694
0.9476715691275498
2695
0.896966110548956
2696
1.4025841767300469
2697
1.2147135851777442
2698
0.9544895027466787
2699
0.7277303516524147
2700
1.0570152454818493
2701
0.9492435313939707
2702
1.1690131793573524
2703
0.6460641537721991
2704
0.7878719264636985
2705
1.4638343025174325
2706
0.9451612753509772
2707
0.6991030447294116
2708
0.681553596970188
2709
0.6229437951187707
2710
1.13465889164021
2711
0.8265840152887339
2712
0.5657475770326258
2713
1.3532090702887702
2714
1.6440192345841569
2715
1.0729322020862164
2716
0.711856597719829
2717
0.5498785194812793
2718
0.8874721664809899
2719
0.6395716149427871
2720
0.755871501656706
2721
0.7617857709743546
2722
0.8571746485007502
2723
2.023596227549742
2724
0.8418876799842849
2725
0.9941860814265273
2726
0.7964070402659588
2727
0.9662135437213727
2728
0.6273775894238511
2729
2.4237421585037606
2730
0.5810310729058232
2731
0.6996620141582408
2732
1.0050111919356506
2733
0.986191172738045
2734
0.6889502433333705
2735
0.8520091304007024
2736
1.1384506320403713
2737
0.7257610408800094
2738
0.551274940067547
2739
1.3348266023716013
2740
0.9577751066652009
2741
1.7619181983824563
2742
0.7345685434868426
2743
1.1552501684263432
2744
0.681013541085993
2745
0.7403139714367452
2746
0.537321266844197
2747
0.9289464740730619
2748
0.6451738233835644
2749
1.5818486298824426
2750
0.7474331148986325
2751
0.628198333077058
2752
0.8418082512657934
2753
0.6921285509018095
2754
0.6947601461572718
2755
0.7840603338412157
2756
0.5768882500442796
2757
0.5767623087945194
2758
0.5057906426972738
2759
0.4827405641109578
2760
0.612316113324617
2761
0.7029566814452133
2762
0.6622461606850948
2763
1.0239214442179063
2764
0.7923857749605987
2765
1.2383678272362257
2766
0.690661627473358
2767
0.6542269929022639
2768
1.316776449860488
2769
1.0091019929162783
2770
0.9003174561966432
2771
0.7082575417039357
2772
1.3078155382527448
2773
0.6202907123669458
2774
0.7545466752850155
2775
0.9530834079779483
2776
0.7847059227377549
2777
0.7280788148831404
2778
1.0091358420231944
2779
0.614076341315379
2780
0.9417493670773932
2781
0.7883673371207511
2782
0.9106185102020506
2783
0.5979716658387284
2784
0.8387795119708029
2785
0.7268382175932723
2786
0.7419295273108457
2787
1.5403353968868778
2788
0.6308793933255943
2789
0.9393482400137955
2790
1.0061301578764168
2791
0.9923448889552198
2792
1.709641833197665
2793
1.129929412119949
2794
0.6516516241027241
2795
0.6628948586354055
2796
0.9234872254495169
2797
0.6446087947323557
2798
0.9212600570897285
2799
0.8710111290053607
2800
0.8035536053834123
2801
1.4116063682425024
2802
1.8599992884285763
2803
0.6395047744153375
2804
0.9174599921618709
2805
0.9046061670739043
2806
0.9091128456521927
2807
0.5771043660008436
2808
0.592739197932152
2809
0.676792025790063
2810
0.7577819274724047
2811
1.5469434121816623
2812
1.018430965064691
2813
0.5889552323082106
2814
0.9033624091979884
2815
0.7786801303554781
2816
1.1049925329078667
2817
0.7330439681666991
2818
0.577066562144132
2819
1.2833142675588964
2820
0.7172445755948665
2821
0.5090482520400834
2822
0.5484093192137028
2823
1.742276469322763
2824
0.7349653111906249
2825
0.7802594710711162
2826
1.1411401667515786
2827
0.9532562523100027
2828
0.7889858935304155
2829
0.5313859437035557
2830
1.018071527706091
2831
0.6970482910702123
2832
0.8086216956032618
2833
0.787501952959232
2834
1.0963703172028414
2835
0.9192971511180399
2836
0.5969578728651618
2837
0.7758736368273172
2838
0.9135086482896824
2839
1.1422900284782358
2840
0.7445791401432859
2841
0.7241987178325325
2842
0.6895915459231704
2843
1.1084865419594225
2844
0.7725427098354516
2845
0.7217665805895166
2846
0.7403777961164616
2847
0.8498142984289253
2848
0.6810025300753347
2849
0.6446707721724969
2850
1.0041485878324217
2851
0.9385360106938108
2852
0.6221761955606161
2853
2.2560297057631553
2854
0.6537063008977492
2855
1.3404427525309435
2856
0.7391953557375867
2857
1.304203955621621
2858
0.6543726145175722
2859
1.0514735178524237
2860
0.7077431949587609
2861
0.8325983895353569
2862
0.7975308658236431
2863
0.9618192246649031
2864
0.7264610254646794
2865
0.7542103205907623
2866
0.7051546395826611
2867
0.71316465883325
2868
0.7953371119162838
2869
0.6552414137342072
2870
0.9688470254548587
2871
1.4750754022580608
2872
1.2555295618714644
2873
1.0334987867387673
2874
0.7586682238730832
2875
0.6278508551935016
2876
1.4274974900451927
2877
0.6410654276256482
2878
0.5396922513404411
2879
0.8370342500227044
2880
0.771635572193376
2881
1.0347650354951787
2882
0.6761532617724523
2883
1.3032714607084035
2884
0.9020853140420898
2885
0.8440442973219462
2886
0.7017831194233823
2887
1.3737267936780748
2888
1.1041140198270387
2889
0.7407107712819829
2890
0.7926469905095789
2891
0.6303578583008946
2892
0.6963902964123615
2893
0.7134341130678017
2894
1.1033462357335988
2895
0.6704814772113463
2896
1.0065254362890996
2897
0.8142179082375225
2898
0.9599191369472154
2899
0.7099022712370942
2900
1.2641354625377992
2901
0.9596130366381397
2902
0.5964019723944061
2903
1.029462805005043
2904
0.6108682798335724
2905
0.8872739577458046
2906
1.4292083209423685
2907
1.0880255980220623
2908
1.1046853813491053
2909
1.1490707115578478
2910
0.9778066874492831
2911
1.310164697159654
2912
1.06001005647612
2913
0.6925831757861178
2914
0.6346546494585995
2915
1.3534849187211333
2916
0.5872342494044808
2917
1.6048734430546332
2918
0.9558738723122235
2919
0.7221879895630713
2920
0.5312910947807603
2921
0.7623314485954613
2922
0.9947677774598829
2923
0.5309992848051076
2924
0.7958743180273096
2925
0.7249989975310518
2926
1.4807719673656745
2927
0.9316161320386037
2928
1.0534938367438373
2929
1.1996216825712542
2930
0.8870658039942568
2931
1.2918559711710256
2932
0.6278550428546948
2933
0.7312176144345511
2934
1.027794034755747
2935
0.5792127282547006
2936
0.8244762595425459
2937
1.1958779202482537
2938
1.3815699291147183
2939
1.0104644423410196
2940
0.7989510280732326
2941
0.9112727137624976
2942
0.734839314200402
2943
1.0876742953338425
2944
0.6161422238997071
2945
0.6573870328016046
2946
1.5086774032220893
2947
1.253287103492237
2948
0.7874795762268668
2949
0.6814380564111234
2950
0.8617187535319418
2951
0.783562417449019
2952
0.5472246147552534
2953
0.9003504940738072
2954
0.5525839800757517
2955
1.2821945487058766
2956
1.3078487940790489
2957
0.6413562972052297
2958
1.7802689201686925
2959
1.014918321936715
2960
1.2235780014793387
2961
0.8643656822894311
2962
2.088851641006693
2963
0.9289580402477825
2964
0.9789629912699329
2965
0.9510847084159432
2966
0.7288328116963161
2967
0.769547258900326
2968
0.9792906002726821
2969
2.0190108090360703
2970
0.694037745982034
2971
1.3376388982340355
2972
0.718561004338823
2973
0.5621698118171977
2974
0.8635310841456968
2975
1.1062692550452193
2976
0.6180805143732288
2977
1.2751957484548362
2978
0.685893710912573
2979
0.5571832987630481
2980
1.1602665155816532
2981
0.7314347841079357
2982
0.5633646402174284
2983
0.9025715917216544
2984
0.8199459910878172
2985
0.5565528686263276
2986
1.4311126126262532
2987
0.68848497380457
2988
1.034192366917991
2989
0.5890526312183517
2990
0.558386573053833
2991
0.6624536722466566
2992
0.6202169902960459
2993
1.0644123318215482
2994
0.7988129891449424
2995
0.8291424082984455
2996
0.7113219179994598
2997
1.2817128582471777
2998
1.1867327915191341
2999
Mean MAE: 0.9438665027186709
