nohup: ignoring input
0.33333333333333337
1281
427
0.1954236058910721
0
0.12342335834235697
1
0.2160003764946936
2
0.2515008838082613
3
0.22859832728316037
4
0.1390494664437791
5
0.14049830337296887
6
0.11449573674154283
7
0.0946581974797631
8
0.23247541152137663
9
0.14281665615834702
10
0.2013845293098663
11
0.16518238877123798
12
0.1427001434222436
13
0.1482916853951905
14
0.13679647349651483
15
0.135487807419077
16
0.15620133192537944
17
0.14755523443423962
18
0.13949449851191603
19
0.2371160190576595
20
0.25940128322860745
21
0.18189430734237041
22
0.15282071242225498
23
0.12098281217533871
24
0.15680304960739
25
0.13929116487823298
26
0.2401446026161016
27
0.18570300814479673
28
0.12111924368077605
29
0.13701305620828777
30
0.1435707315343754
31
0.21355070576187685
32
0.1124839966452986
33
0.13448298720898885
34
0.33496932412187785
35
0.14059453989446427
36
0.13239116997241657
37
0.18200566523952144
38
0.15821868082704557
39
0.16918506274293296
40
0.11775160699906347
41
0.12432001465638551
42
0.3973205227417469
43
0.2018960568846137
44
0.16588724199333296
45
0.15095403545645625
46
0.24014251474402748
47
0.14332743987952629
48
0.18875150580693512
49
0.1532127632403383
50
0.11032438977823533
51
0.28196315969180286
52
0.15213774343310466
53
0.21114081788307423
54
0.1366297553522507
55
0.12897308420930464
56
0.2150859364663097
57
0.14982022432499087
58
0.21346697709679
59
0.10628817333787853
60
0.230405540738519
61
0.12888520581283297
62
0.1782688737202277
63
0.12448774716874421
64
0.10669844934392825
65
0.12266661661735113
66
0.1362896129346164
67
0.16304870984145495
68
0.1681935832166403
69
0.23644317800483314
70
0.11377837608907455
71
0.1560161094924124
72
0.11254400920593595
73
0.12748847104389438
74
0.11423579432184483
75
0.1833721217630607
76
0.11223447730027623
77
0.17457851459691726
78
0.13183496112072554
79
0.16491088599566503
80
0.13105052228524977
81
0.14557379701336123
82
0.1470047683093633
83
0.19679645674234975
84
0.1761674359923073
85
0.1281788804064298
86
0.1673430569405098
87
0.1976060402514486
88
0.16846587941009608
89
0.16627905599846315
90
0.1294871728918257
91
0.17246155121852041
92
0.13013619788791433
93
0.19187769018391698
94
0.1901871870359497
95
0.265360069669658
96
0.2559666049994388
97
0.1532597206645126
98
0.1616239135137034
99
0.13940011959048904
100
0.26506964322578425
101
0.18361596462857668
102
0.14384613849052857
103
0.17572185885965758
104
0.14187432955116955
105
0.15882793638270937
106
0.1214429155903157
107
0.11831111994733477
108
0.1729737819543427
109
0.125291245896123
110
0.16777193765445755
111
0.18028927758551394
112
0.1378994669168038
113
0.13642394007463265
114
0.14749490976930393
115
0.18320045342739416
116
0.10946356453380704
117
0.14125565548442812
118
0.18168624252505317
119
0.20521606470341575
120
0.18876140940351116
121
0.187911147884471
122
0.16661056340234362
123
0.17578309142511891
124
0.13692775195977766
125
0.15337304439284855
126
0.18609232999130412
127
0.11858570673311929
128
0.16765704991205535
129
0.11601888561022046
130
0.16715979362290523
131
0.19713512405521813
132
0.19631166800670755
133
0.17619098822018323
134
0.12225529780038127
135
0.16281977337904763
136
0.269053131306347
137
0.15187271450185674
138
0.188410889818146
139
0.1623714416091176
140
0.15141340198223335
141
0.1769367600497813
142
0.31025749908673855
143
0.18150394365672362
144
0.16558277956145132
145
0.12334996455853973
146
0.12699276207174226
147
0.1385794102617753
148
0.13052553644670561
149
0.1493456215188034
150
0.16489380819470234
151
0.28984578955173557
152
0.21083253707103317
153
0.12233574480136741
154
0.18542408284238981
155
0.23931662030542322
156
0.1786553502986263
157
0.1421804868315977
158
0.15687612573707718
159
0.32210372903737683
160
0.20258254507424858
161
0.13713885553939043
162
0.19549257757395455
163
0.14556273184116994
164
0.2062098124273645
165
0.17889597922598535
166
0.13196611804120073
167
0.21373531838705936
168
0.22139628734738956
169
0.14472061219228757
170
0.17585380278235022
171
0.14158644010085708
172
0.16675492899102137
173
0.1515014030783312
174
0.15444725480620997
175
0.13004595832909976
176
0.11535494003288972
177
0.15378400753796934
178
0.1501724067562993
179
0.13973443288380125
180
0.2565956308647663
181
0.17149809351202022
182
0.2604754517950227
183
0.1741780723612045
184
0.23504922823855304
185
0.21498751108944436
186
0.16983397489148153
187
0.2187731847488871
188
0.13455048279108392
189
0.13392785596216827
190
0.12401988613022392
191
0.13987874877648593
192
0.19591296494475924
193
0.2447134251105094
194
0.14179848492334957
195
0.1221647186249918
196
0.12399796211846972
197
0.17320549030835136
198
0.15289879604814893
199
0.16480049548410253
200
0.15189714992370226
201
0.15942237928367442
202
0.1398937038356157
203
0.1271228887945207
204
0.12152342968246357
205
0.13508811524317113
206
0.13910022662858054
207
0.1144908765129919
208
0.12560711920278395
209
0.13974194179402
210
0.24174455157297983
211
0.14377677236545142
212
0.11307256333464162
213
0.24951022436876644
214
0.15789940293647983
215
0.17576753404123055
216
0.12267978459968261
217
0.16365927401914399
218
0.1194657330070283
219
0.17771434854979495
220
0.13829539385335496
221
0.12867438949107093
222
0.19744161987777392
223
0.24824065548788102
224
0.16430393186734035
225
0.1504174010242912
226
0.1905160347952582
227
0.15424563559198495
228
0.1457356283923384
229
0.15909093269975916
230
0.11975959461339332
231
0.1485220916984376
232
0.1799637400635227
233
0.2017277938103442
234
0.19058689212671054
235
0.15359002172221495
236
0.1665218658907286
237
0.1287423575583403
238
0.11918137853737285
239
0.14985563113638817
240
0.244427397881733
241
0.1400966424846659
242
0.19580296873563013
243
0.13728125241217728
244
0.12999596143316117
245
0.11938089230601699
246
0.194337762218219
247
0.253093952945949
248
0.20761083094501995
249
0.15629318739045725
250
0.19754102453904113
251
0.17612818172530098
252
0.09218278478758588
253
0.141954513660813
254
0.19206007028441274
255
0.13561603569715536
256
0.16948714785591162
257
0.14593788328950993
258
0.18228931036883092
259
0.10825269064035814
260
0.11599742317679929
261
0.23290573977191115
262
0.15624209422522597
263
0.1327521350130139
264
0.16763378233502907
265
0.15160207673697537
266
0.21205878672343148
267
0.22694090917694235
268
0.13850128609050552
269
0.12295882926735288
270
0.1327009781557345
271
0.13406312029595674
272
0.2545375992611532
273
0.13439276854462556
274
0.1455104802829379
275
0.2619609709855695
276
0.14558906234207333
277
0.1270897823226722
278
0.13660590807749223
279
0.14663308578464268
280
0.1927383036011227
281
0.2512792430343467
282
0.23539400633466845
283
0.2034072790311962
284
0.15602246831746547
285
0.17716579804629715
286
0.14122630113229048
287
0.12590420532763746
288
0.14392120628810925
289
0.17032626065451784
290
0.17452901546611846
291
0.16890495114051662
292
0.15763146413234033
293
0.13046902125261592
294
0.11774735725385575
295
0.2214284627713563
296
0.17112475816865172
297
0.16373398546336793
298
0.15771146105410802
299
0.18499865240343194
300
0.1285114968812523
301
0.13422953544540098
302
0.19860018636939042
303
0.10009883181515498
304
0.16063400780290396
305
0.12219173315644115
306
0.12236212362940571
307
0.13108495750769858
308
0.18861125069642792
309
0.10959138029594463
310
0.1571060312993115
311
0.14917339807192864
312
0.14518139514297723
313
0.1821944369912743
314
0.12651745792044694
315
0.1204725902129817
316
0.18112981413782578
317
0.19256033120359936
318
0.13488393227877488
319
0.13436097122433396
320
0.14352723001425688
321
0.12298226604618215
322
0.13647555463697622
323
0.1255823694219932
324
0.19762046183321336
325
0.14235633748446377
326
0.31970969339134464
327
0.1370756520794815
328
0.1582576460583828
329
0.1905655124385697
330
0.1635796479709896
331
0.10336848128730214
332
0.14607579998299977
333
0.16386147251079886
334
0.14063845894883692
335
0.1607794679317976
336
0.20395585995554452
337
0.18398756363516044
338
0.12580636922565866
339
0.2681087252809128
340
0.166772851355205
341
0.18831627164006454
342
0.14336554229572254
343
0.22948657122200736
344
0.20356832829555338
345
0.1325422845030399
346
0.20663556228660987
347
0.13897392268784134
348
0.16900261703256209
349
0.14094602264209774
350
0.12635273232566036
351
0.1384322423052469
352
0.17184384398463215
353
0.14997573706301623
354
0.12055953745484228
355
0.1882070447123649
356
0.21534914743172462
357
0.14229467031108972
358
0.1442110187731288
359
0.1431490986134881
360
0.1870482560557709
361
0.15943394405290565
362
0.1390271255643024
363
0.1549136690856293
364
0.16194796283828558
365
0.22026896178239877
366
0.1563427087198019
367
0.23897859355994255
368
0.15903409567236598
369
0.16486930926927035
370
0.19855540798782664
371
0.1506830001932359
372
0.21339083702754982
373
0.14374395136641732
374
0.12857119630090655
375
0.1360148268247388
376
0.1667855564939316
377
0.15925501044149246
378
0.13097302518882095
379
0.15704820118576454
380
0.1125329512892227
381
0.15927414971383835
382
0.13568131339710085
383
0.11479521830668761
384
0.16953394312759987
385
0.1642286447859901
386
0.18272462702630463
387
0.1207728346134197
388
0.12736404418140387
389
0.1383150065499728
390
0.18918231850203052
391
0.12377329343997175
392
0.16570398918711754
393
0.16354187004834292
394
0.12938199113949708
395
0.2462644271525685
396
0.20004143837463742
397
0.14725494166745776
398
0.13012893589165775
399
0.171146627761872
400
0.1330859456719793
401
0.130479509875475
402
0.22829170629372483
403
0.15241236701453376
404
0.2052587000089899
405
0.12141668153801749
406
0.17878120712199647
407
0.1748113354753001
408
0.14146011782927023
409
0.15032987557666158
410
0.15820747336813926
411
0.13678576684367447
412
0.16251377941226658
413
0.18071719455689503
414
0.2033281610911421
415
0.18216507296784376
416
0.13451798895840547
417
0.17774789817715456
418
0.12351777105942958
419
0.13574509471507776
420
0.17029724603447735
421
0.12527907511058173
422
0.2152033984952747
423
0.16647549650537788
424
0.11570525292391087
425
0.13091926019823266
426
0.13625950857039298
427
0.18432583363232533
428
0.17435851225103333
429
0.1422905017489623
430
0.12014813564825345
431
0.21207490675461788
432
0.15893255907336964
433
0.16545798276318888
434
0.3143026647217535
435
0.1440426223737844
436
0.12234837190430563
437
0.13366776992876148
438
0.2475227089472094
439
0.13556262663239202
440
0.3052490541632046
441
0.25499440901270704
442
0.15150403783065222
443
0.1976422739869044
444
0.16289341929774695
445
0.23072964877127494
446
0.32184254973995
447
0.1867921747306673
448
0.21679260980753653
449
0.22696807965938906
450
0.20746641752896716
451
0.16516188952710073
452
0.15173358162173375
453
0.16606363887109235
454
0.1498107687230143
455
0.16482066011041402
456
0.19532013173101584
457
0.16543207339205904
458
0.12625311436889228
459
0.2091016482607696
460
0.15731582839037236
461
0.25904793880348104
462
0.12101891929778216
463
0.1621959898049311
464
0.1822238378645661
465
0.18299157356092216
466
0.18617647416592156
467
0.16222152584135766
468
0.17552413356196966
469
0.21448438697884956
470
0.13797402387975402
471
0.12065449138471866
472
0.15934361127128865
473
0.16398900985073658
474
0.13246003646758803
475
0.24866660922404799
476
0.13197319205504382
477
0.17434623632211346
478
0.18792058108307244
479
0.15148023608197708
480
0.2059539923711558
481
0.13811433534774142
482
0.18790558619507
483
0.1592728354175412
484
0.1466656895483677
485
0.15103683734707374
486
0.13254205361657376
487
0.1161886224849621
488
0.2671435545902392
489
0.14065047878805947
490
0.20115411869411354
491
0.15228800506158593
492
0.1765650906682376
493
0.11303383915406527
494
0.16815022544539332
495
0.124553393513148
496
0.1397415803143649
497
0.1880220277476947
498
0.12698372701039612
499
0.15650767581321776
500
0.12146701393010519
501
0.1502292085747851
502
0.17278038885168068
503
0.20724592216489293
504
0.19487929097161583
505
0.1820627502175003
506
0.19740474709225486
507
0.12886238180361304
508
0.20411683637887304
509
0.14672489303968334
510
0.1696632382101323
511
0.17401914675014635
512
0.13754639627701826
513
0.14584265688688303
514
0.1545207162477243
515
0.12146811239942934
516
0.1471049598459222
517
0.17240941701805193
518
0.19745860202021176
519
0.1778079014715731
520
0.20449418188368612
521
0.1502306263189436
522
0.1916031171489211
523
0.1798933922817228
524
0.1764010784928362
525
0.24737585433229708
526
0.15500594758209107
527
0.16653123515847246
528
0.2938868229080185
529
0.11237591634153063
530
0.1394706777848823
531
0.10367540993232029
532
0.13499361352892783
533
0.1418673940302229
534
0.16391773902551487
535
0.13100730094909707
536
0.2942261187506892
537
0.1818347107725115
538
0.23642669730212013
539
0.1312417263213234
540
0.17522592592810382
541
0.2844675820047025
542
0.16203708294645539
543
0.18217938093097383
544
0.18932467480738735
545
0.17959800108479293
546
0.20255330462848903
547
0.14777114267751054
548
0.19149871888190062
549
0.13339042267252696
550
0.12624483944763606
551
0.12676492999364294
552
0.11333999997638959
553
0.15151248097640102
554
0.15339225233193304
555
0.18186061697168804
556
0.153518722522879
557
0.19392469642280827
558
0.14773653683967816
559
0.10270957648139499
560
0.1780625983860333
561
0.16253318285226
562
0.1448684011650695
563
0.15936850726510624
564
0.2030109726976123
565
0.14327815875668687
566
0.1391284820289317
567
0.21191705198566885
568
0.147857908001998
569
0.2306660602241417
570
0.13138010888572554
571
0.22275449798341762
572
0.10333515590795693
573
0.1411042005109862
574
0.10627156147667223
575
0.16086720358518072
576
0.18657381289744476
577
0.175653293085012
578
0.13264485802510373
579
0.16236765816316848
580
0.15394137549708317
581
0.14074171395975876
582
0.10304774235642213
583
0.1415862745439757
584
0.15638592301296889
585
0.11713899205856244
586
0.1626932025388023
587
0.12845106551032795
588
0.1109170031028728
589
0.1298891831334958
590
0.18922259787208418
591
0.13717920883772083
592
0.17386294478762973
593
0.15813339230905554
594
0.11308751658748573
595
0.12623265098617617
596
0.17392594210510456
597
0.16689283032120472
598
0.15261382244717453
599
0.1378321587908236
600
0.1758720492070162
601
0.2179419475730243
602
0.12511682652970882
603
0.18686518099098282
604
0.1677595527793827
605
0.1281787351866269
606
0.17461941654418314
607
0.3753562943200584
608
0.12713546384293523
609
0.12097876190652142
610
0.11132241150394954
611
0.12500117288790127
612
0.19580744096594638
613
0.17922078010053308
614
0.17717418768948476
615
0.19672730448227588
616
0.2649598254575496
617
0.20755069473909776
618
0.18905806173425674
619
0.16249200725710825
620
0.2377173791305793
621
0.18852708190072587
622
0.14282040992388184
623
0.2297257071583384
624
0.14147809465156505
625
0.15619976407261862
626
0.1102838903171452
627
0.15911444094005978
628
0.1864618436582184
629
0.11187291246278497
630
0.14888602812040275
631
0.14597089868105945
632
0.17488816341587027
633
0.18566496004686045
634
0.16103627691779862
635
0.12777307455428458
636
0.1645502432639624
637
0.26611329962530217
638
0.1480417068855655
639
0.13361100069156034
640
0.1798361453268827
641
0.15355179163028557
642
0.1079681167660418
643
0.1987899049387107
644
0.17281373114360937
645
0.13028641880382447
646
0.17791359164996576
647
0.1683887930052278
648
0.1449872730290783
649
0.18669907690733276
650
0.13739324188587487
651
0.15861508744101221
652
0.1952318883396181
653
0.13365737402765995
654
0.16805958106851984
655
0.14511651914770288
656
0.24117342542635561
657
0.1786439363741573
658
0.21809036401808682
659
0.20767526400911931
660
0.1802823523119323
661
0.15466568689638716
662
0.16112639474886675
663
0.18818084340941754
664
0.2000389868962871
665
0.2140405656761752
666
0.1702823079436249
667
0.18732346974523098
668
0.18302433409249844
669
0.1950572777611834
670
0.13565009314828372
671
0.12269457689538972
672
0.11584197297145095
673
0.20502371767003996
674
0.16075385718995777
675
0.1187016212174103
676
0.12118496097341624
677
0.17071601624606117
678
0.18086419417999186
679
0.19228307249156923
680
0.12738408019045552
681
0.16543331559638905
682
0.24437637366693335
683
0.18287595944645893
684
0.15841656610800173
685
0.11367843278361284
686
0.13268593566337356
687
0.13542729513000976
688
0.13323334124948708
689
0.1707804378744588
690
0.1874204886126974
691
0.14466309177555087
692
0.16821813602608254
693
0.18193269268945408
694
0.1576914834181598
695
0.19760019699414255
696
0.21220626986736496
697
0.24602865934555385
698
0.14558113428111058
699
0.18917641705044855
700
0.12158519974823867
701
0.15857247225404034
702
0.19725500745737856
703
0.1478524174530939
704
0.12585181429645967
705
0.13360310334884684
706
0.0955850394400561
707
0.15180109415022508
708
0.16396653854142287
709
0.1481459629454256
710
0.2628984932809996
711
0.15664583444175487
712
0.21810285185672634
713
0.1807781438628226
714
0.17509764635746328
715
0.1919977317400071
716
0.13879748012779533
717
0.15929434954788513
718
0.13541793909654432
719
0.13192949330117504
720
0.17567815105824217
721
0.20741858953611905
722
0.13874658112082253
723
0.17295520891138588
724
0.17332696370648787
725
0.12292394728331707
726
0.1872461479074002
727
0.12343342417709956
728
0.1696617258757847
729
0.2451292535491109
730
0.1517962238744839
731
0.19284495639550187
732
0.1529048156136583
733
0.16430417581801585
734
0.42427524726317895
735
0.1781855917948243
736
0.12161615550948515
737
0.21438504785044274
738
0.22556217578802573
739
0.11175225738324202
740
0.1024603465091079
741
0.1500064694247112
742
0.18223994581079708
743
0.13593088460152192
744
0.26367547173942874
745
0.11180365903266913
746
0.14066998291477206
747
0.19002626243390175
748
0.5419024260750905
749
0.1243300268414755
750
0.14888206114725272
751
0.12281119907191891
752
0.7626635858855576
753
0.13409306939328364
754
0.12098111086336484
755
0.2499623848772158
756
0.14147302266886325
757
0.18773251818574296
758
0.15278201614171444
759
0.16923543591201512
760
0.18428384215670343
761
0.23326352727784952
762
0.19502866780676192
763
0.2834525996675581
764
0.20813004449682287
765
0.23312591886515582
766
0.2225121729144218
767
0.13746281518103196
768
0.11908499271050314
769
0.21642579319495245
770
0.19190221055839948
771
0.17636664895200121
772
0.21882631082993628
773
0.1281689822921893
774
0.19831489910957772
775
0.15166314720067448
776
0.14183257618046066
777
0.09763200280248914
778
0.22041815641965254
779
0.1621326915576551
780
0.21547891975333108
781
0.14287007225577775
782
0.167587945502879
783
0.17929393388214632
784
0.1554373983629977
785
0.1923996866458329
786
0.3051093357455406
787
0.17346659886045526
788
0.12225291304390581
789
0.15346011870792325
790
0.1655776229863613
791
0.1877175758838238
792
0.13017947598733945
793
0.14643949225212977
794
0.1919478677637001
795
0.1699308390489952
796
0.15173128346034614
797
0.14360457681986996
798
0.1466118272446412
799
0.31483965278532344
800
0.2002434697227246
801
0.184558913489092
802
0.14481635906476809
803
0.19120938346494704
804
0.1378627676141313
805
0.19394002294915788
806
0.20353936686962984
807
0.1336582509092656
808
0.1574608614319229
809
0.22021382788233157
810
0.24231211273048486
811
0.18555136366876984
812
0.1471370001226426
813
0.1535992930739425
814
0.1997186918376649
815
0.13563974840396217
816
0.12286743764805738
817
0.13568298722767935
818
0.15858195110830017
819
0.20254555972497978
820
0.18259187387361334
821
0.21489663243902296
822
0.19094434588268483
823
0.10779258766092835
824
0.16875188681435374
825
0.19485854962978613
826
0.11729526386658844
827
0.13355521610411297
828
0.18076973086475004
829
0.21116259316826413
830
0.16248880114360367
831
0.16179777915529286
832
0.20429028501994337
833
0.21130919576155277
834
0.20559570661992793
835
0.12656127279211946
836
0.14954160409788525
837
0.16231045739401664
838
0.11876733521962879
839
0.15949760749040812
840
0.17683824269146367
841
0.18731532035253015
842
0.1517708554443471
843
0.17724398768750538
844
0.1578940395802665
845
0.13274107790494682
846
0.15883251292017161
847
0.12825285479353205
848
0.1596194408347622
849
0.13637545359735698
850
0.20724771178957568
851
0.10547110363900183
852
0.12974385381402057
853
0.14002761263822508
854
0.17575479307841524
855
0.2141110952803912
856
0.17144343669493245
857
0.13494293880368355
858
0.1382079560771891
859
0.17730099613804742
860
0.1365231576343714
861
0.10666743431383403
862
0.14029544829273877
863
0.13201069072201935
864
0.14871466647097464
865
0.12807765270314034
866
0.11834468928959471
867
0.12123974880459251
868
0.1375232645988322
869
0.12602711323522955
870
0.12256952116005462
871
0.19148199379336592
872
0.2312132512500666
873
0.1977864117190971
874
0.1408153526409727
875
0.2072873438346039
876
0.13767889250224502
877
0.11506314295745358
878
0.1492918728636621
879
0.1353911801441802
880
0.20333028823115884
881
0.12344827704342633
882
0.11852113627110489
883
0.13502390542595336
884
0.2624840201055918
885
0.1767220580675689
886
0.14413919636665837
887
0.2285250758672436
888
0.1426158630240045
889
0.2323646650572124
890
0.1667456195842896
891
0.14467274913322312
892
0.14285735884594392
893
0.11907838217998017
894
0.1853947776439728
895
0.10355796781352113
896
0.1625306136446573
897
0.158415611031397
898
0.13021312735947968
899
0.15823973624262289
900
0.19060400961917995
901
0.11576677603780183
902
0.21275291860501258
903
0.14338527291803474
904
0.124752554182145
905
0.19123134534912467
906
0.136723153462144
907
0.23351845726892814
908
0.19185027097266624
909
0.17008772699605093
910
0.16016189326444258
911
0.2399611117451613
912
0.14235251704804602
913
0.13492825600216854
914
0.12601151727726412
915
0.12498589182628327
916
0.1840556645182413
917
0.22015217152042638
918
0.20240397917469835
919
0.15302280823407147
920
0.16806520701605318
921
0.14287663725782662
922
0.15423652964519352
923
0.13424291149756298
924
0.1848593442875863
925
0.2369083943916598
926
0.2512190078571915
927
0.1550628248538909
928
0.14945211059483574
929
0.21107552555951786
930
0.11715344724984304
931
0.16642263847653457
932
0.15043849780184126
933
0.12235850558779471
934
0.10270386212761096
935
0.20880056835450744
936
0.20559508277291544
937
0.18111623828669965
938
0.14172052200384536
939
0.202239569214415
940
0.15951606046386785
941
0.17789619037566257
942
0.11746314886530336
943
0.12864035327753914
944
0.18568975406816923
945
0.13486926913735525
946
0.23032412286781875
947
0.2579656298148263
948
0.09952866210337698
949
0.18745811397767176
950
0.18761322304041048
951
0.1235636154068337
952
0.18238231407280062
953
0.1592480362733733
954
0.16542183969519797
955
0.21633946597245118
956
0.12868087172562298
957
0.1565075859682041
958
0.14114993891877622
959
0.19587301974775675
960
0.2363581167829868
961
0.11932928758733657
962
0.1831699225414534
963
0.16652973517775974
964
0.20417557619183163
965
0.16221159800599902
966
0.13257257502192818
967
0.2298217391989932
968
0.13683348612363275
969
0.15221376197506176
970
0.17755734773656995
971
0.1348759280113167
972
0.13534157456471296
973
0.16925866139653456
974
0.14503022019704165
975
0.10701592352356447
976
0.17678114638418788
977
0.17241431815010655
978
0.2196957279253892
979
0.22621531497844624
980
0.11905369230151197
981
0.18576134758918797
982
0.11131352106450758
983
0.16527356713215088
984
0.24328157492243077
985
0.13513281170173383
986
0.14714554759349593
987
0.27421683721125273
988
0.14277694639615449
989
0.13638861266153296
990
0.16681586457009276
991
0.2490342726775711
992
0.20605827970683924
993
0.1452636016803984
994
0.12113074226293892
995
0.10974420998749014
996
0.12295479902594797
997
0.10507234039816371
998
0.15279229789567253
999
0.13132794608920434
1000
0.1536886172938322
1001
0.13016870491800747
1002
0.14728098932031958
1003
0.17444973200154076
1004
0.16323317977428486
1005
0.13830936995747026
1006
0.15633134944401864
1007
0.17774583674579375
1008
0.12086458934842377
1009
0.16109016651058727
1010
0.18764529896463267
1011
0.14511279421088444
1012
0.18544690021496466
1013
0.29082515412200505
1014
0.1308433283181733
1015
0.13094009845109567
1016
0.17973941669931548
1017
0.13900165478188045
1018
0.15746300006705077
1019
0.17438664750748398
1020
0.14993628105420956
1021
0.13253575634172404
1022
0.12121134805101294
1023
0.15832643377212424
1024
0.14589315048017995
1025
0.17100763497256577
1026
0.17679704054331646
1027
0.14293199338832807
1028
0.23551461831041176
1029
0.22044339913315125
1030
0.1674435588091668
1031
0.19434578796134888
1032
0.1509289754123668
1033
0.2126164202495323
1034
0.1543845930617657
1035
0.20397643588553752
1036
0.2003561267345801
1037
0.20358526499904206
1038
0.1719893019493242
1039
0.23039297304538728
1040
0.14658098889252058
1041
0.17037943041698733
1042
0.16803798931000447
1043
0.1514835773045504
1044
0.1725549922857173
1045
0.1381521556516525
1046
0.16043468088775564
1047
0.31671597823138103
1048
0.14200510997943627
1049
0.1372629378107012
1050
0.19902663425142114
1051
0.23694804334140737
1052
0.19918674737112413
1053
0.14566543906736187
1054
0.16808131692995001
1055
0.16747839630193667
1056
0.13060345773310217
1057
0.18006633295944957
1058
0.14833515222680163
1059
0.13500729658247165
1060
0.21426922663464434
1061
0.16164652242659772
1062
0.12486557876170314
1063
0.14820494642815008
1064
0.17675133421795444
1065
0.1262117590463807
1066
0.15967303420280693
1067
0.19822706855291725
1068
0.17711426052896836
1069
0.2151645960963355
1070
0.15083422398039673
1071
0.19649220776954116
1072
0.1724630927382503
1073
0.24883196520770534
1074
0.14296654887156363
1075
0.14914060173027924
1076
0.14557382175648245
1077
0.1403073176152883
1078
0.16886471230126465
1079
0.22863525447160715
1080
0.16263137981861497
1081
0.15248104983963434
1082
0.1319173274654117
1083
0.16757361571939328
1084
0.10810361517912385
1085
0.2083997835857553
1086
0.13567956702521414
1087
0.15871632079889597
1088
0.19468453320043788
1089
0.11939442023666531
1090
0.18138912272785576
1091
0.13204500874456057
1092
0.31632583858599767
1093
0.15297179407124692
1094
0.13021372769443518
1095
0.15996164414033626
1096
0.14375377125059605
1097
0.15780581443987976
1098
0.14398805639968246
1099
0.12987706486657707
1100
0.13072292356182635
1101
0.17900829587628925
1102
0.19235109885028923
1103
0.15054843681034893
1104
0.15458706106200246
1105
0.18863225293357413
1106
0.1971265881718321
1107
0.15009811929869332
1108
0.1612275063969496
1109
0.12178265055240728
1110
0.6647595142970637
1111
0.14774252001075092
1112
0.11305601109578335
1113
0.13885575446319742
1114
0.1391147890591709
1115
0.14962993982437234
1116
0.1993519036528486
1117
0.15673211425589495
1118
0.11890651058160757
1119
0.20655095269486126
1120
0.16753238602091317
1121
0.16619502991131296
1122
0.133983278320816
1123
0.14000423456462954
1124
0.15032348020588607
1125
0.192521271421993
1126
0.20895422548055378
1127
0.16971443999548194
1128
0.1979516736540889
1129
0.17666933456172082
1130
0.15406647432470583
1131
0.1547210117863291
1132
0.15711523984609962
1133
0.1707806954620454
1134
0.1247411958526351
1135
0.1491152997767523
1136
0.1765046006021398
1137
0.21824709815976331
1138
0.1819801122554317
1139
0.17583007144254514
1140
0.15110015188477607
1141
0.14114624661521388
1142
0.15090686201776993
1143
0.1505125530123081
1144
0.17577925675018843
1145
0.16029048395074347
1146
0.21873208399732813
1147
0.12302064538147806
1148
0.23428510049730064
1149
0.18315115268207674
1150
0.4131645718718909
1151
0.1373498281585808
1152
0.17058146783205821
1153
0.18995490095976317
1154
0.21023329559176424
1155
0.12599793423205927
1156
0.424903558916202
1157
0.12476572461272373
1158
0.2898605696516199
1159
0.13896000046228338
1160
0.12476552130342895
1161
0.13852439910577313
1162
0.22648863069841635
1163
0.12786729234775177
1164
0.16569589814729616
1165
0.16559555326473427
1166
0.14067748872093672
1167
0.17545841842293203
1168
0.18668057693214166
1169
0.14967799607119645
1170
0.12924691222389803
1171
0.134801568409413
1172
0.16725965379422317
1173
0.13716381388296342
1174
0.1450683755275943
1175
0.20355664901166728
1176
0.17216445300993227
1177
0.19572762081280962
1178
0.14316260178961326
1179
0.1665622211805607
1180
0.16671733934046795
1181
0.1407254271568191
1182
0.20424349829594954
1183
0.29283700077304364
1184
0.13745151709005554
1185
0.12493840538389908
1186
0.16600548729129636
1187
0.22655483135955332
1188
0.1997856016960404
1189
0.23578208267096382
1190
0.21483485966883656
1191
0.17780966372375442
1192
0.15076831781263172
1193
0.10885795979048696
1194
0.24146608143551138
1195
0.20105541642504315
1196
0.1746968300574769
1197
0.13935464606333559
1198
0.10792942888135126
1199
0.13751378575164944
1200
0.18585220698052846
1201
0.15155423919514752
1202
0.15579378988174505
1203
0.15437473327615636
1204
0.27174933909737575
1205
0.10525892503093122
1206
0.5095966313577277
1207
0.13548165146924454
1208
0.2548346524774036
1209
0.17380916157831774
1210
0.15085390019279946
1211
0.11667773289521148
1212
0.10677481971667795
1213
0.14240330732880185
1214
0.13686905578953487
1215
0.12968474934815294
1216
0.13653351271183944
1217
0.15187441391496478
1218
0.15381476891518342
1219
0.11490594947410414
1220
0.1460675730036385
1221
0.11609939223548169
1222
0.16671951443869287
1223
0.18628766804524824
1224
0.2302364957812123
1225
0.1682539020857506
1226
0.18073968774091043
1227
0.13861314406649125
1228
0.1946367676769294
1229
0.11200756286002485
1230
0.20936877830193534
1231
0.2017052673455566
1232
0.24150218946601656
1233
0.10375619089030333
1234
0.20251118066200383
1235
0.18132847713699815
1236
0.18243577457971052
1237
0.18165853334411147
1238
0.15057638550959804
1239
0.15281872751187264
1240
0.137032867587807
1241
0.10819150790937325
1242
0.17406521483273113
1243
0.1713112835889464
1244
0.14869954549535805
1245
0.18846206585648134
1246
0.12950237703032844
1247
0.14693128599953179
1248
0.16701241943780756
1249
0.2899349825346231
1250
0.1224211775632145
1251
0.13302619293336876
1252
0.17689382166730225
1253
0.3340890347803524
1254
0.13429446275421467
1255
0.17480014459376123
1256
0.20108020843428076
1257
0.10848602480871479
1258
0.12252443527348852
1259
0.1633671551026574
1260
0.11068705588486322
1261
0.18696175201220377
1262
0.11965626502386043
1263
0.1610161377632799
1264
0.15190880030606746
1265
0.15915474038206193
1266
0.2136947745062443
1267
0.23232420930491576
1268
0.22197196084204338
1269
0.2046814561499703
1270
0.1432110335363058
1271
0.12688402014311617
1272
0.19168746213788143
1273
0.1586531908250513
1274
0.16849672023855117
1275
0.12034830935942296
1276
0.135592816579705
1277
0.12256155477746587
1278
0.13412213804546827
1279
0.19676100588263112
1280
0.15501191724608201
1281
0.1600484044260641
1282
0.1657171656670467
1283
0.18310922421438652
1284
0.12485605959570273
1285
0.12451140273955015
1286
0.12725902359967214
1287
0.15677079145934664
1288
0.1283081632163236
1289
0.15043514539498767
1290
0.18715369346751165
1291
0.13980385958681496
1292
0.18949368558229526
1293
0.4358766695966978
1294
0.17817547601076
1295
0.14787751937340307
1296
0.18996708924485453
1297
0.1567846916721921
1298
0.15034774608112783
1299
0.18860975326705032
1300
0.209103480148219
1301
0.22894404834018015
1302
0.11093875453963023
1303
0.20938539874371043
1304
0.17979312602637645
1305
0.1714408006082789
1306
0.18913602178123537
1307
0.27734278542846125
1308
0.10931395398968978
1309
0.21528136296487188
1310
0.13521330701703607
1311
0.15419081249432634
1312
0.23314767116301197
1313
0.12201211783624316
1314
0.15040644765993233
1315
0.240612221209462
1316
0.13118613243430993
1317
0.17185092065568974
1318
0.10829496717660135
1319
0.1955871241034205
1320
0.17477267262701582
1321
0.202710155086198
1322
0.10530996299157265
1323
0.22598237596505755
1324
0.1924920536550447
1325
0.14948433526422356
1326
0.10804870696225917
1327
0.14368694125804007
1328
0.1470860898946924
1329
0.18049712428383197
1330
0.16136315807125917
1331
0.17370695301907793
1332
0.1338069253356396
1333
0.13687664354562196
1334
0.13482125048362614
1335
0.16528959856902006
1336
0.17977169247976563
1337
0.21054037016439692
1338
0.14993791284038097
1339
0.11343796612842644
1340
0.14948579177689147
1341
0.14539958072663542
1342
0.12702949471882127
1343
0.19018038180183283
1344
0.1271710328030539
1345
0.160495583993579
1346
0.18695263160552533
1347
0.16151931329741895
1348
0.127927755578287
1349
0.19599773272761006
1350
0.1274663256674279
1351
0.10913309868479737
1352
0.13256434529862435
1353
0.12738440020116693
1354
0.12100241941011336
1355
0.18886169191573848
1356
0.14590492661564444
1357
0.2227963081459648
1358
0.265706747965482
1359
0.12633637787309748
1360
0.2036805534955643
1361
0.14174972342452763
1362
0.1662885947061319
1363
0.11512414295317676
1364
0.11570565795718991
1365
0.14371530279762362
1366
0.12557770563285203
1367
0.1266139344706642
1368
0.1516503056366396
1369
0.1352645085838823
1370
0.18773675651008565
1371
0.10620722279879284
1372
0.1403647516630755
1373
0.19886828747984847
1374
0.11956402897803535
1375
0.17446318528985313
1376
0.1252640132416114
1377
0.12988908046725955
1378
0.13625458573706656
1379
0.22911137328393197
1380
0.17334363955910287
1381
0.14884286576852204
1382
0.4974188244170711
1383
0.10673665723460736
1384
0.17919799897374472
1385
0.1615355364898702
1386
0.1860241075143284
1387
0.13083503642066596
1388
0.16687621538515687
1389
0.11494208354265632
1390
0.170765202873039
1391
0.1642692860008738
1392
0.1525714099607375
1393
0.16190534701845852
1394
0.13745037984528505
1395
0.12214801105256369
1396
0.10989254866954355
1397
0.22469762988657485
1398
0.11652707490549957
1399
0.1328744826492654
1400
0.15389676349060982
1401
0.13822964074014954
1402
0.12452726047351978
1403
0.20326581565370813
1404
0.1938809257302776
1405
0.2099380778589737
1406
0.12107801417487998
1407
0.238381003280965
1408
0.17118859512466525
1409
0.13958222166095305
1410
0.20172598741675038
1411
0.134387732729812
1412
0.11603621966659926
1413
0.11802065902029085
1414
0.15050525215724206
1415
0.18692985697875408
1416
0.17332209115567052
1417
0.12518527704022805
1418
0.18349057498673588
1419
0.24347872365356885
1420
0.12245913130742506
1421
0.21840152203132038
1422
0.2710317656947658
1423
0.19254434974896462
1424
0.1562777910525672
1425
0.1536583218723862
1426
0.15575862000246096
1427
0.14933319523641325
1428
0.20655623179576652
1429
0.31510943194871616
1430
0.17314834053742917
1431
0.15827202683915387
1432
0.13761916745659372
1433
0.1630279318362033
1434
0.11253346154902787
1435
0.23202397554824894
1436
0.18984981175845092
1437
0.13351599706515696
1438
0.17769343337750726
1439
0.17738366463579308
1440
0.15361560635279947
1441
0.12492898490025359
1442
0.14867664724506516
1443
0.1353687296854139
1444
0.1612297206761002
1445
0.19085523071177068
1446
0.2099334485696023
1447
0.12483815177276462
1448
0.163723528179274
1449
0.19365850196464238
1450
0.12197365106333548
1451
0.11741784972207113
1452
0.18411028420335837
1453
0.3326147652598559
1454
0.14467237157093132
1455
0.1293909722417235
1456
0.17271431581280353
1457
0.1979810428311553
1458
0.19820710313792422
1459
0.21717196294113125
1460
0.14875246598164743
1461
0.16674175858051013
1462
0.18471671513033935
1463
0.18768570448958447
1464
0.18447235280499408
1465
0.18209861909906477
1466
0.149191228519448
1467
0.20942750890441986
1468
0.2856984087877137
1469
0.10455251536406666
1470
0.17175207996311664
1471
0.1235102716775912
1472
0.15315079571816734
1473
0.13870512755286957
1474
0.18646507918931426
1475
0.15591954640899497
1476
0.13411694743941946
1477
0.12626905241114916
1478
0.15520869409593216
1479
0.18356559575187148
1480
0.1723015026280303
1481
0.13612388917214774
1482
0.13055651586393724
1483
0.24272451406451362
1484
0.5508228230661131
1485
0.1348029633161396
1486
0.27595241433302253
1487
0.13216753019989994
1488
0.17642614738261267
1489
0.13346801321400997
1490
0.19448090982748203
1491
0.7921055175393731
1492
0.16076995239292338
1493
0.30462277911711205
1494
0.15105371088611258
1495
0.15365030902674948
1496
0.22121170332384013
1497
0.17231327536921984
1498
0.10867773546073545
1499
0.10903986801713478
1500
0.180085727923118
1501
0.13454812953544704
1502
0.16027115777902623
1503
0.13931351572897074
1504
0.175327250524883
1505
0.219249619508039
1506
0.23644250133366954
1507
0.1439869760130827
1508
0.1546757832025498
1509
0.17485898154561158
1510
0.22532521767352826
1511
0.15098497037128975
1512
0.21695331602178133
1513
0.12830114577567106
1514
0.13233155854723003
1515
0.12827463422974364
1516
0.11849756666714006
1517
0.1877377385324377
1518
0.16050822262548425
1519
0.19833093745212138
1520
0.11084998055048786
1521
0.17525776743251067
1522
0.11294161113175485
1523
0.16180949397503994
1524
0.28020235441605246
1525
0.17725558613953146
1526
0.17067019159951868
1527
0.18643429140187903
1528
0.16104022057909415
1529
0.12825031715618543
1530
0.20850939368670468
1531
0.15573735569790748
1532
0.14156440966307854
1533
0.2324571750390768
1534
0.15244711420674018
1535
0.13015450124904623
1536
0.39117108114536975
1537
0.13299202001801655
1538
0.11337988870019075
1539
0.14422627792789877
1540
0.18183026411200454
1541
0.2433358211532269
1542
0.12033476355203115
1543
0.11684581530143982
1544
0.139570341853043
1545
0.20878392680269867
1546
0.14093571798110383
1547
0.1299047523230381
1548
0.15081605782452218
1549
0.15993321167388036
1550
0.13888229657645337
1551
0.14378706191658883
1552
0.15891432526150032
1553
0.13523220342930298
1554
0.20222067569763802
1555
0.13805787653331944
1556
0.2044325534871656
1557
0.17656586337901292
1558
0.13172877810752506
1559
0.2032049292883393
1560
0.14872061123536912
1561
0.13048377705386335
1562
0.16857030819563926
1563
0.13937512685871484
1564
0.20018170109549344
1565
0.12694023386315792
1566
0.15506754044493198
1567
0.1693828512129781
1568
0.2504746613291903
1569
0.18811376700616458
1570
0.1492090220032551
1571
0.13723299373364448
1572
0.11831938208177119
1573
0.1562723579199022
1574
0.1388071380486713
1575
0.1860993833713285
1576
0.23808637810455732
1577
0.13024594987789223
1578
0.18148265375764483
1579
0.15785699735415387
1580
0.17671058040133092
1581
0.14350067212760245
1582
0.15812003355017046
1583
0.13896489571446208
1584
0.24836170497482182
1585
0.15829469282334108
1586
0.1991397235129958
1587
0.139308194315642
1588
0.13942761322517655
1589
0.16180119229941475
1590
0.1861351308075336
1591
0.114274372605203
1592
0.18663257398336508
1593
0.15327096560970993
1594
0.30658333703029855
1595
0.12697497147029033
1596
0.12235270557953302
1597
0.12286741626109958
1598
0.22429959785110426
1599
0.19770002161246852
1600
0.24500067143798818
1601
0.1416865464168077
1602
0.164560629557609
1603
0.13515173183830267
1604
0.14693170073711775
1605
0.13223611123553963
1606
0.13097656593584933
1607
0.18979126554729958
1608
0.13026888006637383
1609
0.17504806922289723
1610
0.1813482878949877
1611
0.20963812195578713
1612
0.24495463054098493
1613
0.19899699918208655
1614
0.1631508497132066
1615
0.19395355312930856
1616
0.19046838485557377
1617
0.2434310061070918
1618
0.15899198762169622
1619
0.16631769378154737
1620
0.16159108378930745
1621
0.16052359018348955
1622
0.1706291469927493
1623
0.12763461604972573
1624
0.13762722677777808
1625
0.16512295130821045
1626
0.22714511230365558
1627
0.17901358028196276
1628
0.1823839979266975
1629
0.1484253618373646
1630
0.16161540741828143
1631
0.20570130524178937
1632
0.16132524040632135
1633
0.19283259367102928
1634
0.15147284750861112
1635
0.1459753576841334
1636
0.13675646692229693
1637
0.22296698798761858
1638
0.12655442931054034
1639
0.1417949640361202
1640
0.20557769898037123
1641
0.18628570477169878
1642
0.13574727982345744
1643
0.1312094617204825
1644
0.19284131117322753
1645
0.23515293377280752
1646
0.14101766802550714
1647
0.15143391146482416
1648
0.187055460981368
1649
0.16194262138994647
1650
0.16991431437219082
1651
0.19042356386165915
1652
0.1624832149862195
1653
0.15101673083889078
1654
0.1832701319000177
1655
0.15224089230392565
1656
0.14491525600059102
1657
0.1828645242587336
1658
0.14129939594792948
1659
0.16352493434337084
1660
0.13457511189632101
1661
0.13143144985355198
1662
0.16604468360677366
1663
0.20619071236483066
1664
0.157885657461377
1665
0.1498547126938589
1666
0.13701221824602067
1667
0.2509636651077819
1668
0.14085261223664927
1669
0.22633834809302733
1670
0.13944665100291564
1671
0.1968958248826456
1672
0.19163235838595094
1673
0.1610996682011779
1674
0.13325558689579606
1675
0.17234479451117968
1676
0.11216109753832722
1677
0.14346493314485856
1678
0.13605984045663472
1679
0.17049316778169363
1680
0.15777024109477247
1681
0.15640937696347554
1682
0.1634285337493686
1683
0.1457503304309606
1684
0.15908618652541667
1685
0.20331035318385113
1686
0.18759384415273697
1687
0.13447455180267856
1688
0.17691924724087216
1689
0.11622318759773742
1690
0.15450335695205045
1691
0.20641442681634103
1692
0.13013051461123687
1693
0.1340461047663525
1694
0.33184669872141465
1695
0.16927368955336733
1696
0.19461493286617512
1697
0.24620048633556596
1698
0.22297558286727015
1699
0.12912098181155393
1700
0.1561633068015176
1701
0.11169840410772289
1702
0.22618071559966163
1703
0.11801307292285163
1704
0.13207957347163296
1705
0.18054298373718683
1706
0.1201265049577526
1707
0.14054054767563695
1708
0.19504747648449455
1709
0.11675009213913498
1710
0.13090521058932186
1711
0.16050233714315357
1712
0.31549359726923637
1713
0.15188064060298792
1714
0.2572942973534494
1715
0.21962897962836347
1716
0.19385405710560888
1717
0.12945377902331479
1718
0.15110435655999926
1719
0.12310305415535445
1720
0.18784341757843476
1721
0.26211491965210176
1722
0.2336144600595961
1723
0.18436481002271687
1724
0.14168710898929018
1725
0.14809571317751788
1726
0.1925409145082774
1727
0.13275705948094657
1728
0.1334931214992191
1729
0.19950782918250634
1730
0.11670759723177226
1731
0.15249451693179136
1732
0.16379593783687935
1733
0.11448397495628881
1734
0.19139895040135846
1735
0.13435068097830546
1736
0.139588038396804
1737
0.16075430486556302
1738
0.20530393872100852
1739
0.17550661988885488
1740
0.14373153482130385
1741
0.17863835009006393
1742
0.1593922773906375
1743
0.14417044336308732
1744
0.13549897395344798
1745
0.1743700585321881
1746
0.38383463986906874
1747
0.1636935628331807
1748
0.20677206248256189
1749
0.16952710496148476
1750
0.15479200834248863
1751
0.18118234219157847
1752
0.14332752601485566
1753
0.19151303440991338
1754
0.26124688781119876
1755
0.12312238302712007
1756
0.12173987936098174
1757
0.3870025870272514
1758
0.10898179439048511
1759
0.12375702426521047
1760
0.1836102854668007
1761
0.15086047070727562
1762
0.1895837886910145
1763
0.2129410962922565
1764
0.1681654772845974
1765
0.13286321299607176
1766
0.12815675112014618
1767
0.16086945773185254
1768
0.1842437303314839
1769
0.22210009898582075
1770
0.18233120709283568
1771
0.17136467819277468
1772
0.1671236708971721
1773
0.12002527541419329
1774
0.13564492712151
1775
0.1543495424363035
1776
0.17387786615514544
1777
0.11426632130492449
1778
0.19975409509376024
1779
0.18624954411859543
1780
0.1593202648981055
1781
0.13780713544324652
1782
0.15821706586724077
1783
0.15392100163575498
1784
0.14868110618436448
1785
0.2666894294281715
1786
0.18399393686393875
1787
0.1656108152272519
1788
0.24644524587657887
1789
0.12576612797836006
1790
0.18953588225870877
1791
0.20268425065160714
1792
0.17935937327677273
1793
0.11415260929117847
1794
0.22158856118715425
1795
0.12918649013574723
1796
0.17287240818962596
1797
0.1403487998250128
1798
0.12004856041995392
1799
0.14629781983819617
1800
0.13614660983384286
1801
0.15423612332582018
1802
0.15090776238672127
1803
0.17736344057418948
1804
0.20850929266618487
1805
0.1506744662152153
1806
0.6709559220929542
1807
0.11489467635583824
1808
0.1639213656726228
1809
0.15287095580524265
1810
0.15459173503720344
1811
0.14397541701724248
1812
0.18453908526915588
1813
0.1757652789413214
1814
0.204627008890898
1815
0.14152264990709496
1816
0.13106746235884928
1817
0.2133377899902728
1818
0.1432897172992466
1819
0.18903616903696244
1820
0.23635157735411488
1821
0.15070372981530472
1822
0.1667602365190538
1823
0.14887482506042019
1824
0.12487104278075993
1825
0.16356416006974975
1826
0.14613118678723747
1827
0.19691529720779266
1828
0.1287278084013287
1829
0.21497393069671544
1830
0.13796391594979998
1831
0.22686394826600095
1832
0.1367051620635066
1833
0.17148522367730698
1834
0.17637167075229915
1835
0.17038086280764955
1836
0.17546793438185765
1837
0.2237880849559072
1838
0.1896686367232984
1839
0.1553666322273116
1840
0.135237216705033
1841
0.16740368480188914
1842
0.15907261345212612
1843
0.10699033886424646
1844
0.20495748034472988
1845
0.153831813502694
1846
0.12499087686533943
1847
0.16263197900674642
1848
0.1694697280522496
1849
0.10727147753612537
1850
0.12367099842892033
1851
0.1681186952513105
1852
0.17889985057449495
1853
0.1715126478251735
1854
0.11265696055599803
1855
0.1113546237230429
1856
0.13196047239207098
1857
0.22190196622679376
1858
0.1343726559068741
1859
0.14106689711198744
1860
0.13747387568258898
1861
0.17317721355663757
1862
0.11218440758328763
1863
0.1556640254408887
1864
0.20934643222641142
1865
0.1275808320053116
1866
0.16646902108532863
1867
0.19323579534870472
1868
0.20265731720376967
1869
0.15301195959566397
1870
0.14040768055137728
1871
0.15835408870072304
1872
0.17095612797315393
1873
0.22582013664018244
1874
0.2401145440562243
1875
0.13729500497792074
1876
0.11820816710243703
1877
0.15124536082997606
1878
0.15675077885015828
1879
0.1521936103373943
1880
0.16196383382717713
1881
0.20680562309618158
1882
0.151163321026572
1883
0.13944992052064314
1884
0.13719110747221758
1885
0.16750767286019552
1886
0.18795767757606308
1887
0.6345134865574917
1888
0.12966134179096667
1889
0.12361198131020609
1890
0.15324916439654065
1891
0.19067744125289818
1892
0.14013564897303762
1893
0.2221119763436042
1894
0.15379464758360675
1895
0.13186762808703703
1896
0.2782171949230233
1897
0.10558521862062645
1898
0.12692809645072914
1899
0.22856058719863792
1900
0.16620168261224816
1901
0.13355473529857048
1902
0.1225717324754847
1903
0.11881199252814116
1904
0.17249856420408896
1905
0.14657533071265094
1906
0.17228363840739425
1907
0.24909665351793173
1908
0.31540304235808037
1909
0.17237013625280848
1910
0.1489236871977414
1911
0.13037181046955018
1912
0.15981449520470106
1913
0.12126894743473787
1914
0.1965546668107381
1915
0.1997886973426233
1916
0.12852791850187176
1917
0.14861416750019343
1918
0.22679695341165537
1919
0.1317644284935098
1920
0.21268709965326926
1921
0.1890904724932904
1922
0.1496151646565913
1923
0.1763448115057531
1924
0.1358247065394394
1925
0.18074553108095995
1926
0.15492748134011405
1927
0.13507862706762333
1928
0.19235288997907368
1929
0.11355545103914261
1930
0.1719739506143935
1931
0.16854487561117254
1932
0.11811505324305917
1933
0.18978893589778784
1934
0.167152872385812
1935
0.1596821155498088
1936
0.1492573932276609
1937
0.13937006133348354
1938
0.16006071006370218
1939
0.1569762199892348
1940
0.1304390885827298
1941
0.22667358066347149
1942
0.15213059453412012
1943
0.17168699541055324
1944
0.20829851600996555
1945
0.1068213438783569
1946
0.17041952836577587
1947
0.1488697409930832
1948
0.14779808496977478
1949
0.180106569112331
1950
0.17947718707866064
1951
0.21751597441574413
1952
0.14363690737311652
1953
0.24054597241637532
1954
0.1257229500759702
1955
0.19908851272218084
1956
0.12443390977234167
1957
0.6513112320652672
1958
0.16702142131023576
1959
0.21088851257888686
1960
0.11021337841566027
1961
0.12149824134981521
1962
0.15208655953797598
1963
0.13583860239887588
1964
0.14896145868386246
1965
0.20556834481368919
1966
0.13226915515947105
1967
0.17632752410242544
1968
0.14405471372492873
1969
0.26635033559194066
1970
0.18456314115330666
1971
0.4474469573513054
1972
0.1617061674398412
1973
0.18805714859163147
1974
0.14248962236928273
1975
0.15402573333002217
1976
0.18949584007334197
1977
0.2308628177567595
1978
0.23025823282191532
1979
0.17136923533897688
1980
0.15199388006698508
1981
0.12827961841584398
1982
0.18300998145597194
1983
0.1751166398328825
1984
0.16604145070242637
1985
0.1434212098758728
1986
0.13884933257229834
1987
0.16882168403740652
1988
0.14703599507147735
1989
0.1509027751199484
1990
0.13884631236863276
1991
0.1512196779324098
1992
0.21332531782806896
1993
0.13891879108466315
1994
0.13070917963234785
1995
0.1635552479911682
1996
0.2082983907987269
1997
0.1092860849227007
1998
0.2053815069907667
1999
0.12573795057846548
2000
0.13218404126046507
2001
0.20646360676057424
2002
0.17953441374200896
2003
0.11859742454749272
2004
0.21899602651151417
2005
0.11478627880552734
2006
0.14665508683420395
2007
0.150987802585643
2008
0.18701859841919194
2009
0.10515701919637409
2010
0.26270141735473196
2011
0.15370231615353092
2012
0.13685432670585965
2013
0.11569675966080775
2014
0.24943699092994856
2015
0.3496565246364101
2016
0.1430045057679785
2017
0.12120932183481373
2018
0.14362555653123005
2019
0.23192546677085463
2020
0.15840452244796982
2021
0.17105991375774895
2022
0.15037166355009382
2023
0.13436295755983438
2024
0.3025948441403824
2025
0.1127650157077173
2026
0.2210315769475987
2027
0.18563104511439235
2028
0.345092536026447
2029
0.16619477077010125
2030
0.1435227022877146
2031
0.19091257675249576
2032
0.15839855581611398
2033
0.19748518341767493
2034
0.1188851647762064
2035
0.17903169668303565
2036
0.13685094863808636
2037
0.16352175130595253
2038
0.16153050413268227
2039
0.13504087083218455
2040
0.14313782977185033
2041
0.11363762676930686
2042
0.14222540658961766
2043
0.15074528993017894
2044
0.18710146220602683
2045
0.1486759112011837
2046
0.13708318630790486
2047
0.13743701332269645
2048
0.13020586073029594
2049
0.1804221687667507
2050
0.23983611571761335
2051
0.17842640625837713
2052
0.14883355970800036
2053
0.24619053676881697
2054
0.13524062553473645
2055
0.1582923191087065
2056
0.15523307659037866
2057
0.13236779502233115
2058
0.13066680544779571
2059
0.15021858825104234
2060
0.11488917786336426
2061
0.12663631155887112
2062
0.15048790802924863
2063
0.17553087676336596
2064
0.18937968452825085
2065
0.13233972091992716
2066
0.22663991577229167
2067
0.13681776036548987
2068
0.17409142610179035
2069
0.19685439029084187
2070
0.1987242732467165
2071
0.12442460132761576
2072
0.1465180440192332
2073
0.21126692587606088
2074
0.13088939505925698
2075
0.16677874201989804
2076
0.11266878148107967
2077
0.22163987421648562
2078
0.14661740164812206
2079
0.20353479708373043
2080
0.19435957457749936
2081
0.27155160616989865
2082
0.18178439673518118
2083
0.2072485708499971
2084
0.1645233182710689
2085
0.13718684586463198
2086
0.1436761675512851
2087
0.17804454068280556
2088
0.2744019650127792
2089
0.20486719687326407
2090
0.11899815709031962
2091
0.1763862838784696
2092
0.1956944354311391
2093
0.17717858312596363
2094
0.1543293122110925
2095
0.12500867623607131
2096
0.18883865682627074
2097
0.12974737005769793
2098
0.17536995847007134
2099
0.1298447660920922
2100
0.16721565536340885
2101
0.13971745082825482
2102
0.13825525316848267
2103
0.2373387101758264
2104
0.2159257881380147
2105
0.1805115092184928
2106
0.14368537269805606
2107
0.16709232140591773
2108
0.13126163814316724
2109
0.13229905178025908
2110
0.12325181008981295
2111
0.19230722765079417
2112
0.10809545972652593
2113
0.19410527452677329
2114
0.120722213959512
2115
0.18128138989468626
2116
0.2950828787225917
2117
0.1276124474385269
2118
0.16748564623919182
2119
0.1951070445021581
2120
0.19758564712986637
2121
0.15507791645793534
2122
0.176358776869564
2123
0.14748813841221967
2124
0.1705280060379573
2125
0.14876607543482623
2126
0.2172115269551095
2127
0.18915247729803655
2128
0.14915885241816781
2129
0.12455047466139407
2130
0.2113462553884734
2131
0.13528166021402424
2132
0.36773711081925825
2133
0.15027946242567797
2134
0.17291776077922585
2135
0.15711536718945782
2136
0.17369329512806503
2137
0.10350559799005653
2138
0.11092585168678215
2139
0.1345453730284074
2140
0.13448571787106217
2141
0.13570392622266494
2142
0.12955118513946887
2143
0.14704470987606394
2144
0.14026880682149256
2145
0.12861398788233847
2146
0.1666496120307915
2147
0.19048655917100432
2148
0.13412510823759322
2149
0.11644031127063952
2150
0.1505079293099398
2151
0.15246141367637714
2152
0.19220888459667781
2153
0.10868275046456245
2154
0.1681282199357513
2155
0.17514960078481828
2156
0.1583151918231756
2157
0.13410187469520518
2158
0.16531301807832055
2159
0.10623936027496463
2160
0.1467081286125711
2161
0.13560422882807693
2162
0.13854078131334405
2163
0.1320662491482732
2164
0.11859068275935158
2165
0.13833132210794752
2166
0.14923754346255536
2167
0.2499974472133996
2168
0.1483274246762909
2169
0.15712175123630526
2170
0.21975003002988638
2171
0.18054528556384417
2172
0.14395847714371873
2173
0.14040848296663913
2174
0.18330968938184666
2175
0.13098594084462178
2176
0.6460421112542246
2177
0.1270912794570618
2178
0.1487251740727392
2179
0.13969869190381032
2180
0.1517427664430496
2181
0.29839130719108836
2182
0.15070940334530267
2183
0.18459841839214092
2184
0.1473195447522525
2185
0.1683365647880896
2186
0.1384050099087388
2187
0.14250662967660488
2188
0.17883874390332022
2189
0.2027468136553193
2190
0.13673065898462186
2191
0.167802064555393
2192
0.20868071420974013
2193
0.12506798973449607
2194
0.18630162419823826
2195
0.16702802275535522
2196
0.1714710848639998
2197
0.17467218460267966
2198
0.126284304988817
2199
0.12794453209574905
2200
0.13140560078317465
2201
0.21888801406113348
2202
0.19657273514506496
2203
0.11883978479921234
2204
0.16956297759570899
2205
0.9225672128309601
2206
0.13249653342126583
2207
0.4664844001193626
2208
0.13903425403697517
2209
0.10168193379488184
2210
0.13950425446450374
2211
0.13711413620160073
2212
0.23228450359939842
2213
0.27761529755041525
2214
0.14566226593821696
2215
0.15177739132266926
2216
0.20416139212208032
2217
0.1252260825021359
2218
0.12838489636518047
2219
0.13779849979270786
2220
0.1205868409341553
2221
0.1429240288935549
2222
0.12430977471944739
2223
0.12943098937961917
2224
0.13000008652977302
2225
0.1136098930187854
2226
0.15080317933200363
2227
0.13925180973414306
2228
0.14136231022387885
2229
0.19719116075417256
2230
0.1140012478740861
2231
0.1426077710896013
2232
0.169433346851376
2233
0.2998648669310077
2234
0.15124313972960296
2235
0.13474515136781112
2236
0.2721004142201837
2237
0.1344659628642045
2238
0.12946238149118666
2239
0.1836244249241934
2240
0.17699523896015795
2241
0.16634089456599335
2242
0.288096353733329
2243
0.1746729198596506
2244
0.23601103433760845
2245
0.15083445599055537
2246
0.15655609462970124
2247
0.13150380937840778
2248
0.17500928749357703
2249
0.15634547750920028
2250
0.14272969228858565
2251
0.12575605264583653
2252
0.12736733511918663
2253
0.16708147839925855
2254
0.13371403131631504
2255
0.14974999154486907
2256
0.17781628640535632
2257
0.11381822841481225
2258
0.18637094699652368
2259
0.13313199141249893
2260
0.11930549404398459
2261
0.1594571869670371
2262
0.36190345001426294
2263
0.16264315050912925
2264
0.2279878403134082
2265
0.1854741318258808
2266
0.12310496634706028
2267
0.15527525230057743
2268
0.16247344769849437
2269
0.23673830144312988
2270
0.7483977005799194
2271
0.15230087094895023
2272
0.1597843261164136
2273
0.12311101107544563
2274
0.11211645307175976
2275
0.17546139435682975
2276
0.11580839673668744
2277
0.1505167769706391
2278
0.1657521092554176
2279
0.14205941666497876
2280
0.17720604287162217
2281
0.14106411507255934
2282
0.2298836290077623
2283
0.12464960941189344
2284
0.18019251241513304
2285
0.15753798022407156
2286
0.1831955481945426
2287
0.3155795002486599
2288
0.2101799934767763
2289
0.18470962790331089
2290
0.10703093522363503
2291
0.17587881818189968
2292
0.1670831841166178
2293
0.14952329438901565
2294
0.18763889505467823
2295
0.21025172356747118
2296
0.1345261369844652
2297
0.22661918917183588
2298
0.1936498584598509
2299
0.17946196409961296
2300
0.15810890410773487
2301
0.13270566698859104
2302
0.2053657392139669
2303
0.14721198280474634
2304
0.13547127827657393
2305
0.16766668540906682
2306
0.12003483291660448
2307
0.1401986748133084
2308
0.1189410002412371
2309
0.11998020185477655
2310
0.15667382252447207
2311
0.2743822534597175
2312
0.1465680936976374
2313
0.19707394181594995
2314
0.1441932215269282
2315
0.14396640041565537
2316
0.15789419925615122
2317
0.14205115846438943
2318
0.16880814869387947
2319
0.3005187706769931
2320
0.13577476841533737
2321
0.1709390399533404
2322
0.17258192086562021
2323
0.15909249548075707
2324
0.10825380022851863
2325
0.1339125370958349
2326
0.19175946284903728
2327
0.15401748252826122
2328
0.09725996775800111
2329
0.16813713379810624
2330
0.13306365259374373
2331
0.15655243293779242
2332
0.19837052274236963
2333
0.1350654202625007
2334
0.1771981841115612
2335
0.20309929750385783
2336
0.2203344638206854
2337
0.11664996021338078
2338
0.15021416915226452
2339
0.1809481662354785
2340
0.22584872419944577
2341
0.17709698407911384
2342
0.243604870811789
2343
0.15530042509463945
2344
0.29817491867641904
2345
0.16810863451830604
2346
0.13309538469402699
2347
0.24815018989729942
2348
0.13068761311530636
2349
0.1603422964787591
2350
0.10214658405265822
2351
0.12096930746311813
2352
0.12889505440437185
2353
0.1727566111641022
2354
0.16958383889824138
2355
0.2011551266544011
2356
0.1939817608402031
2357
0.10976946819186215
2358
0.13304292842855703
2359
0.1584441731076935
2360
0.15744563228614744
2361
0.1673882905615622
2362
0.12420320379080717
2363
0.18454006659132718
2364
0.11158318355492586
2365
0.15337418886717058
2366
0.14839531760781396
2367
0.13005568989855698
2368
0.2029564545110348
2369
0.1710499723892572
2370
0.13814790258789958
2371
0.20136850552300803
2372
0.20717240294519446
2373
0.1840798702336568
2374
0.2594324396325515
2375
0.1322806335782583
2376
0.25846104341485837
2377
0.15469057408773515
2378
0.14448513435069738
2379
0.13613019286891848
2380
0.1544513233556604
2381
0.12444012866547426
2382
0.22695394799388263
2383
0.21995101387815374
2384
0.13789806479428254
2385
0.18487494137683924
2386
0.22491045665960438
2387
0.1841454086840397
2388
0.23741804732792796
2389
0.20117997717350797
2390
0.1630899522494243
2391
0.12056699612605631
2392
0.13196243174046568
2393
0.14128911293290836
2394
0.21957974778136885
2395
0.1306151669416075
2396
0.2437266570372657
2397
0.0931210643158667
2398
0.1284270042109515
2399
0.16007241311621545
2400
0.4261717520396286
2401
0.23465222447206824
2402
0.15257436245899955
2403
0.1658131673958429
2404
0.12937288496161597
2405
0.18921122685790673
2406
0.3204663576134311
2407
0.15372591332473307
2408
0.163817765515609
2409
0.15374352871375754
2410
0.1652892881383454
2411
0.13969730336495556
2412
0.24055177044843465
2413
0.1471419685794409
2414
0.16068620927346228
2415
0.17577203539728337
2416
0.17172986856175426
2417
0.19588886105222822
2418
0.15683732183654953
2419
0.17204842087809086
2420
0.13489984117955053
2421
0.15189144338397478
2422
0.1948867368694421
2423
0.160699288520534
2424
0.1831152728559133
2425
0.1503660104291543
2426
0.14367632001945918
2427
0.11214667748027335
2428
0.1774612388709548
2429
0.10878770796748632
2430
0.13681944369131224
2431
0.15720003038598288
2432
0.14516322121579925
2433
0.1644156853024367
2434
0.15844907062414929
2435
0.2920459170383694
2436
0.13703809636693898
2437
0.1691251696442598
2438
0.19958272856836765
2439
0.11210756179504287
2440
0.13563177739758348
2441
0.13502676109960873
2442
0.14500251945998116
2443
0.1989237273879053
2444
0.6309928753992303
2445
0.2062517045503886
2446
0.1395435091879533
2447
0.137620196067367
2448
0.16925034366387706
2449
0.14224756060676602
2450
0.1556562138418093
2451
0.18988670708698335
2452
0.23337771861202344
2453
0.13757842595897488
2454
0.1825792456000256
2455
0.1081858442731795
2456
0.14082762238059224
2457
0.15126082861608411
2458
0.13264612468995426
2459
0.17580885151679163
2460
0.13060410413324272
2461
0.17025104554284762
2462
0.1431610549610211
2463
0.1585195311858985
2464
0.15665884279395476
2465
0.13557146158591782
2466
0.17971771352419713
2467
0.10592829732293194
2468
0.153764450948229
2469
0.15305051692341096
2470
0.11855048288474619
2471
0.11416237522586953
2472
0.21901335412350895
2473
0.21832720541098627
2474
0.21556205182916194
2475
0.1328500887252618
2476
0.17061583721834725
2477
0.1516973936269858
2478
0.1350084202500509
2479
0.15333532139517586
2480
0.15800449091796573
2481
0.15350961674072353
2482
0.18956479127542136
2483
0.16785356881602229
2484
0.16393026332623678
2485
0.27133258546554084
2486
0.13398801132730015
2487
0.10190723130050378
2488
0.1623761240552333
2489
0.169542384574854
2490
0.1669691946933994
2491
0.14601344091859408
2492
0.22242385559112848
2493
0.10785812810085606
2494
0.1533590305231909
2495
0.13738546888607672
2496
0.19216909925468872
2497
0.18937375054436306
2498
0.12190566165454948
2499
0.13719705672529617
2500
0.17520132732797306
2501
0.19841757634463617
2502
0.2302625770390455
2503
0.13877060103286773
2504
0.2640615299994838
2505
0.19471368849898027
2506
0.31234259172496426
2507
0.15367484413210977
2508
0.17391534668785905
2509
0.22944278068961774
2510
0.22357824316322636
2511
0.7778829491550331
2512
0.12917380494442487
2513
0.20760207497445896
2514
0.33367240241392876
2515
0.13156763215894202
2516
0.2365689742411453
2517
0.2217642157465833
2518
0.13063390813783013
2519
0.19609640922602672
2520
0.16813573277923652
2521
0.13367042537116242
2522
0.1792917207790704
2523
0.13281917034444732
2524
0.12874438712567082
2525
0.1443423920039435
2526
0.12216579020103178
2527
0.10788064686564643
2528
0.15280845647274743
2529
0.1697031167391628
2530
0.21785433569126644
2531
0.16396362905659062
2532
0.1266259813534424
2533
0.3913573861920634
2534
0.16803388893773397
2535
0.1725460881631754
2536
0.140702396305082
2537
0.2651074409718728
2538
0.13309096506948676
2539
0.17170918023339654
2540
0.1552882246415534
2541
0.1431502484915384
2542
0.16880729183643978
2543
0.14501395594247826
2544
0.1552386189807218
2545
0.11971957354091227
2546
0.2814949619262201
2547
0.16153211498584283
2548
0.17725418497585246
2549
0.15218654327349546
2550
0.18875975184802748
2551
0.16840776659790552
2552
0.14622208605960046
2553
0.28277837136377065
2554
0.17032124145686053
2555
0.14427287510208753
2556
0.16653613421736962
2557
0.136010191403663
2558
0.14076594269609283
2559
0.20601061202899565
2560
0.20961987159981274
2561
0.1470249241933241
2562
0.15697324470487747
2563
0.12331682236513124
2564
0.12680415418792468
2565
0.33196420269397314
2566
0.18238724742049872
2567
0.1483224411328777
2568
0.26556306277886155
2569
0.14328192288208053
2570
0.15097933919642614
2571
0.30751861047067097
2572
0.164571034118589
2573
0.5550311475646429
2574
0.19554672328749442
2575
0.16464120501211568
2576
0.15393916661188978
2577
0.1946254217203709
2578
0.6345330939533489
2579
0.21254483214496755
2580
0.41489142561582226
2581
0.1263224837070175
2582
0.1511056575135157
2583
0.14189326930573268
2584
0.12591044013754726
2585
0.1202841353857849
2586
0.22858309016077694
2587
0.12371120305427914
2588
0.2464518784192341
2589
0.15841463441740194
2590
0.16694477165830718
2591
0.17757198369978114
2592
0.17017699797275565
2593
0.152088052412142
2594
0.19644302847755488
2595
0.10878336655556861
2596
0.1687276601554099
2597
0.17705878786714557
2598
0.1404710674862827
2599
0.18371199606333286
2600
0.1539288192096582
2601
0.15321744619224856
2602
0.12941168187298052
2603
0.1490878199235212
2604
0.12124631538409524
2605
0.13932932731737882
2606
0.154045748923188
2607
0.1464305978656533
2608
0.16338219864283113
2609
0.11124208450603439
2610
0.11962593288162736
2611
0.5318167980106023
2612
0.16943023516476916
2613
0.16251650969622367
2614
0.21147781357426101
2615
0.23069282369162777
2616
0.12697000401663502
2617
0.1460462664513719
2618
0.17379511051390845
2619
0.2108533301445846
2620
0.15127725530429342
2621
0.1278924991045797
2622
0.137475046297789
2623
0.14307931551620504
2624
0.24494387846139
2625
0.1885899474261612
2626
0.1327981488370321
2627
0.1200770337028674
2628
0.19501496823730213
2629
0.13093118172000967
2630
0.2631156230916229
2631
0.1992755098798165
2632
0.14858628819792702
2633
0.150348102912297
2634
0.1525567894651952
2635
0.14065728479986145
2636
0.1372246563975163
2637
0.14293441284292047
2638
0.2744285141564257
2639
0.17228280024803705
2640
0.12140893883001727
2641
0.2335388081574532
2642
0.20032599186363315
2643
0.13923746674417978
2644
0.1732893696934077
2645
0.17986401000728444
2646
0.1452364461058065
2647
0.2334902892438667
2648
0.1871064390922845
2649
0.16253813243687448
2650
0.33253328767847773
2651
0.12510654201777635
2652
0.26101122934796117
2653
0.14681840366435797
2654
0.11853622033475493
2655
0.14719505682330686
2656
0.20953629172995
2657
0.1314332926585348
2658
0.13224249488484782
2659
0.16073847684752385
2660
0.1182813029348258
2661
0.1231151825412113
2662
0.17268760358392796
2663
0.18934046459535483
2664
0.10579196710673917
2665
0.2056111256793482
2666
0.18476534054096727
2667
0.17572199224936938
2668
0.12870389289963124
2669
0.1144910980527092
2670
0.11526514337859854
2671
0.18043805313037284
2672
0.1745213148727093
2673
0.1614647981609656
2674
0.16264773536143834
2675
0.1161859906746946
2676
0.17843092551808232
2677
0.1706319173993536
2678
0.14483506106601995
2679
0.15238069945732338
2680
0.18409408249744655
2681
0.13764226737014787
2682
0.14077363364146536
2683
0.1879472588050789
2684
0.13354868848373985
2685
0.1947209484880777
2686
0.12447216556315095
2687
0.2361658971764225
2688
0.15268920795718238
2689
0.19638589314050328
2690
0.11032036785093254
2691
0.15278090177862189
2692
0.11536404138395948
2693
0.1941526288503569
2694
0.20423404967869746
2695
0.12816086713877425
2696
0.30242484477673753
2697
0.149910495141338
2698
0.25226800898001966
2699
0.1534075401672527
2700
0.15956766381046056
2701
0.2896032562509317
2702
0.17998534303028843
2703
0.12070900110898983
2704
0.16662686129608378
2705
0.13288967000217916
2706
0.4564615620314249
2707
0.13133762887233416
2708
0.15238883971612788
2709
0.1509744852427896
2710
0.14885216151050304
2711
0.13102626041463625
2712
0.12062390232536613
2713
0.3563434903404542
2714
0.17808691592300668
2715
0.20519532084025563
2716
0.18653572391749484
2717
0.12731422872132295
2718
0.12744607151221815
2719
0.1589135041230065
2720
0.11262213768048586
2721
0.13104643929272522
2722
0.1775537022082569
2723
0.3821451853119675
2724
0.14001217348612402
2725
0.27359509001739785
2726
0.12816667207493268
2727
0.19810635963109974
2728
0.1470669176436437
2729
0.3401444955258217
2730
0.12775656782272465
2731
0.16679667257687006
2732
0.10664604327807752
2733
0.11325390785655116
2734
0.1648389082520086
2735
0.16318176114549132
2736
0.17541427514170221
2737
0.1904925514096727
2738
0.10014711562295622
2739
0.2008197471773177
2740
0.12235687850775195
2741
0.14889005411468703
2742
0.15803782158902058
2743
0.15407178491956341
2744
0.1454409859268825
2745
0.15123771216958604
2746
0.11492622043851058
2747
0.18137576510601333
2748
0.15991249338643262
2749
0.1288426181938884
2750
0.14011971243865373
2751
0.14729385514302623
2752
0.17617144750253205
2753
0.14893489207944738
2754
0.15481842559839915
2755
0.1818369875209272
2756
0.12890652255834986
2757
0.1278199573874949
2758
0.13171832421785967
2759
0.09309067345315293
2760
0.13389530841045377
2761
0.13939213416276536
2762
0.18236768704784048
2763
0.12836179341670398
2764
0.17875772609186824
2765
0.1253642624609499
2766
0.12284511094382321
2767
0.16856971707715485
2768
0.2449690181668952
2769
0.20499757059706245
2770
0.1105999229675767
2771
0.1522011267157859
2772
0.22886354890631788
2773
0.20316516493935355
2774
0.1353250311848588
2775
0.16145959365668353
2776
0.16233821879942872
2777
0.15301315942287996
2778
0.2727961122556308
2779
0.15861777136054675
2780
0.20777569991206457
2781
0.13533577983892384
2782
0.1561700845115082
2783
0.15758774584882784
2784
0.21374335974374736
2785
0.17777369436159815
2786
0.14582980614856636
2787
0.22330142539979722
2788
0.171918455526165
2789
0.14962673460611456
2790
0.17040953215552204
2791
0.1839897794609304
2792
0.16236223243335654
2793
0.1186010164660337
2794
0.13812904715043642
2795
0.12233837682782583
2796
0.1717544657184188
2797
0.1441739757589804
2798
0.1211173156783319
2799
0.11353218277478727
2800
0.16723324061386682
2801
0.6546033420630473
2802
0.4093602504900748
2803
0.1661722830374116
2804
0.1570192228123132
2805
0.14912329230324056
2806
0.13799323430954713
2807
0.1378563157129587
2808
0.11793755684968396
2809
0.14962206114150892
2810
0.20466157038555524
2811
0.23449544168341097
2812
0.20089075976049628
2813
0.13662788328912412
2814
0.19016682055917125
2815
0.14921164332823794
2816
0.18838351288838745
2817
0.11155002842428072
2818
0.18572239271240404
2819
0.1411906411816883
2820
0.13805442936617177
2821
0.12320136500495404
2822
0.12255111603215493
2823
0.16668281441859326
2824
0.1396308437549349
2825
0.11537772142225425
2826
0.18604962244136308
2827
0.22221680265987775
2828
0.1649580696511746
2829
0.11142739582803869
2830
0.12627519657919803
2831
0.13719084771488932
2832
0.14422230849309992
2833
0.18366525753256854
2834
0.18713372991631683
2835
0.13974400516958965
2836
0.13606032106875274
2837
0.1395765130252594
2838
0.15589685575000467
2839
0.16217346508533703
2840
0.1305393157093314
2841
0.15825002499305976
2842
0.12683115636577105
2843
0.16246762723234967
2844
0.18343709102143832
2845
0.22871117631512713
2846
0.18220946439777158
2847
0.1386862333247664
2848
0.13186051738267285
2849
0.15171590892796508
2850
0.10397119520679587
2851
0.19161377442476346
2852
0.18739590731302477
2853
0.12413602407666807
2854
0.24027985058036858
2855
0.23425688269311215
2856
0.14977042382141142
2857
0.23688818344705037
2858
0.1653688700887987
2859
0.14416377339830438
2860
0.18307847154199172
2861
0.19494935959079288
2862
0.16423009951917053
2863
0.19246396690212805
2864
0.13377920418076408
2865
0.12651045259039093
2866
0.19623545455085412
2867
0.14969061538256634
2868
0.13352079179656104
2869
0.14294610432589913
2870
0.1963646758754206
2871
0.13921016854387197
2872
0.17088175578763382
2873
0.1507616686879973
2874
0.15499638343939823
2875
0.10979103038597804
2876
0.1798230000111203
2877
0.15146170745961884
2878
0.09864844052485966
2879
0.15495151536464785
2880
0.120637489238415
2881
0.15782227141871957
2882
0.17821681149254598
2883
0.1399121796136442
2884
0.1502472288226105
2885
0.19672088532446355
2886
0.16209024977209316
2887
0.15375539224295778
2888
0.12711729211961278
2889
0.16579746022145914
2890
0.12283373966156294
2891
0.14320054369048746
2892
0.13881937709672898
2893
0.14297867235390938
2894
0.13090098933587316
2895
0.18668181278197954
2896
0.17106116948007405
2897
0.1562349099808131
2898
0.1662030239401827
2899
0.12641349460993134
2900
0.17467738907453031
2901
0.18371097067185407
2902
0.1149616332870197
2903
0.18856116055845354
2904
0.13046251439355372
2905
0.14731268794380079
2906
0.24945601849314944
2907
0.15236121177261613
2908
0.16017768446586586
2909
0.2137984813227849
2910
0.15509888937425972
2911
0.17782711330473588
2912
0.2521259741513785
2913
0.17143685553990806
2914
0.11691918342162151
2915
0.1569608440661973
2916
0.13032646051332297
2917
0.14487935855720066
2918
0.2520551169329499
2919
0.11863889429225281
2920
0.18211192652093408
2921
0.15330680422146192
2922
0.2148577964824695
2923
0.13323963348230436
2924
0.15359022283411175
2925
0.15485977086489006
2926
0.20451603930149503
2927
0.13868460409810196
2928
0.1485248093929153
2929
0.15329842356736184
2930
0.21150223634715926
2931
0.1208429749123612
2932
0.14119136622559855
2933
0.13159107630310118
2934
0.22186845588849485
2935
0.16992048128303275
2936
0.130660447214738
2937
0.5605447605027356
2938
0.29671303043724884
2939
0.16297214252296874
2940
0.13965403135313623
2941
0.19008552636606288
2942
0.13856539197826484
2943
0.1287735840833434
2944
0.15874449378489966
2945
0.1162838671356883
2946
0.18495842063971296
2947
0.10619961385707864
2948
0.11915910527469341
2949
0.12756647993830456
2950
0.15926691825365938
2951
0.15275330957020594
2952
0.1635438805726968
2953
0.14703214561321296
2954
0.13709703854209487
2955
0.12259471275437125
2956
0.17544278217138526
2957
0.1212049254610253
2958
0.2665739628001931
2959
0.1432197776247019
2960
0.11101090811385907
2961
0.1384578173272535
2962
0.3815259991434688
2963
0.1511344860705979
2964
0.19755297455586898
2965
0.20037042981384046
2966
0.1576891396550237
2967
0.1599655116279965
2968
0.21211075458724993
2969
0.21594238246019395
2970
0.1478811602844173
2971
0.19040693801839914
2972
0.11977418676938494
2973
0.10973232605057376
2974
0.18247382303407997
2975
0.1727688043846133
2976
0.16619549372115375
2977
0.11258156604922849
2978
0.14046914256095822
2979
0.11535113632746549
2980
0.18290862546695302
2981
0.15543387453336388
2982
0.14303915673118556
2983
0.177973362118646
2984
0.14090543545760875
2985
0.1240927824659651
2986
0.10244207917741988
2987
0.14574325890693557
2988
0.1689165463863028
2989
0.13439878099125543
2990
0.1437959079899004
2991
0.13796143987388182
2992
0.1765535854177381
2993
0.12499725011192
2994
0.11966718964579717
2995
0.1457479209783329
2996
0.12144473312267672
2997
0.1813677299813355
2998
0.27858784103749357
2999
Mean MAE: 0.17014541439250574
