nohup: ignoring input
0.33333333333333337
1281
427
1.2808429609143834
0
0.9424049550441451
1
2.797166079508309
2
1.915048858691154
3
0.9152795751630743
4
1.635713531310411
5
1.2581988224101661
6
1.186464974203401
7
1.1508882115627286
8
1.1033692429241
9
1.124162111965825
10
1.204922870826371
11
2.8542686842152905
12
2.2054300172352206
13
1.0322918227686873
14
0.8964660741518279
15
0.9662973417476852
16
1.407602857719944
17
1.6424587815122214
18
1.3116991388367534
19
1.1745344064302774
20
1.616851834415679
21
1.0370427000633873
22
1.2102056792323528
23
1.0873039487139993
24
1.668725325751517
25
2.1422368154558904
26
1.0230088088497076
27
0.9993327945744831
28
0.9044633395653296
29
1.1742930765873363
30
1.2016526379035233
31
1.1466332233388832
32
0.9715942565463359
33
1.9931913425950127
34
1.3756336928782689
35
4.273937872276947
36
1.2105528333859472
37
1.1483129752114798
38
1.0131246351023797
39
1.056854374987523
40
2.2423353519186895
41
1.2241479743818833
42
2.3205108630390066
43
1.210709800906289
44
1.456702681965136
45
2.921303564584748
46
1.7037049145586491
47
0.8812193216439328
48
1.0427690194502912
49
1.1927237853478276
50
1.108177737240171
51
1.7622259287957827
52
3.982076787003283
53
1.5797228532594103
54
1.5581023755370074
55
1.0173395896031607
56
1.2080193167065025
57
1.273675497087563
58
1.390791229596707
59
1.1247443584672645
60
1.663970459363505
61
1.014285430109026
62
4.280250031594487
63
4.065981955518178
64
1.1383074286461283
65
1.4711199132922264
66
1.4859453913938043
67
1.455248680187156
68
3.6263638947801096
69
1.4821867142261578
70
1.0016174099664528
71
1.0299932426031788
72
0.9440196074409426
73
1.818365490406148
74
1.4917274122073543
75
1.0835457291247113
76
1.6285853980887546
77
0.9763611216394515
78
1.021654898179443
79
1.2749111439615075
80
1.5184852263127502
81
3.620229587366553
82
1.9920810277396839
83
1.4377698752176145
84
1.0800503371155081
85
1.058290104157805
86
2.1419095066219755
87
3.2466243344736485
88
1.323562495311544
89
1.085694230808313
90
1.1868805492083243
91
2.136706513079342
92
1.1581572805969529
93
2.4138066712568516
94
1.191868028484733
95
1.2453566341814086
96
1.5054131238764366
97
2.0510990768560444
98
1.4352105353612314
99
1.8683387312730024
100
1.5740806157008598
101
1.32728224838969
102
1.0358349071136865
103
0.987050250996232
104
2.4737336945168793
105
1.4676801119038394
106
1.3216001718923343
107
1.1929688197809387
108
2.2834197334710478
109
1.2508750980366388
110
1.014284594543024
111
1.4537630022780372
112
1.240816162880613
113
3.0441893960389157
114
1.1206484277324547
115
1.171390328882641
116
2.0529043099725137
117
2.131357867072955
118
1.0631202054228495
119
1.5534202914553668
120
1.1234865626557027
121
1.8806886297365968
122
0.8821639940229766
123
2.340718026098428
124
1.0549019682357623
125
1.1060583198956366
126
1.7433287776815953
127
2.4526584775887526
128
2.209016280014925
129
2.257476706908465
130
1.3344689609923126
131
1.2866379112489064
132
2.141891006427432
133
1.4630168577018035
134
1.1344902443347293
135
1.151043292726852
136
1.5593680750742438
137
1.7474253329391367
138
0.9847625299220468
139
0.9758220161211689
140
2.0262210489905836
141
1.0677749247180424
142
1.1063938836507776
143
1.09240856418239
144
1.346154987357205
145
0.9529314822058793
146
1.482146816957318
147
1.0942467165744305
148
1.2345848436078672
149
2.277074601124629
150
1.252789403633497
151
0.9770687770895392
152
1.0959324850683707
153
1.2576698112335698
154
1.0467598431295826
155
1.0818601405407935
156
1.5965270979313324
157
1.7880997785004824
158
0.9028959085015661
159
1.8021806675108942
160
1.6134337729554618
161
1.0059797280969576
162
1.8417887662466605
163
1.3661733745785947
164
3.76001921671754
165
1.199128064979005
166
4.775736102075301
167
1.0932243268935469
168
1.305971692694307
169
2.3517772079270602
170
1.2672668303435537
171
0.8806341299619268
172
1.8540029417124397
173
1.7589325988548108
174
0.9543546741202992
175
1.0367543094556528
176
2.0890485340758436
177
1.1739548580061947
178
2.0070701824826696
179
1.2043555419282967
180
1.1984805390416329
181
1.0357115720378998
182
2.3320726361473234
183
0.9322740485993883
184
2.4484425460724677
185
1.1352473345978775
186
1.432884470852897
187
1.2170484556006318
188
1.3949772884120515
189
1.0779017742846029
190
1.4205442990111161
191
0.9842413729920317
192
4.242895033641191
193
2.337759483669643
194
1.1239087853294556
195
2.3948708975764617
196
1.6893600787264107
197
1.3271644659190651
198
1.333312008478665
199
1.41625955647146
200
1.523843433027315
201
1.3812042648371787
202
0.8474872014149669
203
1.6985582363910219
204
1.2580835083644906
205
1.5978597687884133
206
1.2209076761194515
207
1.171715811967887
208
1.590815008196963
209
1.5783713121493042
210
0.9686575874872861
211
1.1762358164472297
212
1.031346170337852
213
2.576452690495259
214
1.5136704176549047
215
0.924984152935523
216
1.6522895286175237
217
1.9974191034552804
218
1.161480343046214
219
1.158427892508408
220
1.1919678148746617
221
1.044430647521146
222
1.2878766038115492
223
1.384643058870102
224
2.3837295404565997
225
1.2842706535994752
226
2.01040509072966
227
1.351957655141747
228
1.3107082286753282
229
1.5423666490371204
230
2.4946301659798293
231
1.8352225966621303
232
1.1162088835292001
233
1.2443532146658338
234
1.5464614475033729
235
1.2933762563911106
236
1.2119919314200698
237
1.3232609853711388
238
1.8273949472892872
239
1.6567617581223752
240
2.5349832446419756
241
1.1294088210876505
242
1.3588006594079411
243
1.1307164452548717
244
1.6805981511418222
245
1.1811732220545268
246
0.8927092743639609
247
2.931639740666568
248
1.021370782496187
249
0.9619783674067766
250
0.8960198791443557
251
1.810670672452699
252
1.0180474132349029
253
1.6801291343295564
254
1.1375217702181633
255
3.1713605500364275
256
1.2630263279951333
257
1.4849836478880036
258
1.2068821505583744
259
1.304258145377535
260
1.4461854022579737
261
1.455264703547068
262
2.0958880585944426
263
0.9299424099767979
264
1.3821739580512873
265
1.011440003314635
266
1.3101856626465802
267
0.9927366605787018
268
1.3688845878074054
269
1.293441692838686
270
1.573216977085711
271
1.140122819884676
272
1.6450082395000756
273
1.1543326527169846
274
0.9716724214045894
275
1.0014175603027287
276
1.704149986483112
277
1.6762900404170407
278
1.5809038919491394
279
1.568259331269204
280
1.7390307012518487
281
1.5220997990637486
282
2.5069562883614642
283
2.749329953119318
284
1.2300509105570652
285
2.7477237930913105
286
1.3111623430892962
287
1.6297809113592803
288
0.9903738093669462
289
1.291061552307128
290
2.656191588164336
291
1.2668811567561276
292
1.816330376790141
293
1.0855308018352157
294
1.4242978892387783
295
1.0896291672872933
296
1.0500937036004099
297
1.0079044091611193
298
1.4536505190925402
299
0.976611413629664
300
1.2994930753006269
301
1.3414941307880714
302
1.1339898901451662
303
1.2076442501316738
304
1.5810755092891455
305
1.0246903230740332
306
1.7451516890096013
307
1.8102918022229362
308
2.1574794754370883
309
1.0997483414928517
310
1.066908285008358
311
0.971545198866775
312
1.0575878388462434
313
1.685039560004517
314
1.2298649451287482
315
1.1422273021994551
316
3.3805282085624815
317
0.8710316021864055
318
3.9497311274822304
319
1.4808750718688675
320
1.5762312653130004
321
0.9534285181194764
322
1.082087102158275
323
1.0965581880409412
324
1.3722628833249364
325
1.9997336874917282
326
1.614777136657919
327
1.3237058810066749
328
3.8106541515907066
329
1.6365316999911814
330
1.980611427679362
331
1.1704179447073348
332
1.1595079515381532
333
0.9766979923993824
334
1.257249154656987
335
1.1453902942483565
336
0.9125525724348563
337
1.4612005985955834
338
2.82431203538242
339
1.111519194133813
340
1.1494514367460822
341
1.4389083597471872
342
1.1498007121077523
343
0.9874736497838936
344
1.3339307711441715
345
1.4096305869741153
346
1.4526114310989815
347
1.148650302386949
348
1.2190366113489999
349
2.071253693364653
350
1.1664245071780759
351
0.95220086098376
352
1.2482804337075013
353
1.3944123543266667
354
4.344144501250185
355
1.1975095239480946
356
1.2890203908607973
357
2.8438785924358125
358
1.2336997309110498
359
1.6327078308974434
360
1.3478507637487134
361
1.0032265757096108
362
1.4004371012818215
363
1.681718799121084
364
0.9189306698944395
365
1.7231638524408703
366
1.522588095628286
367
1.4369668627494234
368
0.8819181668414289
369
2.2394428988080293
370
1.3893802065201974
371
3.911963101322123
372
0.9952828240085718
373
1.1067006875018104
374
1.5360253210203376
375
3.9556710705263023
376
2.3171555312451293
377
1.1074684099429835
378
0.9936216997091252
379
1.3603196432024258
380
1.8171086463092943
381
1.6064420554280205
382
2.7024862159912266
383
1.1389466300768043
384
1.9229252767417444
385
1.4103639909171195
386
1.0058218069893206
387
1.0718712736966935
388
2.30491854297005
389
1.376661263780561
390
0.9910675228715081
391
1.0511837261764716
392
1.1924626365935977
393
1.4729882038637843
394
1.1055927000049839
395
2.0651677644067714
396
1.6936762653063098
397
1.384208385507432
398
1.375140556831071
399
1.9214689547245325
400
1.1548788166752764
401
1.3961643517764433
402
1.1310338587059798
403
1.5360413860814626
404
3.1935462836550323
405
1.5643450482101195
406
2.9341398633274007
407
1.090477104184098
408
1.5434720825310546
409
0.9033344172065021
410
1.5345022081015511
411
1.8086292342971937
412
2.0093190894332236
413
1.1109508146290323
414
1.1014905938267177
415
1.2259522144426975
416
1.3835539019620744
417
1.2115356509546464
418
1.00162777752786
419
0.9982671104856893
420
1.2994025682672778
421
0.800675503618159
422
1.659103428394877
423
2.465501213089413
424
0.9399915847726487
425
1.001987674760388
426
1.5184493423736607
427
1.693196484008405
428
1.0065006198343618
429
1.9612360139470013
430
1.2407792549931604
431
1.7528066579121555
432
2.5068186993326385
433
0.9947378431587434
434
2.175296925555014
435
2.3881944822009924
436
1.2026944153642427
437
0.9155681212782038
438
1.0582526227356492
439
1.1950648134322963
440
1.457490833921285
441
0.872226102140335
442
0.9476950272854376
443
1.4099197571498578
444
1.587193115863786
445
2.626640382289719
446
1.1174800740260833
447
1.7614279793280405
448
1.5498900395393205
449
1.4747481128584528
450
3.49581860911635
451
1.4313148926583628
452
3.6198140491376596
453
2.263653902947402
454
1.187902500928643
455
1.3459594373575297
456
3.876615923243568
457
4.2496381436125
458
1.8254928001340076
459
1.5594071444088848
460
1.2236038679108434
461
2.7329781805161097
462
0.9869894316034782
463
0.9730542837129569
464
0.9162328241754071
465
1.277702638576261
466
2.889041265282225
467
3.793821040126577
468
1.4501417212161645
469
0.8830323737725676
470
1.7085067197121298
471
1.0095366809617972
472
1.5535094511131144
473
1.185486377519715
474
1.816529065690692
475
1.388029327149499
476
1.1419847727615184
477
1.3834905202778447
478
1.6326266224626111
479
1.1732664736532648
480
1.5217220485769567
481
1.0730974983057
482
1.7377012111108059
483
2.5959103459309993
484
1.1279119465221616
485
1.8550221472270167
486
2.046255980347915
487
1.9858113325442883
488
1.0700862255298718
489
1.825545576912618
490
1.7324854142035226
491
1.2077919426782628
492
1.3607325025723291
493
2.081345219725228
494
3.976109678869054
495
0.8974103290597644
496
2.9019971710500942
497
2.013653225042463
498
0.9885106715750192
499
1.2275492730416089
500
0.9689101684330635
501
4.000481135750683
502
2.0714217621520397
503
1.4694162948669902
504
1.0182523637452816
505
0.8938946999806926
506
1.820619511812042
507
1.0926811708459456
508
1.2914823026530788
509
1.0414893659593576
510
1.4579185602453515
511
1.7344616492075586
512
1.097766121578741
513
1.0894617571530678
514
1.9790439572160599
515
0.9195683485541484
516
1.2643029633365677
517
2.216994597649307
518
1.0686458505627798
519
1.7271118736834408
520
1.3046940138963838
521
2.347877842506029
522
1.7650955559152242
523
1.6028644267357082
524
2.0098222654809774
525
1.4978084072247353
526
1.0828590905014122
527
2.1373631309126826
528
2.9788135828947055
529
1.1456197999747981
530
1.115916109647672
531
0.9742508297878786
532
1.1252476870075843
533
3.125850934705746
534
1.7996133703439672
535
1.2241167226001466
536
2.3328847526695204
537
1.1025814652500514
538
1.0771569653619084
539
1.3735792275289074
540
0.9687383164930835
541
1.0273788682943696
542
0.9288006760317243
543
1.3558191855962565
544
1.300520499276225
545
1.2146561820864519
546
1.1688637971175144
547
2.36977450936132
548
1.0142304152277895
549
1.1666604211185507
550
1.346827274123743
551
1.2934327075833691
552
2.1155387119891005
553
1.2647677968039601
554
1.1903784406738027
555
2.941192306768709
556
3.2573898984721352
557
3.0423789960321463
558
1.8888772477359397
559
2.5210260935690667
560
1.8035808932461632
561
1.5596772392774556
562
3.726575872903002
563
1.1017522056150733
564
1.241051883867256
565
1.1034707905232948
566
2.8979037347167775
567
2.8281866486745564
568
1.8003681060203527
569
1.0109261050316907
570
1.6424082810084626
571
1.063645846197889
572
2.0238515233972882
573
1.104784544369299
574
2.6904470122968402
575
1.3652734369267214
576
1.2640728406801391
577
1.246509009388368
578
2.6178612771689895
579
1.228813301397283
580
2.2715908604693382
581
1.095363058554472
582
1.1220788956295593
583
1.0855553965593536
584
3.4149902788515165
585
3.6718678311413426
586
3.7490225844939515
587
1.9457539523137173
588
2.127595902527907
589
1.3622555960165355
590
1.8892146453540435
591
1.3193427734113643
592
2.075241506985231
593
1.6696404038193229
594
3.0170196508910965
595
1.3940377751477993
596
2.304262598104285
597
1.014156995354765
598
0.9677988924224213
599
1.1390756102226727
600
1.6371970131160956
601
1.0577530645047686
602
1.1943627894770343
603
1.4464004433409465
604
1.774643321082234
605
1.6427096939581123
606
1.2146304267100856
607
1.4468622048035664
608
1.481149477323582
609
1.154152967536827
610
1.261607803811784
611
0.8850595403123864
612
1.523437257488215
613
1.007985286263494
614
1.5460085503394196
615
1.6657068133230426
616
2.2401082627901565
617
2.0082813855098482
618
1.0476829218336399
619
1.550512922295117
620
1.604221286884466
621
1.449837612792787
622
1.2000422039929763
623
4.361454450083003
624
1.375371573861889
625
1.6622426196384328
626
1.1746476836053985
627
0.9744833082323455
628
4.249868654678041
629
1.2012953896907115
630
1.6364379879383362
631
2.0637848890848645
632
1.5874320773273052
633
1.690048581153573
634
1.1463955836664756
635
4.141178708832509
636
1.0322946878723516
637
0.8746562609672881
638
1.483322221179856
639
0.9868845946950223
640
1.1038755706247767
641
1.1506877195971552
642
2.9319231930266536
643
1.1313964720143694
644
1.3205131952792966
645
4.34166844699563
646
2.066980929591371
647
1.320838112112815
648
1.523704766304339
649
1.1450375298902253
650
1.3826246914436104
651
1.320407662121356
652
1.2194038836920273
653
1.2072811231465106
654
1.010565114863789
655
1.2391565291424376
656
1.0463835191341682
657
1.232791800028719
658
0.9549637007496734
659
3.039507140794362
660
1.6138027902347805
661
1.8846924063377808
662
1.715287361807472
663
4.051390685459933
664
1.7016253650514095
665
1.6029144265294788
666
1.0969845508633598
667
1.0609151098822132
668
1.50429229098019
669
1.1062080544476673
670
1.2666221387365253
671
2.552368748388307
672
2.0011122815267908
673
2.2363159980352925
674
1.1237675546865622
675
1.1248944083685422
676
1.0143009708706068
677
1.205012675678194
678
1.9334846327329325
679
2.2622316854054754
680
1.662093449125219
681
1.426791981739829
682
1.008424565507976
683
4.071910983610897
684
1.6093001362974466
685
3.7953332370941526
686
2.0916222006962046
687
1.7024159889046022
688
1.2419123608190388
689
3.599124877347999
690
0.893212404803519
691
2.5029385650024483
692
0.9933312588086606
693
2.4950725926437407
694
1.0467145474248962
695
1.018895668021263
696
1.266927974153611
697
3.61850564253042
698
3.205859025821128
699
1.236173286146881
700
2.968659973450095
701
2.6726293413941034
702
1.2567158150193256
703
1.214007723297903
704
1.750690343471093
705
1.1241326179325284
706
1.5440038203131468
707
1.4241597386708666
708
1.4979972548907097
709
1.0176855138436682
710
1.352760136601668
711
1.4138319105831203
712
1.724730371315135
713
1.8007891447886633
714
1.0107647093225425
715
0.9735742488169373
716
2.872977874914191
717
1.737739563297869
718
1.0962972740166184
719
0.8840868696731823
720
4.430146571114434
721
1.1171633923529423
722
0.9667467530110203
723
1.3243016242014376
724
2.4296582427586255
725
2.883691266486873
726
1.056525038195026
727
1.3408170425921488
728
1.2360264730853656
729
1.5976963140519422
730
1.7283089646669065
731
1.6911779771756743
732
0.985067171433696
733
1.1316146211828908
734
1.5871370084787224
735
1.970074103356765
736
1.0654782955373816
737
1.4450783579974011
738
1.15550428246964
739
1.3191919141187265
740
1.5451976085667505
741
3.533524327811583
742
3.2799346106128096
743
1.3313815874492778
744
1.440006016830206
745
1.4732021035873402
746
1.859102106764425
747
0.9774857752256146
748
1.5920989664370406
749
1.6277378893285719
750
3.893738460988476
751
1.766979049924047
752
1.2531270942839625
753
2.427051070755933
754
1.4527426202634133
755
1.7156973357078604
756
1.057665679323649
757
1.8391305836502139
758
0.9294671127076423
759
1.1632834186160406
760
1.3700606586790496
761
1.809157409901794
762
1.2456587106191528
763
3.0302329809535578
764
1.3667618935140327
765
1.4062237205384545
766
1.1574786100084642
767
1.1356305076524373
768
1.7673141135557717
769
1.401534709462754
770
1.3376580508856821
771
2.2034555518931715
772
0.8129605879157275
773
1.4963960414594615
774
1.2075216193817564
775
1.0432489818183326
776
1.455643739244081
777
1.167506690613284
778
1.9783124042077427
779
1.4042836268056416
780
0.9130290754298017
781
0.9621580759557977
782
1.3345360097697423
783
1.0817506098799448
784
2.2327226441182395
785
3.830821730076157
786
1.5866816204150629
787
1.7897213241548682
788
0.9717081011898028
789
1.2761633666991519
790
1.416691599968731
791
1.1478748558531977
792
1.015361037619137
793
1.3742592580811241
794
1.486292750652707
795
1.092041727071637
796
1.6997373885718157
797
0.9401223882186976
798
1.107019275525874
799
1.5026923468509943
800
3.216759922019147
801
1.0557259595863666
802
1.0980720454230548
803
2.931788701240361
804
1.0293856879766723
805
1.5913902341598103
806
1.2105722462324355
807
1.0172321704359621
808
1.3999951347619997
809
1.3342758953225566
810
1.6554454083849899
811
1.7682596080027375
812
1.355171428523319
813
1.4365349087938317
814
1.4135212055104454
815
2.8844621878727734
816
1.908735651211895
817
1.2143394753376957
818
1.1074242888197272
819
2.437557674089078
820
1.1145280296650495
821
1.048776746066451
822
1.1219145629894216
823
1.4086176556262395
824
1.02499330042996
825
2.1261705344635855
826
3.3203124503060684
827
1.7128697063137133
828
1.310343532024392
829
0.9020950261839621
830
1.3212966859844462
831
4.146301589151022
832
0.9890694482097201
833
1.107915568529985
834
1.5198965308697814
835
2.788195854905305
836
2.055682217199492
837
1.309571738134561
838
1.1956698300571913
839
1.0658275613150574
840
1.9386381318030497
841
0.9963488603388169
842
1.5312617992069293
843
1.055514570207122
844
1.6473451613194878
845
0.9131127359601383
846
1.0581010728854816
847
1.171646575787377
848
1.2417899532202348
849
1.122693064686291
850
1.046586580197965
851
2.4212755005552564
852
0.9667439361967634
853
1.1733285180154804
854
0.9528611923538451
855
1.5722027113421368
856
1.6125622948479035
857
1.0358237934271861
858
1.1650380765699466
859
0.8589239187908989
860
2.1242824558023576
861
1.1625025003700578
862
1.1235205738195735
863
1.1708889903595638
864
1.3133269028501582
865
1.2165615713466558
866
1.0545778601671065
867
1.1623979043229544
868
1.1495815871452528
869
0.9540862821306432
870
0.926956916289239
871
1.2723004103805848
872
1.1899218969838665
873
1.2505483808436972
874
0.9976401548139571
875
1.2517589358353385
876
1.1312713086747812
877
1.1861532409010371
878
1.8038180710288947
879
1.3054979012169778
880
0.9516091665997811
881
3.4113303311197454
882
2.1255429662552796
883
1.8326293139583847
884
1.6379523012618646
885
2.462371176256071
886
1.0577080988887728
887
1.0497738101754834
888
1.268869508883009
889
4.714434337231174
890
1.2974463788769401
891
3.842135198281943
892
1.1953315113413883
893
2.4762097190030103
894
1.0233857836539992
895
1.341057906662088
896
1.0692415835933875
897
0.9378335107664963
898
1.097049199765459
899
4.268914104494197
900
1.1127209800284616
901
1.0473126784277476
902
3.156634541816061
903
1.6519749272561057
904
1.9989228130480914
905
0.917149408781204
906
0.9582603293979575
907
1.061713511692632
908
1.541595100165213
909
1.407347779383356
910
1.1140313262584876
911
2.2766532381950064
912
2.134432720002291
913
1.5498786406077374
914
1.0543374044685636
915
1.1292521581445765
916
0.9255553076451003
917
1.4126318036259062
918
1.0021974125572548
919
1.347422716622539
920
1.240929519425268
921
1.2073840086998853
922
1.280149367880663
923
1.4950142690704424
924
1.2851956743942117
925
1.2414059393968295
926
2.7216447075618104
927
1.0220979010400002
928
1.88017748847311
929
1.255171324843081
930
1.1109543966988156
931
1.1828051007479885
932
1.1495965372523576
933
0.9254514482884731
934
2.260615490616435
935
1.0481990285589509
936
1.3386574579790187
937
1.8097647983226508
938
2.8821251586694543
939
1.1963120762033344
940
0.9434785148478787
941
1.4431464663386608
942
1.3634048987432135
943
1.2741832120528451
944
1.0033850995617102
945
1.0867605126921347
946
1.2975056496240982
947
2.1084020941751027
948
1.0777378198644514
949
0.901291582096487
950
1.9508617256824066
951
2.8978953434053296
952
0.9649256591118478
953
0.9646822165552219
954
0.9399874812673009
955
2.4493611981342154
956
1.6239783682413764
957
1.038242464543966
958
1.090888296777882
959
0.9348795317361781
960
1.2980576686679361
961
1.0012417083140475
962
1.6056111648481386
963
0.9177967496152276
964
1.2098137597423613
965
2.659655984248844
966
1.2788168944096652
967
2.2075562841981293
968
1.2700536361823471
969
1.4378869459386538
970
1.3088510848972446
971
0.9539979452580818
972
1.0662904356007168
973
1.2373413450924189
974
1.5015374999158928
975
1.3723802267307363
976
1.0192531067265478
977
1.035467801360616
978
2.0652260091073624
979
1.095426764623527
980
1.2205802339379135
981
1.2117727731551862
982
1.0733679820044781
983
1.068097478050028
984
1.3341035973032929
985
0.793957810873803
986
1.5284307380570672
987
1.1370970908806857
988
1.175399825152606
989
0.847418479048473
990
0.931020152866463
991
3.1549214035782396
992
1.0164133886216304
993
0.9100557411166174
994
1.3775978328313045
995
1.0530617997292862
996
1.6419231523498545
997
1.5159522596794253
998
1.5628724369607858
999
1.468211955443063
1000
1.2074283486220123
1001
0.9496906506436571
1002
1.2043995508317595
1003
1.0655363040758334
1004
1.0356590824354952
1005
1.3423859085758336
1006
0.959500329147495
1007
1.5164265623827529
1008
1.0964012284904003
1009
1.582498978810727
1010
1.585046441691568
1011
1.4270167014689108
1012
1.3145057882996907
1013
3.5736887665761925
1014
1.0733854462702157
1015
1.0021426850670374
1016
2.8806590808811054
1017
1.3129173502643794
1018
2.1719750810255514
1019
1.2305019857350636
1020
1.4740984175725387
1021
1.1848057653699715
1022
1.9955511708096236
1023
1.1436147677988922
1024
3.1579368813311324
1025
1.175266046618754
1026
1.0080418744849908
1027
2.4994733546029426
1028
1.0240171667344462
1029
1.7500501980646899
1030
2.486972967346422
1031
1.9037867491289644
1032
1.1779643683571122
1033
0.9725531768827365
1034
1.5401119887128922
1035
1.237519600873338
1036
1.0836074116216965
1037
1.0996795303397173
1038
1.1848313124082948
1039
3.3588035435757884
1040
1.3419696037156221
1041
2.0467121162822637
1042
2.418870891682591
1043
2.222482217808028
1044
0.9391749716329326
1045
1.9973228450250433
1046
1.0492853607622
1047
0.9781697471174732
1048
1.067942468394967
1049
2.909278167549968
1050
1.4352763477601822
1051
1.6850837474148743
1052
0.9219030783864113
1053
1.0725805782341327
1054
1.268289631941697
1055
1.1272458951160798
1056
1.0058494907595008
1057
1.0635064649576464
1058
0.9395024590874875
1059
1.8034722174638402
1060
1.1931315029139828
1061
0.9862254987402672
1062
0.9867397668720789
1063
1.0727585721650363
1064
1.0371552335045875
1065
1.799709765266
1066
1.055551182248627
1067
1.0508859291755197
1068
2.1892495843812476
1069
1.0427748715046254
1070
2.1443749509951404
1071
1.1963973066526836
1072
1.6807956010102287
1073
1.1505131323400768
1074
1.315820826643396
1075
0.8890980357586112
1076
1.6496300253019034
1077
1.5117656391509922
1078
1.9089630831017128
1079
1.003340505152632
1080
1.3504863416004997
1081
3.9348952254229386
1082
3.991985074185318
1083
1.102338188361113
1084
1.2928757634768613
1085
1.3862658169360347
1086
1.4893270093697821
1087
1.511897032584441
1088
1.1778963542791767
1089
1.766898586863489
1090
1.0877032487905798
1091
0.989463372291474
1092
1.4648035560803123
1093
2.200171937372991
1094
1.1159141189680706
1095
1.3806703506002378
1096
1.3768080688111377
1097
1.1049288341810737
1098
0.9755156977148174
1099
1.2742643561309772
1100
1.9684587918412522
1101
1.166461236496916
1102
1.0712011240069248
1103
1.3499903059210685
1104
1.2273213775995584
1105
1.4811352732225596
1106
1.0552288008093214
1107
1.1830970851700877
1108
1.0242491560381828
1109
1.2872654434421646
1110
1.394148196934774
1111
1.5669879542574325
1112
4.179784033077939
1113
0.9630452350245878
1114
1.9523843697636607
1115
0.9194308813928297
1116
1.0532747089480226
1117
1.362838068855725
1118
2.320247004509025
1119
1.033319899853765
1120
1.683815668555709
1121
1.763653394556116
1122
1.6944404205489296
1123
1.1742822103163704
1124
1.0209554167004842
1125
1.048625936777371
1126
1.8972184654352622
1127
1.043465013840354
1128
1.2566879010984298
1129
0.9875959701724472
1130
1.9661481804180903
1131
4.267190855092673
1132
1.8207752534292287
1133
1.2990278451158428
1134
1.0986958929177384
1135
0.9405382568045851
1136
1.5404844355821599
1137
1.4686824735650594
1138
1.1000780607358533
1139
0.9200167472756761
1140
0.8729147795577556
1141
2.5344081443279673
1142
1.0879663796180505
1143
1.1170764525505377
1144
2.3340652546797958
1145
3.9055314578802602
1146
2.283212879735548
1147
1.428682601947929
1148
0.8789598745119176
1149
0.99235833748237
1150
1.850500758826751
1151
1.0849783127027142
1152
1.0571110351410098
1153
4.542755537512329
1154
1.9824083922284117
1155
1.0749695685502962
1156
1.6516328044662643
1157
1.3133993553258758
1158
2.0156957613578266
1159
1.1045863640958336
1160
0.9041032686666415
1161
1.8223506956774327
1162
1.9037275632939632
1163
3.447788664679365
1164
1.2374718093833774
1165
1.0654688660614111
1166
2.512661918455938
1167
2.199657938499151
1168
1.012749958401009
1169
1.2447054341458639
1170
0.9913261153312688
1171
4.376102257988668
1172
1.4308894646149684
1173
1.028021913487456
1174
1.4841535848800265
1175
0.9419692101282084
1176
2.0868396388973194
1177
1.6702078874530384
1178
2.0224484104992166
1179
1.0448337854916996
1180
0.9640393409263814
1181
2.500624051079914
1182
0.8758626432026086
1183
0.9484344760121268
1184
1.003231555070162
1185
0.9829540943221924
1186
0.8705048753302501
1187
1.5094063832839004
1188
1.2429362487656808
1189
1.13326044346004
1190
1.0898916170707174
1191
0.897389146128572
1192
2.405579876016466
1193
2.058580244044665
1194
1.0282415447141953
1195
1.1945118574504645
1196
1.1393579237775684
1197
1.090194187113896
1198
1.2110533592579922
1199
1.507983238243611
1200
1.1108325780812849
1201
1.342511915523169
1202
1.9495867273175223
1203
1.1584789122180847
1204
1.2847682797227975
1205
2.7283900339312925
1206
1.6601167874950693
1207
1.0550484027350395
1208
3.3093818938086352
1209
1.62113937234045
1210
1.3273508982598659
1211
2.1573917645357517
1212
1.5406713854312473
1213
1.1626510291825718
1214
2.0296313301704427
1215
1.0131413656158843
1216
3.754692705151266
1217
1.0775986499930519
1218
0.9746983576807636
1219
1.140361892512408
1220
1.6571060190596878
1221
1.136481521330924
1222
1.7220712624756092
1223
1.087672053795311
1224
1.1947870920268149
1225
1.190534802313924
1226
2.967633535574876
1227
0.9212090071557294
1228
1.0343733008804914
1229
1.035474040096668
1230
1.3195256647012852
1231
1.2094454149918077
1232
1.1040228187454415
1233
1.7432327793249582
1234
1.8459474822968727
1235
1.424344943406621
1236
1.1402714955520148
1237
1.0287379839054123
1238
0.9860998993130842
1239
1.013838429557664
1240
2.012624944624493
1241
0.9888691441164277
1242
2.975316231561372
1243
1.2552137237772147
1244
2.5564928738255035
1245
1.4268762728197792
1246
1.1886660239417768
1247
3.3953041021686405
1248
1.169090933430176
1249
5.1671694426239485
1250
1.1774223066560243
1251
1.9294677503854265
1252
1.582857224563708
1253
1.229662775174972
1254
1.849939478169584
1255
1.1327335879396814
1256
1.0509433642874557
1257
1.1848664863979625
1258
1.2110319482724736
1259
1.5544690286707152
1260
1.0782382161164918
1261
1.3726075668378876
1262
0.9618021197674944
1263
2.441053997045966
1264
1.1038072481782026
1265
2.210747186135575
1266
1.6316151497948252
1267
1.5881601879201819
1268
1.3546021323605566
1269
2.22440550070706
1270
2.37364622427414
1271
1.0960399937968839
1272
1.1897983599615165
1273
2.121716097563523
1274
0.9362790475584433
1275
1.7428091314783125
1276
1.0284165814187822
1277
1.1941935173028704
1278
1.3826317261528251
1279
3.2744533970376364
1280
4.134429230325151
1281
1.0897991795210284
1282
3.210157169466349
1283
1.1428429675963747
1284
1.1991267150903424
1285
1.7681093069564633
1286
1.8421006446072785
1287
0.9729079429582465
1288
1.033247551641952
1289
1.1374754400602627
1290
1.822641225931107
1291
1.4949996047554197
1292
1.1306222139620075
1293
3.7964865322665324
1294
1.1155548074025043
1295
2.093040725950906
1296
1.233613887376793
1297
1.4629519871678203
1298
1.0004808215275154
1299
1.0139266359724035
1300
2.0462976343974097
1301
1.4156859488192053
1302
1.0587240579591415
1303
1.1375364299801025
1304
1.39447404288094
1305
1.4693145318063041
1306
0.979629830512761
1307
1.8294426414390792
1308
1.7553871649113237
1309
1.1145778800399624
1310
2.0402942588989768
1311
1.7761500015188476
1312
1.2290052110606078
1313
1.0115794771095707
1314
1.1609891453084076
1315
1.6917476316247837
1316
1.7759460420564062
1317
1.232801395066231
1318
1.1666229709345697
1319
1.0372840273358475
1320
1.1667462058255562
1321
1.362962492521848
1322
1.1582694560588886
1323
1.3560711023875849
1324
0.8589898457450547
1325
2.1173580596416497
1326
3.576473199805175
1327
1.0051707922034836
1328
1.1449707862062926
1329
1.824119270352838
1330
0.9985439531555796
1331
0.9220391891779667
1332
3.3323049014681443
1333
1.6196871186533641
1334
1.1301353198173862
1335
1.0451996771347642
1336
2.390275476991733
1337
1.1316331861856888
1338
1.1995581413657812
1339
1.566912204561104
1340
0.9272325083244836
1341
1.235600291629372
1342
0.9698624401560455
1343
1.198624584822549
1344
1.3194656381202463
1345
1.3666287966262378
1346
1.0593986854257156
1347
1.102549953286562
1348
2.304304562225732
1349
1.0178950495224557
1350
1.5118717019245824
1351
3.5728239684964485
1352
1.5907699686361294
1353
2.0200129173268833
1354
1.213672598260587
1355
1.148244583325699
1356
1.6540626723810528
1357
1.5610460822732464
1358
1.9189623957892261
1359
3.253967107931945
1360
1.524049988880373
1361
2.655683026620724
1362
0.9002668662919863
1363
1.1119469528949406
1364
1.1957494697938509
1365
1.3217260285498176
1366
2.079321440535602
1367
1.0434955821238008
1368
1.4172862040217784
1369
1.1575972576837388
1370
0.9685247749768471
1371
0.8755125043984208
1372
1.1236947519794729
1373
1.0952078972109462
1374
1.0575970252254876
1375
1.2188039371252324
1376
1.6966739421153436
1377
1.1409870383628777
1378
0.9802993459712487
1379
1.3688284928065682
1380
1.347914641987755
1381
1.0111634718970333
1382
1.4483671860157916
1383
1.0612368140921917
1384
0.9950045090605895
1385
4.191370806825919
1386
1.1604212898754498
1387
1.1028911998405182
1388
1.6443763813134784
1389
1.0035650279266977
1390
1.4862061473003927
1391
2.8291948963796503
1392
2.800246306146921
1393
2.2956309040743856
1394
1.2469669181911742
1395
1.716282138377505
1396
2.8888644027254125
1397
1.1308054603203077
1398
1.059044075594811
1399
1.3729996868449434
1400
1.3450820282712517
1401
1.3142731458977084
1402
1.0124304356315328
1403
1.1672634825415495
1404
1.7016972504054337
1405
3.7750121086841375
1406
1.9104210580511005
1407
1.9900703631158125
1408
3.7506494893842364
1409
0.9175489152449375
1410
1.2337082423203343
1411
0.9806536773672341
1412
1.3760581896358963
1413
1.3045760796262058
1414
1.1195125704528102
1415
1.8247237925085673
1416
1.0246578610470147
1417
0.884353512531065
1418
0.992612453228353
1419
1.6298297182663255
1420
1.0247959170941174
1421
1.6092638843442002
1422
1.800454920841452
1423
3.538808957315192
1424
1.3173360148286477
1425
1.188714500968022
1426
1.097431490768795
1427
3.739135238028302
1428
1.2183141289907575
1429
0.9536959034863194
1430
2.0708487371246562
1431
1.136478092127088
1432
1.9104171523453481
1433
1.088604512439911
1434
2.8186017603970726
1435
2.4362076450985564
1436
1.5018121188170914
1437
2.356322900197137
1438
1.025777294939804
1439
1.6301670043957404
1440
1.8676465568424374
1441
1.118002540909961
1442
0.9040216439603509
1443
1.1036061626292808
1444
1.1308694306529565
1445
1.648855934922597
1446
2.5108546709117348
1447
1.6976346747928568
1448
1.2542265952902045
1449
1.3787832025983981
1450
1.1420564607904966
1451
1.4059428667068785
1452
2.682152581847066
1453
1.3445422247826837
1454
1.3202795382695116
1455
1.8310675526547933
1456
1.4698277525490395
1457
0.8295139212227018
1458
1.2623356553729936
1459
0.8681674002077929
1460
1.4847260432823175
1461
2.4018891414977714
1462
0.8719326611533637
1463
1.0281941045860836
1464
1.3548158383968432
1465
1.0364658550165202
1466
1.3201153488166308
1467
4.0105830169424594
1468
1.243004293451833
1469
0.9786041399984853
1470
1.2578150760149693
1471
1.675132942021568
1472
1.409696312910187
1473
1.6385145666540966
1474
2.1506920077122347
1475
1.541003681863467
1476
1.318817352219318
1477
3.522829418954185
1478
1.673189148639265
1479
1.5799753179519613
1480
1.5588337961770544
1481
1.1753143297421018
1482
1.824337932000358
1483
0.9400770361389693
1484
1.5320285127656283
1485
1.6274388843024483
1486
1.0924231433210474
1487
1.1007558602081562
1488
1.4579585037070082
1489
1.0205798004084592
1490
1.2824083685977588
1491
1.0474056671771501
1492
1.3636339419893198
1493
2.4121923499099176
1494
0.9537886819695717
1495
2.7669684659513036
1496
1.2794548496754528
1497
3.224163353209389
1498
1.079953702283586
1499
1.270572166679418
1500
1.1233933267238618
1501
1.0719195227194211
1502
1.119247860714478
1503
1.356509373274452
1504
1.1756910989882619
1505
3.8046697824175877
1506
0.9765837975887773
1507
1.5179814308751693
1508
2.4140542025376854
1509
1.7436736341774872
1510
0.9932752286142307
1511
1.1049743653418391
1512
1.5509189563196475
1513
1.260516127538822
1514
1.4494637313613814
1515
3.17131917225455
1516
1.0293792328689095
1517
0.9636060787246143
1518
1.2786566662488639
1519
2.094860638303389
1520
1.0772786511079262
1521
1.0283314660133769
1522
1.1049375302357987
1523
1.0972609154670365
1524
2.3079845247266815
1525
1.5122419259352267
1526
2.3771301336113195
1527
1.4079470904274904
1528
1.0797946645793617
1529
1.0724004295202765
1530
1.1060374762071568
1531
1.2146008621367834
1532
1.570458578680514
1533
4.262414000311644
1534
3.225321415901636
1535
1.0114648666625654
1536
1.8504208499088302
1537
1.216190378969627
1538
3.508842014915221
1539
1.2499667513029693
1540
1.4987821077694774
1541
0.9806546865719044
1542
1.4935436648537466
1543
3.5550119228682298
1544
1.0961790080525426
1545
1.1161360640631588
1546
2.31640077580293
1547
1.2689122068787506
1548
1.0959048097904847
1549
1.2516136988318625
1550
1.1881956742843944
1551
1.7330168336032237
1552
2.4290626475748804
1553
1.8674678449806068
1554
0.9902965663527659
1555
1.054794912412722
1556
3.730843836606082
1557
2.0007495382969283
1558
3.944096540090114
1559
2.0194293909794747
1560
1.0719599685266086
1561
1.3549455153610168
1562
0.9991693101525474
1563
2.6374041756336855
1564
0.9652558636601491
1565
2.7573997511128088
1566
1.116119152321542
1567
2.928958934275557
1568
1.5583941107543438
1569
1.5821557078013226
1570
1.1389959115363126
1571
1.565478942977878
1572
3.720325586266796
1573
1.0457311082296736
1574
1.5459692901169495
1575
1.0364710852603436
1576
1.2114263585554361
1577
2.6406851462671823
1578
1.3986943508050638
1579
1.2799203474069538
1580
1.5444859193275529
1581
1.1042941515040552
1582
2.158056771318082
1583
1.942744663765073
1584
1.2494039200374423
1585
3.1283825060557904
1586
1.1958965250892062
1587
1.3235799452907604
1588
1.729439353033236
1589
1.0971460006797447
1590
1.9395451854476315
1591
2.118659983997533
1592
3.1373897142408524
1593
1.1243920000093892
1594
2.0496209486094337
1595
1.154412712515898
1596
1.0728900466076592
1597
1.0156762138912008
1598
5.095714799057809
1599
1.2028269714468016
1600
1.790533299542112
1601
1.600383876339568
1602
1.534565419836014
1603
1.2291908213854177
1604
1.5855055012538306
1605
1.5694796169255438
1606
1.0516134578638858
1607
3.189941407226878
1608
1.721037948373911
1609
1.0969315260703476
1610
1.6379571794579306
1611
0.9428696593903035
1612
2.1029143705739743
1613
1.0746461888751466
1614
4.367886873926085
1615
1.3716631476787637
1616
2.238155205246045
1617
4.324935831507594
1618
1.7351561980216876
1619
2.2687490401968393
1620
2.2222502080032958
1621
1.9348477581762142
1622
1.291232039681547
1623
1.8992915322159276
1624
1.4927538687344737
1625
1.0574923516926589
1626
1.949344844923033
1627
1.6778519296776446
1628
1.2305674136421427
1629
0.9425718300747367
1630
2.5684894112342125
1631
1.2612815612059003
1632
1.3784764259733082
1633
1.7131976267327134
1634
2.8226815271198373
1635
1.0293607808272558
1636
1.4798214540916874
1637
1.4344152266213188
1638
1.014383781685555
1639
1.2861729248829432
1640
0.934532369898899
1641
0.9897485519220214
1642
1.5408716340981126
1643
1.5221546310877052
1644
0.9871301721959193
1645
0.9825636261636632
1646
2.6310831307382068
1647
2.32735433340275
1648
1.4249659278803455
1649
1.1262615375245861
1650
1.4672879657646491
1651
1.3483313261307224
1652
1.0168457960652866
1653
1.1180518363341927
1654
1.851452610609909
1655
3.636058283664668
1656
1.8525259237548959
1657
1.9698961897051035
1658
1.3409456979960959
1659
3.7079649918447717
1660
1.0882222019584864
1661
0.9040883002301472
1662
1.5249794814368414
1663
1.6788496704961888
1664
1.3280189883058857
1665
1.2048620592486778
1666
2.3305813560597843
1667
1.377796779268314
1668
1.8438086083598315
1669
0.9662373872672702
1670
1.0515772267528407
1671
1.5353725528359479
1672
2.9925861304186143
1673
1.476402261201433
1674
2.642697328549894
1675
1.3345597315035922
1676
1.483682971294621
1677
1.0969576713982485
1678
1.1787764855813443
1679
2.5144559805750655
1680
1.0958780348585082
1681
2.3324631390693185
1682
0.977182412931594
1683
2.9788471794180706
1684
1.0020466528962964
1685
1.7143345703404103
1686
0.8368254368230251
1687
1.6868778110144182
1688
1.0775946965264762
1689
1.488550143552162
1690
1.369493024707749
1691
1.5446024067072297
1692
1.378641340074747
1693
1.0373571698186885
1694
2.0809997122735497
1695
1.1926035868379885
1696
1.6694734308224655
1697
1.0973268681333461
1698
3.3123309029979326
1699
1.1289904891934914
1700
1.1980542063632866
1701
1.5674308192782946
1702
2.643254861357773
1703
1.0448902393070219
1704
2.0408502591137205
1705
1.1827617614741246
1706
1.125793599594909
1707
1.3370845534337064
1708
1.4088520611701245
1709
1.044415294400931
1710
1.2863060039904408
1711
2.831168177569551
1712
1.3336422232202465
1713
1.4634039187135752
1714
1.0954484666267021
1715
1.244707354173335
1716
1.5738997530405487
1717
2.4036061199347736
1718
1.904672995612125
1719
1.1294214689958533
1720
0.9819528123051402
1721
1.1201116830886815
1722
1.0307596781364994
1723
1.222690785064048
1724
3.7645365196012457
1725
1.1491076566718883
1726
1.1239942295099503
1727
2.026342826614606
1728
4.033021150369363
1729
1.3816694049092049
1730
1.8117045192745411
1731
4.095698355879927
1732
1.616766296698116
1733
1.0481900767595733
1734
1.3519437054115941
1735
0.8980112552662932
1736
2.0142259220336274
1737
1.0298955347240584
1738
1.1971163209224793
1739
0.9204158069680353
1740
1.0853263509136843
1741
1.199712178828029
1742
3.341175864317948
1743
1.453555943695442
1744
1.092780662507313
1745
1.5440468202945594
1746
1.005771681062835
1747
1.1060240291693206
1748
2.6797935554592875
1749
3.6123540680468906
1750
0.9681997178164772
1751
2.238142300448644
1752
3.1803204601707
1753
1.1369697976305932
1754
1.6476015922695295
1755
2.8730677158186984
1756
2.34081722921703
1757
1.71910149981645
1758
1.2921410903904649
1759
1.0090190156305474
1760
1.4434274279853478
1761
0.9467453576497833
1762
1.2102479565922604
1763
1.733167256923785
1764
1.683276214148739
1765
1.1013439277323656
1766
1.4777721994366904
1767
1.602419787019788
1768
3.2820721808683184
1769
1.5617008951734377
1770
1.4584970873168541
1771
1.274881270907018
1772
2.48091656538673
1773
1.027664812116408
1774
1.1550215408525752
1775
1.5878514667174841
1776
0.9539827168971451
1777
1.420264043314514
1778
1.109840760722693
1779
2.3302216017961617
1780
0.9309467688722829
1781
1.0905171209973503
1782
1.1027235962261073
1783
2.058273011559937
1784
1.216089949852659
1785
1.0166471035017521
1786
2.1110430760859673
1787
1.080991198058319
1788
1.7186507942057412
1789
2.271776830152315
1790
1.7981078474507703
1791
1.0777624809585138
1792
1.1500775062825896
1793
1.0295486717564184
1794
1.2024878876392637
1795
1.1483502448055274
1796
1.5185619807943884
1797
2.1394898462424945
1798
0.9725660587309133
1799
4.040465692133477
1800
1.8102215704479305
1801
1.2082264452000724
1802
1.291951824199718
1803
1.6109437363050985
1804
1.1141673674195194
1805
1.2172626053412643
1806
2.2285940026087814
1807
1.5428666353922245
1808
1.1086211038305458
1809
0.935778121186034
1810
1.5668427823488287
1811
1.1060432329699323
1812
2.0520900919070395
1813
1.0279802356995267
1814
2.0890736721260743
1815
1.0518882883102056
1816
1.332718501954905
1817
1.0060737132839042
1818
1.3328381342620457
1819
1.0285612140211362
1820
1.682536147971502
1821
0.9480861938991101
1822
1.1143761406072312
1823
1.457638667671967
1824
1.1701724550575194
1825
2.695295258516323
1826
1.0591957440955448
1827
1.159845881521516
1828
1.0874901928581393
1829
1.0982749727736738
1830
1.643345174110699
1831
2.9774826013057356
1832
1.9632347573857851
1833
0.8709918301456144
1834
1.575044239165249
1835
1.7175817154731179
1836
1.512638411018169
1837
1.0575242965795832
1838
0.9817332286302031
1839
1.214061909870376
1840
1.305808846153482
1841
1.134755375167363
1842
1.509515091903236
1843
1.9811315918381822
1844
4.7626657801869134
1845
0.9718937217299629
1846
1.2190884544557918
1847
2.453447023055481
1848
1.7584002314754787
1849
1.942235290063894
1850
0.930909173889144
1851
2.786679609683148
1852
1.2024029124151234
1853
1.7077769386097434
1854
1.130368560832188
1855
1.4158585688813405
1856
1.070533651378309
1857
1.054137798311941
1858
2.961376210078773
1859
1.5761909805382088
1860
1.099504636019732
1861
1.4178848325017845
1862
1.0766101919543543
1863
1.843489302833913
1864
1.3537542310260198
1865
1.2778147449007193
1866
1.196186889741978
1867
1.1767183618246762
1868
1.0018638794178043
1869
3.072035827262738
1870
1.4666259348569592
1871
2.774633079248981
1872
1.1551386166234898
1873
4.581675945324651
1874
2.6671079218916898
1875
1.0247101765641407
1876
1.0081285862706995
1877
1.9535264267086851
1878
1.1005150208693388
1879
0.9202569767110887
1880
1.7444155807342787
1881
1.638309075829872
1882
1.715739541751847
1883
1.2411983146602463
1884
1.1679434257138288
1885
2.316730593725706
1886
0.9975850057093093
1887
1.150825280399893
1888
1.0423942047894632
1889
1.395753397983834
1890
1.3400321304203073
1891
2.1829311619793517
1892
1.1454241868776223
1893
1.6260419474701313
1894
1.5620991689605026
1895
1.0837872002088131
1896
1.5036172757278874
1897
2.4628839753926544
1898
1.4148494168800454
1899
1.1590387804754385
1900
1.1961080615438617
1901
2.1493413485103336
1902
1.2811185245511647
1903
1.5471957360786228
1904
1.0368689431784472
1905
1.0460598262056198
1906
1.6577394756099617
1907
1.2122896522421147
1908
1.1168578401165787
1909
1.3457984337751692
1910
1.380386182633008
1911
1.0911433969311564
1912
1.1447531494685328
1913
1.1336687160137933
1914
0.9085799476854388
1915
0.9900481930244098
1916
1.19018491319462
1917
1.1133002393230123
1918
1.6443436408181165
1919
1.1736315316283583
1920
4.497094116053284
1921
1.687854289476701
1922
2.01637743712853
1923
1.2679555984444295
1924
1.539133505006816
1925
2.121712984368688
1926
1.078227812553237
1927
1.0131016385948823
1928
2.8705229865222432
1929
1.5986408061734865
1930
2.864804414891586
1931
1.5231975340926935
1932
1.5196581989776157
1933
1.2047341567438687
1934
1.4043800302387945
1935
0.9534694677737828
1936
1.1926564400984818
1937
1.2579631261524291
1938
1.4676458059108957
1939
1.1781651720164803
1940
1.1143252709767137
1941
1.0070139561346547
1942
1.199466305608306
1943
1.6451380416534263
1944
3.30998842349646
1945
3.9460240655322254
1946
3.857538159449678
1947
1.0809503164212353
1948
2.253170988585783
1949
2.8765396973275434
1950
1.344580722018262
1951
1.7205970459437088
1952
1.5492204997416428
1953
2.298371663219027
1954
1.7481938518620987
1955
1.1865205284824065
1956
2.0369998307079604
1957
2.7767425858339974
1958
0.9896881551763979
1959
1.8019055664539292
1960
0.933651903926143
1961
1.2596858114612597
1962
1.0016610280387817
1963
1.2464886535619988
1964
1.4794372415195134
1965
1.2557629554631982
1966
1.4181802511293837
1967
1.9329772836140164
1968
1.258263276208788
1969
1.026439307931363
1970
0.9289368058598737
1971
1.1627555429638752
1972
1.088685870891186
1973
1.1960049744576142
1974
1.2727929254435613
1975
0.964512532864023
1976
0.7969533811699508
1977
1.0552185755810302
1978
0.8864674832936449
1979
0.8986686532791146
1980
1.4854972642568185
1981
1.1676699070896857
1982
2.215845625507244
1983
2.019458939145137
1984
2.6827959905121097
1985
1.6022554508821856
1986
1.7813059634508768
1987
3.9922596901908696
1988
1.2380025183078043
1989
1.0141242514587496
1990
0.9584379533526202
1991
1.0103964038839566
1992
1.6217630194152008
1993
1.021836172821947
1994
0.9993070386044761
1995
0.9956080677031685
1996
2.9968367231200554
1997
1.29992570197652
1998
1.339893399339412
1999
4.886562497671549
2000
1.5939250120352206
2001
3.71439883229121
2002
0.8415544304677116
2003
1.4999436836309528
2004
1.2411003331821417
2005
1.3964697939138926
2006
1.034461592478734
2007
3.0334715679449413
2008
0.9733605833179862
2009
1.295028891118545
2010
1.4366899874545336
2011
2.111233732288522
2012
1.3961824634265938
2013
2.733836002128368
2014
1.0769526260207605
2015
1.1783225755645235
2016
2.5640354368889766
2017
1.0504225634348565
2018
1.2589784221917284
2019
2.007461051065968
2020
0.9477102609016984
2021
1.208561024820158
2022
1.1136948705690177
2023
1.2290771356251526
2024
1.17133451956493
2025
1.3230558225027527
2026
1.106308914640628
2027
1.3526893835926677
2028
1.5566026116012048
2029
1.310457210825754
2030
1.803056021543179
2031
1.5946678227018276
2032
1.897618464260153
2033
1.1379048293092804
2034
1.301071940392788
2035
1.7867686438482113
2036
1.0343286778197136
2037
1.5441027797963727
2038
2.1042434332693767
2039
1.1207134236566487
2040
4.354484083644265
2041
0.852783036247194
2042
1.4057935341559171
2043
1.0613787713407627
2044
0.9835717699909179
2045
4.608294483461443
2046
1.9258741096443917
2047
2.7047336243133633
2048
1.082158731458617
2049
2.0082088757664094
2050
1.2949764414313294
2051
1.5552198419565313
2052
0.9579464419994453
2053
0.9597703561280008
2054
1.3689360222775329
2055
1.0677016785666669
2056
1.2232102628672437
2057
1.5145595656017816
2058
1.8085450609379903
2059
0.9756019253882253
2060
1.1676113160336903
2061
0.9648725881534188
2062
0.9255534819023145
2063
3.118849795645727
2064
2.4222370098063934
2065
4.175178178682686
2066
1.0107230051927343
2067
1.2164645646386587
2068
1.0621327145941521
2069
3.1441454777474767
2070
1.150929813567575
2071
0.9671351682226643
2072
2.1395141087887586
2073
1.1306795118110322
2074
1.1839512872365086
2075
2.029654852241698
2076
1.0588129468526588
2077
1.0374537084994984
2078
1.2620051572905902
2079
1.387326975864702
2080
1.2004919408096293
2081
1.144399585759628
2082
1.195525859465992
2083
1.1719279155483184
2084
2.595738363257573
2085
0.8980049324507944
2086
1.865496791173935
2087
2.437453412260151
2088
4.170118724877366
2089
1.293909371335544
2090
0.9948319078865382
2091
1.258207254451183
2092
1.9828353817692415
2093
1.1883827661842976
2094
1.5896182667236243
2095
2.8305258447546056
2096
2.870256289546383
2097
1.3760374479929862
2098
4.327362161424942
2099
2.0117639399517886
2100
2.479652503784602
2101
1.570349669581904
2102
1.6063719728844543
2103
1.172071567519893
2104
1.6864572079666607
2105
0.9807324895919809
2106
0.9305690187455292
2107
1.4543910067929866
2108
1.1778761649321043
2109
1.2704511461714636
2110
1.2497030163513494
2111
1.8821633292011428
2112
1.1080489843139512
2113
1.2886659450764686
2114
1.722437745590702
2115
1.5503608112481269
2116
1.0711937282389685
2117
1.3846249900398817
2118
1.0564453865067713
2119
1.5567403238973483
2120
1.410404517305223
2121
1.7985360081696324
2122
1.1039267754458983
2123
2.338382535385238
2124
2.6110541141479877
2125
1.175018091123986
2126
1.0287770617339727
2127
1.6839464508675361
2128
1.7391544051182997
2129
2.603616051065386
2130
1.1326646368696047
2131
2.2944056253700325
2132
1.049865930455655
2133
0.9755571702040499
2134
3.7753453376633512
2135
1.153304072154049
2136
1.608872333891371
2137
1.7328602650267644
2138
2.020404814645971
2139
1.6153119408600576
2140
1.1872703323826597
2141
1.1895563815274752
2142
1.8059565948445797
2143
3.0652536193123368
2144
1.2339949164823436
2145
0.9427858758266926
2146
1.7242878359674167
2147
1.8620770296195384
2148
1.154293742307886
2149
1.5342973802241
2150
1.1333701422484106
2151
2.644351849400586
2152
1.0373071951145163
2153
2.2403636304869035
2154
1.2599891167901291
2155
2.13006289619528
2156
1.082090108650122
2157
1.1224440448174873
2158
1.6955552599202357
2159
1.4813785686806695
2160
2.058714129824496
2161
1.764139689354335
2162
1.108859185267148
2163
1.480267601918388
2164
1.1974496589388504
2165
1.1787958524756408
2166
2.1731254115100582
2167
2.6975198249956396
2168
1.108385315895113
2169
1.2747842592814702
2170
0.9490112876542076
2171
1.0087740239358067
2172
1.8283213941342618
2173
1.9117083491200586
2174
1.2519837370055165
2175
2.6153759561736756
2176
0.9371285338194855
2177
1.916187704108429
2178
1.6618558935342898
2179
1.4016880410617782
2180
1.2671753128943308
2181
1.4355169807309347
2182
1.2473161081148656
2183
1.136616569460915
2184
4.683299662338097
2185
1.264789103015772
2186
4.349846690719771
2187
1.328071386381209
2188
1.0745989765410433
2189
1.1074806775044954
2190
1.4512207271406605
2191
1.3327487825094548
2192
1.5666828903956374
2193
1.431945589330997
2194
0.9686804827219432
2195
1.5791171381330333
2196
1.0125278460404763
2197
1.1584598827845702
2198
1.1720049078143628
2199
2.331478835500088
2200
1.3563709163337403
2201
1.037198098731845
2202
1.0653997919848261
2203
1.3694514371478634
2204
1.0837288202256405
2205
2.2543407541264213
2206
0.9496681777859088
2207
1.4863245654686985
2208
0.9741225905393243
2209
1.4806004399602546
2210
1.0042740230903715
2211
1.1015688153620278
2212
0.9751488043568656
2213
2.0473045615814676
2214
1.2354762464804447
2215
3.1526076503501246
2216
1.9444246097721083
2217
1.8101651750434138
2218
1.4952203563822124
2219
3.978928923656544
2220
2.254054536432265
2221
0.9965248119120271
2222
1.1053991743306992
2223
0.9593420489988035
2224
1.3175322732866002
2225
1.2915746001052515
2226
0.9973471531103322
2227
1.0827838710011022
2228
1.6329889018051547
2229
0.9125816161101598
2230
1.234673732711765
2231
1.1761262792970948
2232
0.978780471064723
2233
1.753659789333603
2234
0.931549482533296
2235
1.580496792085138
2236
1.078619067728465
2237
1.122791987326024
2238
3.7637819058320274
2239
2.076868339575017
2240
1.0184793039034752
2241
2.0673468602610416
2242
0.9476629639296228
2243
1.1582062902312225
2244
4.7929357369799375
2245
1.476226220552034
2246
1.4468510035674957
2247
1.0033818530356324
2248
1.2045367669337281
2249
2.870662339514321
2250
1.6184122569242747
2251
1.2984009633956755
2252
1.190371394218728
2253
1.0606902341616495
2254
1.139601786088453
2255
1.170248912952023
2256
1.4183540965385657
2257
1.2632572727650853
2258
0.9722005068272745
2259
2.549831439781494
2260
1.2795587454826254
2261
1.4197234191504515
2262
1.76560906090476
2263
1.1306022061685905
2264
1.7209885041468362
2265
2.480717743883985
2266
2.4153877918724524
2267
1.3802991834625382
2268
1.5880706170718664
2269
3.89442412861366
2270
1.5285164552990014
2271
1.049376542145302
2272
1.1004698474156425
2273
1.4767364368939908
2274
2.5168796280602863
2275
1.3854576328701738
2276
1.480647280280258
2277
1.4888441876360416
2278
1.0995068030835975
2279
1.089730809761451
2280
1.013376508783939
2281
1.1607048001716294
2282
2.073289513721189
2283
1.0513923568950172
2284
2.068588227705214
2285
1.2999497934004174
2286
1.0596679875711026
2287
1.3164241357440196
2288
1.2507797834141596
2289
1.6133960778033285
2290
1.3015301260325993
2291
1.3612313217283518
2292
2.05653315473755
2293
1.6022602897821427
2294
1.3419006315401338
2295
1.4523284857305085
2296
1.721846654795443
2297
1.200736534002129
2298
0.8869860443695518
2299
4.152531763359858
2300
1.2947259769265316
2301
1.218025532375849
2302
1.8996243330425893
2303
0.9480865356387607
2304
1.0874918903029862
2305
1.2285661962869632
2306
2.434426861135588
2307
1.3919244508941724
2308
2.0579033106317306
2309
0.9209393227321222
2310
0.9451319721969406
2311
1.1156740497206696
2312
1.4546917259454695
2313
1.34812237500911
2314
2.1736669653818415
2315
1.0682942595198623
2316
0.9034262881383655
2317
2.450481556762619
2318
1.1498412942877345
2319
1.2906693061090493
2320
0.979235031061668
2321
2.0994993901481585
2322
1.3173631238210721
2323
2.3451434360971577
2324
0.9398479797435575
2325
2.06228860262603
2326
1.180025548353132
2327
0.9889613906621785
2328
1.0560313261254968
2329
1.3667656642235875
2330
2.4937712176887903
2331
1.3008026810463036
2332
1.9011393306543534
2333
1.152003410559461
2334
2.341161226980209
2335
2.838130303092702
2336
0.8744581045658623
2337
1.8213377906675046
2338
1.6313595054451187
2339
0.8297409568757959
2340
1.765050101342938
2341
1.2849062658956651
2342
1.7129133091385387
2343
1.4222679872482882
2344
1.1105693119870763
2345
1.127731601097664
2346
2.063000298160803
2347
1.5377044154716655
2348
1.3016534023621464
2349
2.8377873899029065
2350
1.5413925507566686
2351
1.0676152455827028
2352
1.8236995909837468
2353
1.2249101931105335
2354
2.099768980600528
2355
0.9336085573378613
2356
2.074583490051083
2357
1.5648843301331088
2358
3.366259661697785
2359
1.831940370736559
2360
0.962704036420567
2361
1.8092936831706876
2362
2.212626540293603
2363
2.646717821072095
2364
1.0418617198763074
2365
1.036124845728588
2366
0.9294956193492164
2367
1.9348560137158084
2368
0.9716515378875906
2369
1.2190427220396973
2370
1.6094225672562654
2371
1.5503867995544365
2372
1.337662694817607
2373
1.401432014437051
2374
2.9358918465754074
2375
0.9853612921450231
2376
1.28752395816758
2377
5.478804932372223
2378
1.7470562272743464
2379
1.0526074971815385
2380
1.3502559215073568
2381
1.1201479848455709
2382
1.6372516513445001
2383
1.0731828560222687
2384
1.1406195539948272
2385
1.191198687576743
2386
2.9740375995152637
2387
1.0295403180269316
2388
1.0588699506311272
2389
1.1571941772872816
2390
1.3364492657515499
2391
0.9372405115133203
2392
1.2459678312067795
2393
2.099344608898266
2394
1.7755684301276304
2395
1.0313528696886312
2396
1.1456836450378327
2397
1.0429348414492134
2398
0.9941014564646266
2399
2.653436873369421
2400
1.1141068708044701
2401
1.3206194529675577
2402
3.1299548585917316
2403
2.633424186626574
2404
1.175164100371381
2405
1.6466642067813086
2406
1.2462211656055822
2407
1.648710591175922
2408
1.4805964417874646
2409
1.2324538221926016
2410
1.2189498903829923
2411
1.588493343626823
2412
1.1461842316416653
2413
1.1690726138685044
2414
1.4427294291586723
2415
2.9014835191043042
2416
0.9208850858287094
2417
0.9637003951104375
2418
1.1864377454846546
2419
0.9805881379225305
2420
1.1642269414947461
2421
2.645950477901509
2422
1.01594289459527
2423
0.9483055990703674
2424
1.1121001949543652
2425
2.3404301132858953
2426
0.9106030308353434
2427
1.0245365389488985
2428
1.0170164814909268
2429
1.7629294765975614
2430
2.35602001915855
2431
1.9048672901669497
2432
2.4960699165203506
2433
0.9776037834135453
2434
1.6092717850977083
2435
1.2404410215317037
2436
1.0321444238464819
2437
0.9495106758781999
2438
1.1306940343977818
2439
2.000949443842982
2440
1.1208356367739638
2441
1.308044594459881
2442
1.258697304950488
2443
1.0827919758569893
2444
1.8378558374773462
2445
1.0725283214468508
2446
1.3712255738302401
2447
1.640187261170748
2448
3.8326987132276433
2449
0.9993159617056819
2450
1.9121321547679262
2451
1.8613929237524758
2452
1.078130115342609
2453
1.0336340819997623
2454
1.062370119798486
2455
1.4677681845348471
2456
1.0994883687562067
2457
1.6717925726890175
2458
1.56224615822023
2459
1.289932943845701
2460
2.3415429553644054
2461
1.6338044079033154
2462
1.2881565530015908
2463
0.8947443677944243
2464
1.5307290559549742
2465
1.7922146079633265
2466
1.0290065852892751
2467
1.0383623818011056
2468
1.1933225564905965
2469
2.09265554431387
2470
1.445487841988252
2471
1.0972678888504972
2472
2.0257103760280195
2473
1.698842410445122
2474
0.9349792518510633
2475
1.062616597359455
2476
2.325437823703822
2477
1.3550898233627504
2478
1.391837214272535
2479
1.3083873939467296
2480
1.6378075229743494
2481
1.480178820103624
2482
1.2703494602797578
2483
2.1743941417433317
2484
1.1828261664074375
2485
1.5104813704887594
2486
1.0826425543787264
2487
1.1043378850470795
2488
1.0202595906946292
2489
1.1103504425008779
2490
3.8012784823549812
2491
2.2553125471395656
2492
1.213815676577119
2493
3.736417795506745
2494
1.023554994429304
2495
2.1621491136522484
2496
1.1915479875254136
2497
1.4023634565525327
2498
1.7943299635071324
2499
1.700177608072181
2500
1.0317165405422326
2501
1.0672898331897902
2502
1.2179214772953602
2503
2.45401681689211
2504
0.9978406711032995
2505
1.2533380394164457
2506
1.1733737944778966
2507
1.1225146193195403
2508
1.1483759054852658
2509
1.06809903571623
2510
1.1120656406129024
2511
1.4862191035312136
2512
1.631879119149238
2513
1.0179881887656694
2514
1.8709544243831464
2515
1.8999588810322892
2516
4.405341413315655
2517
1.6164203302902809
2518
1.2513826486763766
2519
1.0775802812418742
2520
2.6292249307639928
2521
1.497057418563161
2522
2.8867404103913836
2523
1.1258058289403037
2524
1.346121354240063
2525
1.0530707744015986
2526
1.165018169604027
2527
1.2118097687600302
2528
1.1776972209024306
2529
1.1616184975504853
2530
2.4388501552557296
2531
0.9175423165800033
2532
1.0934957094885476
2533
1.6263297287473832
2534
1.8831234280404894
2535
1.1185117258730837
2536
1.786034570061061
2537
1.0902542923757932
2538
1.9672671440198353
2539
2.237960631002509
2540
1.2857585780737755
2541
1.9017259250875795
2542
1.0325487341022435
2543
2.3450945033112918
2544
1.3871280671276642
2545
1.0398419189668866
2546
1.2450935332721869
2547
4.276075755312783
2548
1.1832722620054734
2549
2.341767472743914
2550
2.837098049604772
2551
2.1969853856771833
2552
1.4071805344429824
2553
1.0283502632116714
2554
1.7485620953933296
2555
2.272622975221074
2556
1.5089948107711226
2557
1.1139450079299371
2558
1.2284610808813385
2559
1.2574052767077413
2560
1.284323175893244
2561
0.994190726720598
2562
2.225683202773278
2563
2.6638097862562065
2564
1.003229165716897
2565
1.2179298772124616
2566
1.3812369911720515
2567
1.3174545924967151
2568
1.3887111724461818
2569
2.2095019928097646
2570
1.24057701033949
2571
1.2476531406108309
2572
1.148756495819719
2573
3.3649789333243665
2574
1.1635523137199397
2575
1.9876559796340583
2576
1.7126406270124084
2577
2.092230333924713
2578
1.4810488832864186
2579
1.2063545493089123
2580
2.692507597436368
2581
1.0015322216938083
2582
1.2893946305684005
2583
1.0521208785129403
2584
2.9470843089136727
2585
2.0498900207376556
2586
1.2042603973368626
2587
1.021141726224478
2588
1.337883496438822
2589
1.0566824757656925
2590
1.732378457607486
2591
1.5604761390939856
2592
1.2957933620155673
2593
1.076617891995386
2594
2.1984304623531847
2595
4.122116942303562
2596
1.685584821083379
2597
1.235718071440166
2598
4.033051209101765
2599
1.7890819292128328
2600
1.6915439342973517
2601
3.7785634622647915
2602
1.1460954435887936
2603
1.4339281850415306
2604
0.998614672132865
2605
1.0200524634872672
2606
1.5850257358428277
2607
2.185054590057993
2608
1.25890732409422
2609
1.2633765285724436
2610
1.651763827273782
2611
1.435985560454896
2612
1.0346399559757384
2613
1.0809243757001779
2614
1.2796691707661039
2615
1.0359873066847274
2616
2.200678306555852
2617
1.3962495008362754
2618
1.7656676158459412
2619
3.0005267832686133
2620
2.2973677320125816
2621
0.9058445075633146
2622
1.4309203660174823
2623
1.796672688449549
2624
1.1848757944081079
2625
1.6173829068730796
2626
0.9888045035806674
2627
3.1751237630639366
2628
1.451791010961392
2629
1.8647320659543594
2630
1.394872078866974
2631
2.188658647999717
2632
1.0633513582641156
2633
0.8772212526657464
2634
3.181728568013795
2635
1.5444065625296086
2636
1.4568518926504073
2637
2.212871523568012
2638
2.960919147094694
2639
1.5992730373458353
2640
1.5750150373569267
2641
4.146707875858341
2642
1.1236362187280104
2643
0.997446485078262
2644
1.0713218555828896
2645
1.0280894520539514
2646
1.9549324100339647
2647
0.8964406973068816
2648
1.1417779236100618
2649
1.9388164017639422
2650
3.760444617384134
2651
3.5923043548286655
2652
0.9577548198896998
2653
0.957491352551443
2654
0.9144550251855915
2655
1.5056020312885967
2656
1.1450848031052825
2657
1.081636658616485
2658
1.2542258294907136
2659
0.9854423157674225
2660
1.5731941789965422
2661
0.941053870433643
2662
0.972000559352002
2663
1.299841856397651
2664
1.7049406211396778
2665
2.469305583493749
2666
1.1557640078929974
2667
1.128717472424157
2668
4.412271309319802
2669
1.1043359682445333
2670
1.367642934581551
2671
1.2483790627402205
2672
1.1926565904060178
2673
2.155592419210401
2674
1.2427567838132252
2675
1.5176642638402438
2676
2.196191157592783
2677
0.8403659014800363
2678
1.799762735787958
2679
0.8970592902833384
2680
2.1109416052463272
2681
1.6735770457586034
2682
0.9723750530792937
2683
1.755005862696846
2684
0.987553373395415
2685
1.4280774904611158
2686
1.1162227789366606
2687
1.5141567932894922
2688
2.3764753093487583
2689
1.2282661857727288
2690
1.5464676597499516
2691
1.093104110980288
2692
1.5380043607914469
2693
1.3846075708310266
2694
2.172341407936863
2695
2.260595649385386
2696
2.1845919478213296
2697
1.3428548854434381
2698
1.3190318383685449
2699
0.9651399610059376
2700
1.0578711632386841
2701
1.2882911415793763
2702
2.5119622413921543
2703
1.771309647285688
2704
1.706252299581709
2705
1.7639191678205324
2706
1.4392347533448004
2707
1.2353384507669287
2708
2.0195958465714825
2709
1.2925007572262814
2710
1.8819128574609754
2711
4.446046480217064
2712
2.552704503069305
2713
1.7621784005065775
2714
0.837202597842296
2715
1.355736090944647
2716
1.56754906978492
2717
1.1906856709922122
2718
1.6816064412042164
2719
2.4243194830195014
2720
1.0108253812664245
2721
1.840128891539343
2722
1.0546493119054736
2723
1.1053593693156845
2724
4.854262834305891
2725
1.4768220242727559
2726
1.2245392056961322
2727
1.7227662087226916
2728
2.9727087580159646
2729
3.9235694254657845
2730
1.2992512824006273
2731
1.1455818796522184
2732
1.4056223821084937
2733
1.05256601489737
2734
0.9140590703242567
2735
0.8881453163690387
2736
2.7322768470867635
2737
1.5236086556158315
2738
1.1477576657844129
2739
1.2659508031013684
2740
1.3966547475697133
2741
1.3678174987353862
2742
1.1712930702666742
2743
1.2278122807768295
2744
2.7654360153872877
2745
1.124247917474931
2746
1.552986073692876
2747
1.21308302870868
2748
1.3742081454259436
2749
1.263019458243484
2750
2.289776109649756
2751
1.1503571704656115
2752
1.5035072111333305
2753
1.0891124169317745
2754
1.4590399710637456
2755
1.076974160876361
2756
3.463967226414078
2757
1.1047056810464222
2758
1.1643879620049291
2759
1.280105828772316
2760
1.4101614645433687
2761
1.025323796778998
2762
1.081868555988564
2763
1.1094142445708994
2764
4.1815478675431565
2765
1.47313234718693
2766
1.4494735707286739
2767
0.8968212787755053
2768
1.1956012102817533
2769
1.7059048323356343
2770
1.9340847568743704
2771
3.0276884439518335
2772
1.215450088732538
2773
1.0095264990366035
2774
1.2237344235622085
2775
1.8279316393117109
2776
1.3580810365423075
2777
2.5852739396264113
2778
0.9873124612049328
2779
1.5098486120998367
2780
1.032802946979305
2781
1.0699446628781344
2782
1.4774382799501538
2783
1.03597963843951
2784
1.5304052502468908
2785
1.9891759860573734
2786
1.0068362675804476
2787
1.1756002903579406
2788
1.9773522023420405
2789
1.7505517744960497
2790
3.802156984912087
2791
2.136627524533245
2792
1.0322017850959904
2793
3.562949930065041
2794
1.6155072660230168
2795
1.351793139381468
2796
1.1564267345557238
2797
1.8573393388027886
2798
2.2075315470555137
2799
1.073618275427205
2800
0.9202610712086716
2801
1.2553472770868983
2802
0.8757632071326744
2803
2.142090446143299
2804
3.4083988076529996
2805
2.0995396461089086
2806
1.6091993467000425
2807
3.3087875628143033
2808
1.8983405798438169
2809
1.0793088477427337
2810
1.0650396127920794
2811
1.368764488599631
2812
1.167543213473495
2813
1.932489169252196
2814
0.9697256260618464
2815
1.6893395663077502
2816
4.044918255269927
2817
1.3320967638232226
2818
0.9022376349355674
2819
2.371768446062792
2820
1.0106212580661185
2821
1.0613347360191463
2822
2.221023122286165
2823
1.5188905586338604
2824
1.1443900983978934
2825
2.078878548945482
2826
2.1220209456729764
2827
1.100379856283914
2828
2.6691348339508023
2829
1.037926233342234
2830
1.4658600836353164
2831
1.0323673593058043
2832
1.3129204328650461
2833
2.591336525190376
2834
2.8449289917090854
2835
0.995927340011258
2836
2.3741977412811015
2837
1.0968287036335198
2838
1.2878700160063075
2839
1.0605618513122896
2840
1.2910070395683182
2841
1.3896318864590167
2842
1.249579182554715
2843
1.0602217182999294
2844
1.9496312475453317
2845
1.6972036913334942
2846
1.0410295908566622
2847
1.0706384163150386
2848
2.1365409669491777
2849
1.2043083257474927
2850
1.0247376916547832
2851
1.4072535805146578
2852
1.1407864893350594
2853
1.7308502995756543
2854
1.0659929681245761
2855
1.2481482150928285
2856
1.717538205764521
2857
3.7754555280604047
2858
1.635557903449043
2859
1.6338159544447068
2860
1.1793631251309433
2861
0.926476309549307
2862
2.411291924485165
2863
1.210174566877644
2864
1.0829435232413605
2865
1.0210009121223165
2866
0.993444643129786
2867
2.8014437474114495
2868
1.0187189300240416
2869
0.8792592871973284
2870
1.3393206612523627
2871
1.1128280805667667
2872
1.0782667216832482
2873
4.51339003097985
2874
1.0932866677301172
2875
1.8710916119697694
2876
1.795026274819566
2877
1.2013235598364445
2878
2.21080495990267
2879
1.3819304111999238
2880
2.20094321589826
2881
1.4023895654271599
2882
1.10785905024829
2883
1.8580819526028578
2884
0.9083548919708039
2885
1.9489581470727952
2886
1.544855514088782
2887
2.808929504073408
2888
0.9875425166795345
2889
1.4633088923977287
2890
1.3519003578091051
2891
0.9321835761449656
2892
0.8965150006621168
2893
1.289167448882606
2894
2.375538789244012
2895
2.1261842488573595
2896
1.283700612848832
2897
1.893362278997001
2898
1.251492034866894
2899
0.9294864877191623
2900
4.075767422043756
2901
0.9619503640910908
2902
1.0682517689870998
2903
1.1136911827031475
2904
1.4197186260154522
2905
1.1037067647934768
2906
1.4647762579683914
2907
1.862443571952088
2908
0.97594924013139
2909
1.453130552708892
2910
1.916811766973481
2911
1.7628649604358617
2912
1.0436710616583849
2913
1.1355495717626267
2914
1.943516849143222
2915
2.9116066134639533
2916
2.0782771956513817
2917
4.111040770143094
2918
1.042834493868934
2919
3.056065226942906
2920
2.1133368848870937
2921
1.1839407206743595
2922
1.4599919433724762
2923
2.2117353150815955
2924
1.7823130255104869
2925
1.244803470697696
2926
2.2528459065875865
2927
1.209961769808524
2928
1.4805295579709088
2929
1.6990383624930148
2930
1.85939238440172
2931
2.1307272777279627
2932
1.4578046283209114
2933
1.066319193538944
2934
1.377246232352722
2935
1.8562017758137166
2936
1.2051847405018268
2937
1.0470468405284818
2938
0.9996280728416019
2939
1.759882105521482
2940
1.0814997278061973
2941
1.9612101721193838
2942
2.4076374512711984
2943
1.4605389644469626
2944
1.0934408659383597
2945
2.3668370867645154
2946
1.113499430970322
2947
1.3320247815776542
2948
1.111093650265527
2949
1.3337958526060842
2950
1.8628285056485676
2951
2.0313522824159196
2952
1.3835444967873585
2953
1.2927264173897834
2954
2.0215727268260593
2955
0.9855120712129887
2956
2.805909972098738
2957
0.8712825201942694
2958
1.894217740432466
2959
1.3846953575884497
2960
1.5869616200325636
2961
1.117996954455647
2962
0.9087362794475147
2963
1.8573814388633278
2964
2.129808235148853
2965
1.5688318389135618
2966
1.3387375446879195
2967
0.8972760487388765
2968
1.1413703250283935
2969
1.7446002654385449
2970
1.2640130307951951
2971
1.3204593881345372
2972
0.9166322096192018
2973
2.3205524097849612
2974
0.8655726524914865
2975
1.130830942032713
2976
1.1822094321227414
2977
1.2440908449947643
2978
2.126784843724191
2979
1.6426686606373633
2980
1.6023240433810173
2981
1.6726896236285649
2982
2.783484859335025
2983
1.0972515304869173
2984
2.4041468438786353
2985
4.095985023376861
2986
1.259520737691417
2987
1.1950074653432872
2988
1.0151078927937849
2989
1.0295177821809571
2990
1.018051270513446
2991
1.847692549680953
2992
1.0503939684353345
2993
1.1135292954334166
2994
1.8081728763160134
2995
1.172962400717225
2996
1.2324179479792357
2997
1.4443458014705384
2998
1.0450619222527147
2999
Mean MAE: 1.5893090579515652
