nohup: ignoring input
0.33333333333333337
1281
427
0.8434113485132345
0
0.9296848049868676
1
0.504814593591075
2
0.4692578787301144
3
0.4779646583341611
4
0.5834220150766354
5
0.5406876083210006
6
0.940516634217637
7
0.5111853889770372
8
1.3862073481127783
9
0.7707524787991964
10
0.47685855612698497
11
0.4285293906322129
12
0.4954265471444966
13
0.4895668649907954
14
0.6133762220678844
15
0.5810098673050587
16
0.5888830196495106
17
0.5146264418033565
18
0.6592424357987287
19
0.4513591035258892
20
0.7708885039934366
21
0.41382187708496765
22
0.7679963944096929
23
0.5524679959457388
24
0.4938058459147761
25
0.5580589236549673
26
0.5393320326709501
27
0.6367802687858313
28
0.5873803116573552
29
0.46858547104263676
30
0.5213233931753309
31
0.5351805390264059
32
0.5890783388565828
33
1.0520920671001928
34
0.40616751028704173
35
0.7182771722154649
36
0.4507433910969929
37
0.4437618360189502
38
0.5200048661737351
39
0.7176283431424486
40
0.4786221213278202
41
0.4661482189516283
42
0.46493602037941917
43
0.7532020924801535
44
0.9617807530483801
45
0.5862026754912912
46
0.5731969681772241
47
0.5158018347198997
48
0.6620771576032919
49
0.6560357614728707
50
0.4198607032347938
51
0.5275782452701109
52
1.232300898838523
53
1.164650937918993
54
0.7581903577727004
55
0.44915030370479503
56
0.4475761022157789
57
0.44581921971180033
58
0.5053353069548605
59
0.6473593591745318
60
0.4171156489890655
61
0.4740941437518908
62
0.833787651577109
63
0.8810261823276733
64
0.5155552383571791
65
0.42596159721760113
66
1.0737019791061069
67
0.5065086850614356
68
1.8953284975022868
69
0.42311313931425365
70
0.7182873387755354
71
0.43764754046666304
72
0.5644525048989522
73
0.5160826543810781
74
0.4071638266193501
75
0.3910170400368549
76
0.4131716680719893
77
0.37336291023884294
78
0.4497089802720345
79
0.43630401356480325
80
1.4880044714690266
81
1.2220377273763479
82
0.5769033940105774
83
1.035850781941931
84
0.5847969472293857
85
0.5848260569459308
86
0.5031186593874922
87
0.8853066223001357
88
0.6342602010241924
89
0.511671181676068
90
0.5167797603749669
91
0.4382353174732154
92
0.47283219044575153
93
0.7181142718796492
94
0.44711864696031245
95
0.6207918079550468
96
0.6623630044548028
97
0.5735338912244902
98
0.49077939503209966
99
0.3672887987266426
100
0.5422390192248987
101
0.42251097467532794
102
0.6907389018326763
103
0.42999417634976916
104
0.3889386742345672
105
0.4975397152199294
106
0.7554189325499236
107
0.5349096866795685
108
0.5611012714470257
109
0.4413737558785583
110
0.6417338752515186
111
0.5231811113366286
112
0.5657076262036362
113
0.5198282281221082
114
0.5014229830153002
115
0.4140460513085006
116
0.5077480858177693
117
1.235390944427427
118
0.5173174139397492
119
0.4986560407487775
120
0.4756918163448652
121
0.4921895158455776
122
0.47848750461520895
123
0.915979606771489
124
0.45180787455909166
125
0.5206670915962278
126
0.7438789263789777
127
0.5825137177694152
128
2.2360342029280473
129
0.5054740378620957
130
0.7299304459856646
131
0.4521040860327807
132
0.595563100370494
133
0.5600488183368736
134
0.4818468057143093
135
0.5636066217654587
136
0.5178642978418703
137
0.9755708622552471
138
0.45080878914591854
139
0.6757674832055819
140
1.635138763430891
141
0.5748834700281542
142
0.48629278114654695
143
0.534001940514627
144
0.45154145226054154
145
0.5728685133578652
146
0.9346462860691719
147
0.6178461514590716
148
0.4312235751815509
149
0.5700113905305162
150
0.587253671467246
151
0.5480315151565398
152
0.5050459839302885
153
0.44222319192597753
154
0.5416561610217631
155
0.6954653256665074
156
0.5979186847290802
157
0.8099779838672646
158
0.5893135932074828
159
0.6775252272157103
160
0.4546644869229479
161
0.6551003482588065
162
0.5355178708301059
163
0.4633745606585909
164
0.6542839788079491
165
0.5601945330770994
166
1.3022475715335449
167
0.4066076576985413
168
0.5597991749178541
169
0.508238246788617
170
1.2231661263579803
171
0.5403917730279468
172
0.5095647902876838
173
0.929350489912234
174
0.5205906540237194
175
0.42354607397094696
176
0.467187607293987
177
0.5731658018292821
178
0.49533656339772486
179
0.5374863055924479
180
0.49105069191914713
181
0.5737361812283961
182
0.7104293220007517
183
0.5600942596235601
184
0.5740435092618298
185
0.7119497889619754
186
0.39295039837336865
187
0.5005563689548347
188
0.7289342369200594
189
0.48878776953922093
190
0.5905223215898407
191
0.4942879924608164
192
0.8276480653178477
193
0.6121984063188352
194
0.4896623026714543
195
0.5016969275414142
196
0.519829797762644
197
0.6256802698988485
198
0.507850519575992
199
0.49256790397973405
200
0.44737478017198784
201
0.47923236961517973
202
0.4833903744965492
203
0.5611230438156296
204
0.5655757291550032
205
0.45963366322807264
206
0.41918409721097677
207
0.5821611970596379
208
0.7260056511561025
209
0.4987180430377411
210
0.571684217292055
211
0.4930766798699583
212
0.7267653499198916
213
0.5192528568474302
214
0.6255658774065531
215
0.508320824064455
216
0.9083219005282183
217
0.9318089929541827
218
0.4223132937015343
219
0.5586028837532859
220
0.5309537064039512
221
0.4115160983792338
222
0.5322684254419906
223
0.44656135401648184
224
0.5246086157684122
225
0.6178861683173962
226
0.4695199921658446
227
0.9695389871470289
228
0.50128091744911
229
0.42767432883951295
230
0.45149410083729236
231
1.0430788123898147
232
0.6026910584534415
233
0.47748906963222215
234
0.6583888905367585
235
0.41802600847582094
236
0.44946117218046155
237
0.49079160390806653
238
0.7775040289431571
239
0.43461373916211393
240
0.4856097992694271
241
0.3951716521190911
242
0.5016405927861103
243
0.44255877592800485
244
0.48119841113078915
245
0.4406302461542021
246
0.47222540426826903
247
0.6245483868959768
248
0.5894119768218314
249
0.6818016948024114
250
0.47709463569777016
251
0.9424074089467227
252
0.9090934782032236
253
0.5281461089586683
254
0.43934976542721316
255
0.5524933367375913
256
0.6555366364892101
257
1.1703642547249222
258
0.5804755008528882
259
0.4220960582632373
260
0.40395063740827425
261
1.1534368742167183
262
0.8312774330650623
263
0.5423570330324446
264
0.5417617008284458
265
0.4528475269221256
266
0.4733456217912518
267
0.5089839956878915
268
1.125067689177946
269
0.489357425622271
270
0.5057802912886136
271
0.6810256481617573
272
0.45023906016776927
273
0.4771237110068788
274
0.5110689645714692
275
0.5844291399956746
276
0.689701435058309
277
0.5817741573702366
278
0.633446075700535
279
0.8242776674038875
280
0.4866755951551425
281
0.6740930397344369
282
0.6981788916568706
283
0.7108240457318732
284
0.7939792988360582
285
0.5936235122399319
286
0.4273960354670627
287
1.3359604277695645
288
0.5142242138292061
289
0.5383906787161387
290
0.4734360700079656
291
0.4398310592463644
292
1.2308426227047138
293
0.4534687366686901
294
0.5321793830645138
295
0.5742570747318382
296
0.6617602290341514
297
0.6328886673998297
298
0.47820055909777776
299
0.5333808586271939
300
0.38209286648319296
301
0.43875200917221574
302
0.3919777569938652
303
0.5812030559206535
304
0.8842315648961381
305
0.43150615104848455
306
0.5869269431541182
307
0.5576059069175869
308
0.6376655078664238
309
0.4228057701819542
310
0.4689921544652321
311
0.4353034339761896
312
0.4800818737047248
313
0.678578731600252
314
0.749918644157826
315
0.4556550624282117
316
2.042276362871225
317
0.4961658545725329
318
1.6204904883001372
319
0.4519816088903155
320
0.45856307004633284
321
0.4745608086293157
322
0.4278596547476135
323
0.4456466192054753
324
0.8057309715943008
325
0.6603175994267574
326
0.4680992899081642
327
0.4855684659018717
328
0.8735687200672996
329
0.9686626375927967
330
1.0063689954090067
331
0.4617700450336939
332
0.8056376731384662
333
0.5911466870013595
334
0.624928421233069
335
0.49814498363758297
336
0.5352679376738945
337
0.6816909148944958
338
0.583106735538153
339
0.6051080144512642
340
0.4578566296878566
341
0.5169035288595583
342
0.4969926782440696
343
0.4654161153042667
344
0.5931022470174463
345
0.5529570985274277
346
0.5395188034685438
347
0.6962773370918891
348
0.6338255478748317
349
0.6522776907958531
350
0.4506863078189206
351
0.4865355375481879
352
0.7170438622083326
353
0.506761713812498
354
1.2706082331747814
355
0.5877150258288317
356
0.5471217514490911
357
0.5789202890418585
358
0.4554437546982503
359
0.5847581759997621
360
0.7196365434178853
361
1.599043801073737
362
0.5567451782867759
363
0.9762851020201537
364
0.5276827897420349
365
0.6152262902669766
366
0.651291063663975
367
0.6034057983009661
368
0.49229724190785934
369
0.6870212860039696
370
0.7058585385826367
371
0.6252286926550402
372
0.6316384188293585
373
0.7323061092436085
374
0.5367222305415142
375
1.4884333733063302
376
0.519350865801632
377
0.7439216517204009
378
0.6993791195011448
379
0.5166901688883918
380
0.5288669348489752
381
0.815087075115095
382
1.9808747668353484
383
0.6549415389136973
384
0.6961554947415648
385
0.5309289730452483
386
0.5206697415526269
387
0.6978228915556722
388
0.9705522118326698
389
0.45488597535682074
390
0.6606411297146718
391
0.5179825833725046
392
0.4801223444901105
393
0.5467302040484999
394
0.44707710450291455
395
0.5831674924972762
396
0.4057043666575062
397
0.47792810767175586
398
0.6065402032070265
399
0.9337598994504827
400
0.5444477266180161
401
0.8000906176955274
402
0.487195608544336
403
0.45910287252508497
404
0.6602392347233237
405
0.4153765487885631
406
0.7544625177382155
407
0.600293250866965
408
0.5622911150910391
409
0.6198593011602718
410
0.4759591265819929
411
0.731498061455278
412
0.6380113264420249
413
0.5387461872901632
414
0.46993637819997497
415
0.6486270470268194
416
0.4496722947906338
417
0.7640288203148866
418
0.5053587023573577
419
0.45574801231599193
420
0.6206514581105761
421
0.5127476331319288
422
0.4173153160853824
423
0.6220853623691451
424
0.49951106629519193
425
0.45382526008288965
426
0.47026968137358954
427
0.6285738871530401
428
0.5343572592700497
429
0.6299910716710116
430
0.7629350191642741
431
0.5404854352886135
432
1.1912956566817026
433
0.6308000016003694
434
0.8266359220067206
435
0.6677987092523875
436
0.4202647351663973
437
0.501240288353378
438
0.845697377239343
439
0.5358703765681985
440
0.4285140632803784
441
0.5063445111337893
442
0.4967656432688642
443
0.610829337802979
444
0.36051049550634034
445
0.5651983608981526
446
0.6255399912173499
447
0.42975391019644765
448
0.49431667467684226
449
1.2946293488249827
450
0.7393334638231343
451
1.3980018999585508
452
1.3489583219063217
453
0.7292975428184328
454
0.684917849838082
455
0.6809321873094856
456
1.708982719548282
457
1.0497008485348684
458
0.5906331826824434
459
1.0554655037904193
460
0.4822246686422826
461
0.6451846741197302
462
0.6536463094775513
463
0.596359377953926
464
0.5281192960786865
465
0.6435148669066996
466
0.8998399043331266
467
0.935689810223933
468
0.4771219688864414
469
0.3778935601863645
470
0.45581231165900504
471
0.5043789409358923
472
0.46294024688293184
473
0.40229409298573143
474
0.8295324183839965
475
0.4902222483700326
476
0.4656495471247306
477
0.5090906270491097
478
0.6652502818250287
479
0.5447611227609669
480
0.6036784372371067
481
0.7382692820981316
482
0.6041942622252
483
0.7272357639043582
484
0.8352749476596124
485
0.45344064179577775
486
1.4229434089295614
487
1.3844744419809862
488
0.6259273539897625
489
0.5232215918077645
490
1.7060397870036978
491
0.9452144498141346
492
0.5388734406907828
493
0.827270283978478
494
1.8021607010040388
495
0.6417516433485395
496
0.47168923091842097
497
0.48072159577127516
498
0.5095087992402061
499
0.4337646471604041
500
0.36630646607317763
501
1.561826846541845
502
0.42588226489788666
503
0.5704037012847177
504
0.40555072164818745
505
0.5755448783828915
506
0.9246299211404923
507
0.5607909536993401
508
0.5734743290265057
509
0.47570827653749687
510
0.38856679199427796
511
1.2120988512276083
512
0.43353492846830655
513
0.3550229299784855
514
0.7516760821107684
515
0.9116142392928608
516
0.54811470309639
517
0.411796872314479
518
0.6675862882423614
519
0.7705437170940446
520
1.1654569727774216
521
0.5847929449601631
522
0.8080822324010253
523
0.6826388346546024
524
0.6979020127920287
525
0.6117241884303126
526
0.42945827065214565
527
0.6876320615852434
528
0.928107151415971
529
0.49352879844861236
530
0.5187689888183755
531
0.46610533076825283
532
0.6600952099331329
533
0.5293516914800015
534
0.8848126089530193
535
0.5179371285177714
536
0.6938469308059053
537
0.5129785941573041
538
0.6013591263055809
539
0.6113602397838962
540
0.5652419653661772
541
0.49940160271123524
542
0.5311658423792083
543
0.5738323293505553
544
0.6852938409513633
545
0.6092879294361432
546
0.49166398317942
547
0.9185921435671246
548
0.46710995696454954
549
0.4831909800027042
550
0.6158134672850906
551
0.6246637410257766
552
0.5257194024809423
553
0.6705732380257334
554
0.48906399514189003
555
0.6356111025907721
556
1.3436542751863865
557
0.7001148556990532
558
0.645016585793973
559
0.4775114621938436
560
0.4830783183899015
561
0.6297505258105056
562
1.0962363476281825
563
0.6493358584103073
564
0.638468980784969
565
0.6314781639036474
566
0.5483466435657327
567
0.6462588984031769
568
0.7871184853062875
569
0.6374238179586151
570
0.608917296442231
571
0.426561938143281
572
0.44284515525289686
573
0.41004773777172526
574
0.7628023978686446
575
0.7436524103842487
576
0.7702121778233908
577
0.5426728703942559
578
0.6131423657605113
579
0.467946602372103
580
0.6100920862185273
581
0.4551540614240068
582
0.5229679364398382
583
0.45221699759862527
584
0.9847107418396881
585
1.1887437674685994
586
0.8676941440837327
587
0.6721805455172654
588
0.5497225558825776
589
0.4270544128755435
590
0.4809736044621833
591
0.46528081711725
592
0.5531667506212565
593
0.7661812342587657
594
0.8694979022494296
595
0.5739089031332703
596
0.6991300315282223
597
0.4551773312105109
598
0.5350608629650161
599
0.5219688531819111
600
0.38443111302090077
601
0.494798962675738
602
0.5431558910082366
603
0.4712034706473152
604
0.6690664405809208
605
0.7332410241457136
606
0.5155958227230831
607
0.5514979501031291
608
0.4364700839553368
609
0.43321391466159687
610
0.5307727141329918
611
0.5345393847720409
612
0.5771015695630384
613
0.7836252121520632
614
0.6247846910368327
615
0.6491950556765803
616
0.5768872131196824
617
0.8131149981214196
618
0.4404701373424482
619
1.1096132929507778
620
0.4882126771642384
621
0.7364976352149875
622
0.8334339433729376
623
1.7480038439168424
624
0.3928845177118788
625
0.599530355493851
626
0.967749490630954
627
0.5237086207460674
628
2.0729182034040967
629
0.5643938606580325
630
0.4969672393667682
631
0.5382603891484926
632
0.4701330900600887
633
0.7009250430294809
634
0.5000034029465258
635
0.8887911761273662
636
0.599497791847524
637
0.4560469399752015
638
0.44241061737813486
639
0.5379626733760782
640
0.502542303843124
641
0.5279516060041677
642
1.3967753224277633
643
0.5160882543921095
644
0.5924099017683533
645
1.4510457038603644
646
0.528084191815332
647
0.5384366035071472
648
0.47246943892936627
649
0.5285523260985958
650
0.541096729752012
651
0.9973347284313816
652
0.5700860337719825
653
0.4536093724311305
654
0.4917901039977476
655
0.624804950347249
656
0.4444429575593455
657
0.5021709811958409
658
0.7895422957536541
659
0.9007871351832549
660
0.4844174854287915
661
0.6322167504867403
662
0.7399111268198528
663
0.6164258957716873
664
0.4088474605704288
665
0.6944405890668487
666
0.4334785405451576
667
0.5247184391970057
668
0.7000348915609106
669
0.4988046798321213
670
0.6842261159709918
671
0.46626311613872967
672
0.5489336670407121
673
0.6538396282431037
674
0.44264543451521765
675
0.4867991617459722
676
0.6637453680261841
677
0.6317319253125396
678
0.5482782773609615
679
0.7452788814826096
680
0.4841726504862946
681
0.5254814682655566
682
0.5485322089410969
683
1.7811918892798249
684
0.48884671165601545
685
1.295703725719553
686
0.6983511644627614
687
0.5710868846645368
688
0.4926100329878551
689
1.260303578670551
690
0.48775284950636794
691
2.2435568278932574
692
0.48376141672045536
693
0.7205262872711846
694
0.45744031751189085
695
0.6509981510683636
696
0.4986036832317568
697
0.7635761279020997
698
0.47487302297726997
699
0.39397715334124833
700
0.621944515310703
701
0.487212527775565
702
0.6229598072107594
703
0.5356111088389567
704
0.5511652788637134
705
0.5737518771038305
706
0.41831144957413835
707
0.4248046610884875
708
0.6873386461908012
709
0.6527616248782905
710
1.06226464079243
711
0.5356076276765719
712
0.8510628271156578
713
0.5963884723189123
714
0.6041698793862416
715
0.4944729704872441
716
0.7067010414967771
717
0.3950440671293288
718
0.5177044979562868
719
0.5916249231463332
720
0.9865867215663242
721
0.6103099318284068
722
0.492285897029933
723
1.2210024470211789
724
0.6012514695664802
725
0.9199643527890128
726
0.5671861550259832
727
0.6285624784941573
728
0.4680166215626401
729
0.604988800175118
730
0.9049022490958782
731
0.4319295757461117
732
0.5781681995314307
733
0.6745407436698228
734
0.4904711317963464
735
0.7301847842565696
736
0.4466149147254908
737
0.6917096290335575
738
0.5349263411044497
739
0.6619534646381022
740
0.4204155131621762
741
1.1030144948989957
742
1.1768419803254278
743
0.4627974118074179
744
0.44432287520315406
745
0.5361563173706716
746
0.5991079630588598
747
0.438105048076723
748
0.4673728349192586
749
0.4803615848999608
750
0.8794787818658355
751
0.4391121557047865
752
0.41073722887629377
753
0.499049621511287
754
0.5009868538017025
755
0.5365359713082877
756
0.51311534630493
757
0.5276687152605897
758
0.474490044484273
759
0.7584172825664693
760
0.5050577797813618
761
0.5916345837261778
762
0.49664285534141933
763
1.0797531740867634
764
0.5700522541416777
765
0.4973805899684381
766
0.4446227942891424
767
1.0678068824963562
768
0.8634684135844924
769
0.4366110328158309
770
0.4330504165244406
771
0.5339118786942778
772
0.4321911808794722
773
0.6279077576782279
774
0.6670013036729919
775
0.6321847937529574
776
0.4467232730732242
777
0.4534851231664394
778
0.557809671525614
779
0.4722268779750694
780
0.4687944489594241
781
0.4729041654461927
782
0.39448377012637514
783
0.5275009482540561
784
0.41096229041851307
785
0.7710808720100057
786
0.6150982921609711
787
0.9229724644333075
788
0.4547425820559377
789
0.46213713646626936
790
0.6506150994296855
791
0.4737871821548219
792
0.469048710272446
793
0.42192155956112987
794
0.49682051609600425
795
0.5417166679900581
796
0.5998443633629573
797
0.4145242711019528
798
0.6611334310361224
799
0.640924966875408
800
0.5083076947346773
801
0.6159843153681203
802
0.42257977237287037
803
0.6353874171873649
804
0.5582471132819703
805
0.5817522628950982
806
0.674923718681644
807
0.5858070165359793
808
0.6757583751495718
809
0.5482267450812733
810
0.5379017833948955
811
0.6527441863332155
812
0.5571267443229663
813
0.41800497100648415
814
0.8359176970375265
815
0.6110991493310024
816
1.0054831800837964
817
0.48383419479337736
818
0.46931228241686307
819
1.1515145919283758
820
0.5321644696308171
821
0.4226658573085014
822
0.4351870808180023
823
0.5403336849586885
824
0.6317347391024004
825
1.0210450623273901
826
0.5606571962257499
827
0.7085547735269776
828
0.5203666731864336
829
0.48852460056139185
830
0.42933797178315536
831
1.0467769372783928
832
0.5188166604315717
833
0.6293437904808327
834
0.47209343055301123
835
0.525662020328267
836
1.9181230535236793
837
0.42756916978384696
838
0.4369383866749342
839
0.9230616639737727
840
0.5682858796162057
841
0.4490159026102917
842
0.41906152672894464
843
0.468908437410002
844
0.46353776647167527
845
0.48342620055312857
846
0.54275559480898
847
0.5356278020573444
848
0.6869262683748502
849
0.6495895172766609
850
0.5006083069503996
851
0.6535592345943465
852
0.4994308523769196
853
0.44972263972049115
854
0.5896467584542816
855
0.4465904577760532
856
0.4448659079716681
857
0.5225736358292515
858
0.6547235451304683
859
0.4681003730144092
860
0.6218912640050295
861
0.40972465244669554
862
0.6525696255178269
863
0.44895417396424037
864
0.4177675705704046
865
0.4564602720478311
866
0.47781043249977034
867
0.43951259649826924
868
0.417614349511692
869
0.5428257601315827
870
0.4220939899245548
871
0.7198217001941652
872
0.3926639685091959
873
0.5193144435631207
874
1.4405126494812546
875
0.3955441050991633
876
0.5380304236253768
877
0.46042484466220945
878
0.4745040442301745
879
0.48225589172300876
880
0.49415437786430666
881
1.6441486643065724
882
0.5207039413785309
883
1.3294760809314061
884
0.7853717441375788
885
0.7115989806256724
886
0.5080028683092386
887
0.4766497929628402
888
0.4648769604103
889
0.89285868329114
890
0.40516566451904895
891
1.3789512947822993
892
0.4837119843587142
893
0.6801685410195415
894
0.486648118683244
895
0.4209443751467545
896
0.420926298951639
897
0.4491184697267088
898
0.5654066830675535
899
0.6757559224652252
900
0.566323237733123
901
0.44839278982603914
902
0.5512994584609443
903
0.6912881334448597
904
0.4772295487917251
905
0.5959924978737023
906
0.5227716637620327
907
0.7049915547649336
908
1.4191628216382521
909
0.4941125508769289
910
0.5290700955231826
911
0.5755005087967362
912
1.711674587371688
913
0.8017564347391632
914
0.5926181513931117
915
0.472149237563997
916
0.5633558250507813
917
0.4909618484533554
918
0.464261117566273
919
0.46235663418890416
920
1.0670952344317146
921
0.4481388042181469
922
0.8509234981133436
923
1.0473176952826297
924
0.7263593607462184
925
0.5426565308233345
926
0.6183722093970113
927
0.5339420285367471
928
0.7753345747851517
929
1.5883908209278594
930
0.47047921875432397
931
0.4758545215831207
932
1.0302474559220685
933
0.651046567352814
934
0.5615639992713726
935
0.6026554857055132
936
0.47113539101806867
937
0.7711735478527711
938
0.5006705756500069
939
0.7150614496580829
940
0.4575483285912484
941
0.5772547351393434
942
0.5385366379448332
943
0.45145318461064915
944
0.5807994116296874
945
0.5388905395400978
946
0.5360047450754168
947
0.5623257586380059
948
0.5335644914098707
949
0.5274516654854714
950
0.5430818340081799
951
0.7955267743117943
952
0.5870400671759642
953
0.6686215062120794
954
0.539174096315339
955
0.6417006129009111
956
0.4662231066268183
957
0.7327389412031312
958
0.6839110886398145
959
0.5598623899743335
960
0.6899896191541837
961
0.4585449438180401
962
0.5378239284300784
963
0.4832394072585499
964
0.5129861029276376
965
0.7899851249878714
966
0.5125764831078456
967
0.7578965634970356
968
0.4797723424022324
969
0.6772286294806894
970
0.3963624285817637
971
0.5547998567925819
972
0.4177867700378927
973
0.6634989585916624
974
0.6584712868863096
975
0.7711162281336544
976
0.6624187750948767
977
0.47535339087985323
978
0.7150080939398195
979
0.5041129855778052
980
0.46208920221556443
981
0.5010063329810902
982
0.5563233676144996
983
1.0230787058998736
984
0.6308684096120546
985
0.4756456319151625
986
0.7607368000250045
987
0.45000709149883034
988
0.6650494187879176
989
0.9014281529567428
990
0.4422934753048662
991
0.7835820129806136
992
0.6140559483927208
993
0.6340902532806034
994
0.47932239426460077
995
0.5658178086898672
996
0.43523775616696675
997
0.4571120316265141
998
1.5536146386242171
999
1.3443864222780093
1000
0.5719971240475439
1001
0.4892018825963877
1002
0.5312665161405099
1003
0.5262069674280712
1004
0.7263756127306261
1005
0.5803214492356307
1006
0.4882762588139845
1007
0.5023132928929793
1008
0.49173493914380556
1009
0.49753929740805664
1010
0.5584791207127788
1011
0.438618836768235
1012
1.3334393328596374
1013
0.9971319902754429
1014
0.5411838629370141
1015
0.5185318345282526
1016
0.8507248654436438
1017
0.49756146537734924
1018
0.4277814262907368
1019
0.9734689481879315
1020
0.5262621848824548
1021
0.5234005198182904
1022
0.6057575931395537
1023
1.218884766479126
1024
1.5890907007558843
1025
0.6710453853054499
1026
0.4738040026022983
1027
0.5505668963004476
1028
0.5652786277718231
1029
0.6557486483121614
1030
0.7258972149619889
1031
0.6703651589650066
1032
0.4214192055298346
1033
0.6988065198232382
1034
0.48969424834915565
1035
0.45421917592597527
1036
0.5328083368155221
1037
0.44471872384555416
1038
0.5857499460555968
1039
0.6224022075591694
1040
0.5067615883913295
1041
0.454635986065634
1042
0.4510513751608724
1043
0.45440891898726615
1044
0.5237707582854321
1045
0.4651804773725801
1046
0.5629166814682431
1047
0.5868692646454251
1048
0.759922045866582
1049
1.9025656410234257
1050
0.5975792115003422
1051
0.47096839863049533
1052
0.7049764767264726
1053
0.49798419837938035
1054
0.4277306183711824
1055
0.3695377957249336
1056
0.5291437822528506
1057
0.41311189513416646
1058
0.40547309808150234
1059
0.9942119586158354
1060
0.7816938696813173
1061
0.44515755286994907
1062
0.5480579442290147
1063
0.4794309376752953
1064
0.4423478295157775
1065
1.1038427007496119
1066
0.5090426657996473
1067
0.5295009168411933
1068
0.6579734424148576
1069
0.6501238770481714
1070
0.41074022656366377
1071
0.5657837198204775
1072
0.4360291276021356
1073
0.4013536944060795
1074
0.9370736812243229
1075
0.5004193695033927
1076
0.5413553742194036
1077
0.6420716230275222
1078
0.53424693443742
1079
0.40543157935984636
1080
0.5892481748267214
1081
1.1605140121250461
1082
0.6996883512788078
1083
0.4960783381356248
1084
0.7496874334041949
1085
0.5731203738243731
1086
0.465956551646289
1087
1.0415343674700392
1088
0.6570291592976438
1089
1.0711596564798864
1090
0.49934668336406335
1091
0.4910778107115016
1092
1.0504989504817408
1093
0.48193885044759943
1094
0.6427693995403316
1095
0.6582614465599925
1096
0.4433249900851796
1097
1.0663830336097413
1098
0.4841786697574706
1099
0.48933695575782327
1100
0.45576175018404724
1101
0.45567024842767717
1102
0.5570054026492653
1103
0.44681304304933933
1104
0.4726424792500171
1105
0.6405752106501916
1106
0.5022432175268801
1107
0.4918433931970539
1108
0.46711975394726607
1109
0.47256862406219113
1110
0.4868819740094793
1111
0.44545041215798076
1112
1.4730404065074463
1113
0.41167439530584926
1114
0.7874168008588092
1115
0.4155560209615016
1116
0.4263234010921574
1117
0.46192938838031095
1118
0.659910278777081
1119
0.4259367739914819
1120
0.6093624499735941
1121
0.4431477267278814
1122
0.4099861035877502
1123
0.4819905657312802
1124
0.9016440480595617
1125
0.6406016296703165
1126
0.6062671470704676
1127
0.5605398301194779
1128
0.5090115816362344
1129
0.6372992031870244
1130
0.545310748861735
1131
1.5142183089523253
1132
0.6448038180058894
1133
0.4785206811604827
1134
0.5870076797043883
1135
0.49284315216594504
1136
1.3703022788704355
1137
0.3855743554104735
1138
0.4622660726807716
1139
0.507948086286942
1140
0.5487038680552951
1141
0.4875839007229583
1142
0.4109625784880338
1143
0.40569277047518487
1144
0.4577313951641438
1145
1.8834493979901457
1146
0.8998254942249433
1147
1.063113518581982
1148
0.4199476966746545
1149
0.525272474851815
1150
0.629852092145363
1151
0.49575290546831347
1152
0.632550456665879
1153
1.7718058801076055
1154
0.5391317602901459
1155
0.5929045183780248
1156
0.6884367696691317
1157
0.7778576082900618
1158
0.6498297963244021
1159
0.4406576089062202
1160
0.45925501498680704
1161
1.6389274116387347
1162
0.6990773579427668
1163
0.592857425046346
1164
0.6445938940164827
1165
0.44524779316734625
1166
0.4390200796691136
1167
1.3581846555832133
1168
0.5348690580813915
1169
0.605400776303117
1170
0.4471980974899044
1171
1.1697707208349375
1172
0.4203990824980344
1173
0.742914661942048
1174
0.6584276984295273
1175
0.46224492345960916
1176
0.4266658155169543
1177
0.5491750327763537
1178
0.435056746743618
1179
0.5246419049470467
1180
0.4786142993764219
1181
0.5829999011759087
1182
0.4970635879472176
1183
0.5713320590160407
1184
0.4024016263744682
1185
0.5285825135530451
1186
0.6076084201702442
1187
0.5335201108750588
1188
0.47688810564239653
1189
0.42040439141851704
1190
0.430657817638407
1191
0.6225824398496872
1192
0.45328653569089855
1193
0.5207729605070376
1194
0.4077020858338241
1195
0.4165616827065639
1196
0.6199075708146267
1197
0.5014352840075564
1198
0.7325298799304668
1199
0.5960207865625856
1200
0.5659946372866947
1201
0.7863990883583647
1202
0.4494423128431028
1203
0.3901930072668845
1204
0.6483887631265794
1205
1.094585663919097
1206
0.5714532158150877
1207
0.7632450661160691
1208
0.49280771171646665
1209
0.4765067665486448
1210
0.4591572971044331
1211
0.9055896597496209
1212
0.6492263075953989
1213
0.7276715988619665
1214
0.4847840573185906
1215
0.633933989679852
1216
1.1601353045756968
1217
0.4799469477958134
1218
0.42830447882737044
1219
0.7582783095199752
1220
0.46859938113281063
1221
0.5074745328896357
1222
0.9421685240042563
1223
0.5315609487601831
1224
0.5700348148018851
1225
0.42552684979340255
1226
0.47898916543603354
1227
0.6200702356161847
1228
0.5051114682088086
1229
0.722881368670464
1230
0.5273184859619922
1231
0.7957883435171736
1232
0.5919183902976254
1233
1.1281850835116125
1234
0.5113749564369224
1235
0.5722594888302519
1236
0.45600977648194896
1237
0.4539407592778245
1238
0.4475390411038977
1239
0.505438102527791
1240
0.7202383268719847
1241
0.4277319631614985
1242
0.7064297586216103
1243
0.8464471359254299
1244
0.6248875491066846
1245
0.6493822621165491
1246
0.5980156985433397
1247
0.7541887884152755
1248
0.48158056576658054
1249
0.8773748699379478
1250
0.4220216860469492
1251
0.4768184057439936
1252
0.43605541158036804
1253
1.536923359547131
1254
0.4427149481785362
1255
0.5667620295584002
1256
0.5276753454552565
1257
0.6890080009520652
1258
0.5655531318922808
1259
0.5606816751372261
1260
0.3682197023187212
1261
0.6901002435163446
1262
0.47043439566318057
1263
0.8636335961520428
1264
0.6318792668438249
1265
0.6442965319948776
1266
0.5365762787772609
1267
0.46397046721359925
1268
0.5271889170849267
1269
0.6186187482522011
1270
0.722858368698756
1271
0.40105076460705796
1272
0.6635633195465005
1273
0.42200884305140085
1274
0.5598237745620425
1275
0.5445950136827433
1276
0.4580779366642336
1277
0.5686562615403027
1278
0.4721031864665145
1279
0.9706218316333682
1280
0.9592266278577606
1281
0.5590432773205704
1282
0.6197902695799986
1283
0.4854338906944407
1284
0.6182918655824291
1285
0.6748104880556265
1286
0.4573650490423319
1287
0.7326561650445893
1288
0.4791018961518896
1289
0.8991837825525544
1290
0.6463127849707351
1291
0.8378646676955704
1292
0.43817786304641193
1293
1.342693898882509
1294
0.4859179503086706
1295
0.8096582783542191
1296
0.6046388670635462
1297
0.5551375842942564
1298
0.6287103807839275
1299
0.6376269920139289
1300
0.43959573300793703
1301
0.7221125612909081
1302
0.5573067273200635
1303
0.6021846130105268
1304
0.7507671722954553
1305
0.528463487209687
1306
0.5951700250723925
1307
0.45641981618855393
1308
1.0196822465172428
1309
0.5401723066564369
1310
0.6357882813109056
1311
0.8082841900893346
1312
0.705517972341523
1313
0.4282690650037227
1314
0.5679074105198989
1315
0.40941508352286526
1316
0.99819617072463
1317
0.7055307568180845
1318
0.6187352696504537
1319
0.5767921974890794
1320
0.5681608821094296
1321
0.6393413557270798
1322
0.5480906145111724
1323
0.8642640227071816
1324
0.4806300404483161
1325
0.6504739276414437
1326
0.8275648993410663
1327
0.6601289527103182
1328
1.0358979786417382
1329
0.5198710504178929
1330
0.6959966878005621
1331
0.6133714883218969
1332
0.8237520106614125
1333
0.5290641033304393
1334
0.4492988521193174
1335
0.4491483898965203
1336
0.5151949040801049
1337
0.7075308463193654
1338
0.48391041023851566
1339
0.47951844422559886
1340
0.47433423639285177
1341
0.4170157946912627
1342
0.5322997673131036
1343
0.4328971630086907
1344
0.380326786118931
1345
0.9393792436201843
1346
0.41726779220028515
1347
0.5414192090739401
1348
0.5505307615276732
1349
0.46994231155383115
1350
0.5231707490309032
1351
0.7292794449699106
1352
0.479915817121251
1353
1.0300716298074453
1354
1.2035770753426756
1355
0.8429822257029004
1356
0.8542894097348882
1357
0.6141220439870605
1358
0.7760606468727673
1359
0.5404178066480506
1360
0.5008141636896207
1361
0.6230198536063578
1362
0.4996965354525821
1363
0.5445040187248085
1364
0.5305186422976977
1365
0.4942109029821804
1366
1.0954375297697183
1367
0.5068780770463235
1368
0.4845581348230163
1369
0.45139300811019306
1370
0.4968081179520461
1371
0.5151375899527533
1372
0.44910247892769967
1373
0.4563722300609683
1374
0.4353410987088556
1375
0.4915569103218678
1376
0.5691456146424465
1377
0.47111554739584804
1378
0.6435459982913274
1379
0.5306185006717832
1380
0.4776871123274845
1381
0.4135364885229191
1382
0.5788837417621694
1383
0.5093399600713526
1384
0.5063728576584028
1385
1.2695557884280262
1386
0.35465336773454204
1387
0.5054165867560759
1388
0.5030136809196519
1389
0.6632417229220603
1390
0.5340103386046384
1391
1.2290255686795626
1392
0.9017153119349853
1393
0.6532754814662862
1394
0.5468327385920049
1395
0.680323593727276
1396
0.7673992174139967
1397
0.4989629678563464
1398
0.6315382006718965
1399
0.571126206041781
1400
0.459393901548939
1401
0.6141584441444886
1402
0.9131283875212575
1403
0.5033213519605095
1404
0.9986608723682182
1405
1.182290604681621
1406
0.9849194616792509
1407
0.6278711395603817
1408
0.9203432368107801
1409
0.482134395906799
1410
0.48488624476038883
1411
0.5138801435925527
1412
0.9020023540963565
1413
0.5416459128892536
1414
0.4448229992286377
1415
0.9873066409710947
1416
0.5811446045870606
1417
0.559434628401547
1418
0.5720495268825921
1419
0.6174698157458445
1420
0.49595048925661495
1421
0.5581629252589779
1422
0.4679456115526541
1423
1.0949389758800006
1424
0.4795287830266384
1425
0.9096849977781335
1426
0.4699814036998732
1427
0.7779227846551682
1428
0.681699484975351
1429
0.8126639065079886
1430
0.45957621010964284
1431
0.6777580126810376
1432
0.5374922974422297
1433
0.39162949405822034
1434
0.6868824849804492
1435
0.5763940257701985
1436
0.5214577894263231
1437
1.1211259439285877
1438
0.5438456874845958
1439
0.45784441588465385
1440
0.7057238590050815
1441
0.7035795317871841
1442
0.48293141733056444
1443
0.6718407219840462
1444
0.47942933678143784
1445
0.4455653693528203
1446
0.47181160896803687
1447
0.5538026324775117
1448
0.5698237960781976
1449
0.5202489761368714
1450
0.49748101978482706
1451
0.43743906536507715
1452
0.8586826408117355
1453
0.6735538901455673
1454
0.6127223143909559
1455
0.42733309951682646
1456
1.1651572694874075
1457
0.4304933030910574
1458
0.5888289426827433
1459
0.5026654479588605
1460
0.8775476401424291
1461
0.48423066697958833
1462
0.5494420574998402
1463
0.6712274669352138
1464
0.4011100593347679
1465
0.47164716396982126
1466
0.6895736524630899
1467
0.7858789675888443
1468
0.9763964469394801
1469
0.5160239419680017
1470
0.6654816006080847
1471
0.7657920142973668
1472
0.5467487226753891
1473
0.546905381112378
1474
0.4497806804171457
1475
0.7050171743694799
1476
0.41431547119916246
1477
0.9698104811813855
1478
0.49874318058564543
1479
0.6005240624078841
1480
0.6086226149041135
1481
0.8215903698005946
1482
0.9799867467644179
1483
0.5605377063090297
1484
0.5436234946985243
1485
0.6723798542059434
1486
0.4879252500842661
1487
0.4805875019069161
1488
0.5362087034399867
1489
0.4484314372980878
1490
0.4065918686247335
1491
0.5740271844049394
1492
0.43024005123528963
1493
0.6023683330701091
1494
0.5556771370957497
1495
0.8342921460124255
1496
0.4469307527516984
1497
0.6012062572300165
1498
0.45668317512625656
1499
0.6969204469577827
1500
0.4611575645406567
1501
0.6584744216976511
1502
0.7970251059366553
1503
0.5753538135288595
1504
0.4823143419546418
1505
0.8125049364101633
1506
0.4880413677847396
1507
0.7410035036503019
1508
0.6752578948573007
1509
0.4858216907517342
1510
0.45735767051253523
1511
0.6045337497082228
1512
0.40540027385287275
1513
0.4300766690596957
1514
0.6619210956627241
1515
0.6985459998293612
1516
0.47187762393673266
1517
0.6732605023882278
1518
0.46715864965596926
1519
0.5961496789905468
1520
1.2266456213614525
1521
0.47197168250914323
1522
0.4970291162862894
1523
0.43941747170957374
1524
0.43010485451863034
1525
1.1907009837209714
1526
0.6294919376231143
1527
0.57110832501077
1528
0.5462084950397902
1529
0.6709657231633143
1530
0.6684049082713347
1531
0.989452640408778
1532
0.6746587425458119
1533
1.2525488909596731
1534
0.9785631263035452
1535
0.4485131361749939
1536
0.40434842443161034
1537
0.4318793263384663
1538
0.7038162291814534
1539
0.45338241625685133
1540
0.4973280630020745
1541
0.4654033520426649
1542
0.7639087102621028
1543
1.0146433043625207
1544
0.5833296329207054
1545
0.5730156026936758
1546
1.2912868130051014
1547
0.5204423319694851
1548
0.48091173839021617
1549
0.49156921314836227
1550
0.4194200070526304
1551
0.4807618952692974
1552
0.4446862158215586
1553
0.7370005408935314
1554
0.46804835336790324
1555
0.3893458545323357
1556
1.991890225350827
1557
0.6417154956447355
1558
1.0027476001375368
1559
0.5552785801429589
1560
0.5511260568207184
1561
0.46802849252085765
1562
0.4434831051058766
1563
0.5615661075224176
1564
0.5136715547964845
1565
0.7678870958950281
1566
0.5533684664037565
1567
0.7249760117348676
1568
0.6889857812492474
1569
0.7490398081984535
1570
0.4700137941759069
1571
1.521816050467605
1572
1.3863337312814645
1573
0.4308733836604504
1574
0.734691079033294
1575
0.42930865410332597
1576
0.5005814837291542
1577
0.5957288934384148
1578
0.7509277926441678
1579
0.49835814035080495
1580
0.6528442303631052
1581
0.5238470211059155
1582
0.46447911788285384
1583
0.5954156037086443
1584
0.5961472446414948
1585
0.9238093183976012
1586
0.6139231623865736
1587
0.483995456962058
1588
0.5242379647816269
1589
0.5216219269465019
1590
0.45672570151524816
1591
0.4703737224610277
1592
0.9596962590782143
1593
0.8591604405437484
1594
0.6951440508316348
1595
0.5033609927266376
1596
0.5009840464826469
1597
0.5015803297407637
1598
1.8651504007930133
1599
0.5011926927086561
1600
0.6162931187871161
1601
0.6752948279446451
1602
0.5924072446605886
1603
0.549684897560407
1604
0.6339313156436153
1605
0.4740308664975
1606
0.46660399314112777
1607
0.7501248232653294
1608
0.7079246587415859
1609
0.5122429060381046
1610
0.554712884313854
1611
0.5933083905151899
1612
0.5024676338524146
1613
0.46748326906683535
1614
0.7944424934331149
1615
0.46133372849552046
1616
0.5439421704753412
1617
1.2325315437656958
1618
0.44252255028561244
1619
0.9075795212303591
1620
0.5734579063419744
1621
0.49360210816990824
1622
0.501048162075744
1623
0.4245560188213472
1624
0.47420715017279325
1625
0.5203969154229385
1626
0.7323888958598108
1627
0.5955073277133656
1628
0.5643405180638746
1629
0.39731412904619384
1630
0.4738083518150639
1631
0.4936876032616742
1632
1.7145042261651668
1633
0.7825888868228195
1634
0.6724709295849431
1635
0.4558248941041146
1636
0.8771148673092605
1637
0.5980073198950918
1638
0.8521167349840083
1639
0.5299984589009998
1640
0.571292000186838
1641
0.43916404543583915
1642
0.746774817910539
1643
0.45835837831602494
1644
0.6951446645392128
1645
0.7093521893404553
1646
0.9528758366681339
1647
0.5448166495987579
1648
0.6616316717478264
1649
0.4130892167855131
1650
0.7128546366898304
1651
1.2349204498584219
1652
0.5929480412892504
1653
0.4448738961556879
1654
0.45346304339622834
1655
1.0542306967576456
1656
0.5394755215893525
1657
0.4782710380085438
1658
0.5374461522852734
1659
0.8632009640052652
1660
0.7295640936536683
1661
0.5531038847130716
1662
0.41487715822283394
1663
0.43677775923551704
1664
0.8152120075236184
1665
0.7631125874251686
1666
1.1830243458458332
1667
0.5936816071916853
1668
1.4388259479277956
1669
0.4416714007365697
1670
0.4649340315992482
1671
0.7916923283887621
1672
0.7395429456789182
1673
1.002074425706665
1674
1.0217589383629764
1675
0.5179379500292003
1676
0.6693587374908703
1677
0.6368410498565767
1678
0.6760280756884026
1679
0.5926175329414677
1680
0.591424875823919
1681
0.6418572492774799
1682
0.5131095254889796
1683
0.882365891926693
1684
0.4979623515663384
1685
0.5583331782966543
1686
0.5907378865514528
1687
0.8352601020975535
1688
0.5640278217116349
1689
0.7783480334496511
1690
0.6171364082091879
1691
1.135547892245081
1692
0.5429973606576537
1693
0.4811526703968596
1694
0.5358006736243989
1695
0.4089676585327482
1696
0.46228010505047756
1697
0.5374257900947005
1698
0.6397752905669442
1699
0.9945797173878206
1700
0.42565883463912707
1701
0.41299768146663673
1702
0.49117377899396303
1703
0.5554411930374824
1704
0.6877134988925881
1705
0.6044099567121758
1706
0.5654522446199676
1707
1.0148847963954089
1708
0.5144657131824378
1709
0.4325531472707793
1710
0.6296358909060773
1711
0.4668183213626683
1712
0.6790376785542982
1713
0.46460092586440166
1714
0.5075017566913386
1715
0.5753042786628708
1716
0.512197945165616
1717
0.5869801305980982
1718
1.593518658188737
1719
0.7926647031940509
1720
0.574162694098935
1721
0.6671374161211029
1722
1.4310354785404709
1723
0.376825621475758
1724
0.9873377766698314
1725
0.3943266632666031
1726
0.448029413111079
1727
0.6021382829835782
1728
0.8465090939985424
1729
0.6768990093486031
1730
0.4373465370808969
1731
1.03187652137236
1732
0.5119381025730295
1733
0.45943297467870325
1734
0.40554040930018737
1735
0.8255781368008802
1736
0.8714392998474859
1737
0.5043702911259195
1738
0.36679376668236846
1739
0.4456990233324503
1740
0.5787297915093484
1741
0.4332805786229026
1742
0.6052832468116822
1743
0.6278415720690588
1744
0.756517735547091
1745
0.5213900643356622
1746
0.49957855193298883
1747
0.8143252033286988
1748
0.5646513751283674
1749
0.8820091370336721
1750
0.49078476972108614
1751
0.5663563831727368
1752
1.1066961243094324
1753
0.4431939588830528
1754
0.8045511521495229
1755
0.4814309570443102
1756
0.47861750442118006
1757
0.7713949179913583
1758
0.46910590959216714
1759
0.4212142272589847
1760
0.5391214620891353
1761
0.5182253569738924
1762
0.4809779222094298
1763
0.4404071908487116
1764
1.247393989563844
1765
0.5193577120846872
1766
0.616289923665051
1767
1.3275406387358302
1768
1.1712362331855453
1769
0.4411738022403555
1770
0.6293442730789641
1771
0.6018308274382208
1772
0.5624947184437931
1773
1.5156496080918211
1774
0.3814668214651388
1775
1.0103532212943407
1776
0.4988201507288501
1777
0.8500335647638703
1778
0.6200452261253137
1779
0.6254049869043865
1780
0.5452840462466576
1781
0.507037664446967
1782
0.5643996849366023
1783
0.8286925142869377
1784
0.9646405107494496
1785
0.5964026029970182
1786
1.3650471310212393
1787
0.49623516812063795
1788
0.6362464896886385
1789
0.753872148809963
1790
0.6946057731745925
1791
0.5403513149977
1792
0.4760180043821944
1793
0.5105953460266875
1794
0.542827212508789
1795
1.4164840597332782
1796
0.40391447453053736
1797
0.5647354630564504
1798
0.4526960160002815
1799
1.0348218047256252
1800
0.46251640627699664
1801
0.45548983838511925
1802
0.6482366471741838
1803
0.5595703917226833
1804
0.518073216759542
1805
0.6249176387474744
1806
0.4703627553787137
1807
0.5611460943699222
1808
0.462491013634001
1809
0.451443963632136
1810
0.4794664739517408
1811
0.6489005978716222
1812
0.8913355045717986
1813
0.4829248652973526
1814
0.4736713653716642
1815
0.5236229422012949
1816
0.4138474920324206
1817
0.8250808738433634
1818
0.5162355330986085
1819
0.5184290651252068
1820
0.47552454053527393
1821
0.4573053269283145
1822
0.6111646874410148
1823
0.4709521759233355
1824
0.49856712448418566
1825
0.5481350860891532
1826
0.5676838496718454
1827
0.3738154964391053
1828
0.5823444000848274
1829
0.7500851953421878
1830
0.5485606340754027
1831
0.5085046393323318
1832
0.43465573437210286
1833
0.512158499034979
1834
0.6548395888533037
1835
0.5614427850819573
1836
0.48787431915353724
1837
0.5511497427214981
1838
0.5560041555736133
1839
0.5082284027304752
1840
0.4840209235872317
1841
0.5101662781588794
1842
0.5104827158510139
1843
0.5153291644757391
1844
1.394061834710808
1845
0.49733123075159535
1846
0.4202449416128497
1847
0.9159746055781931
1848
0.6020180844465847
1849
0.5046267263459313
1850
0.48767862609667834
1851
0.8803360508608611
1852
0.5994514596931728
1853
0.4115327707237649
1854
0.5711704547432971
1855
0.6405463481163117
1856
0.386541962576301
1857
0.6073603963655712
1858
0.6927869100639266
1859
1.6567136150336619
1860
0.9765034257013727
1861
1.1865086117063768
1862
0.5226659080783225
1863
1.7416687489397324
1864
0.5099013025742135
1865
0.4162266562892048
1866
0.5141410804912335
1867
0.5453142065524238
1868
0.6546407282
1869
0.5130324963219143
1870
0.5317954227521399
1871
0.7455673404219413
1872
0.5518581906485884
1873
1.5886560557557168
1874
0.7377094512192985
1875
0.7297995688588631
1876
0.6665897447392951
1877
0.584529281475396
1878
0.5265197965148722
1879
0.44637169144773375
1880
0.7618082237474374
1881
0.509669942632383
1882
0.679900814520078
1883
0.6266964786730002
1884
0.41158095332131045
1885
0.5368868500446525
1886
0.5133201556653173
1887
0.47552619875707053
1888
0.48978433577488095
1889
0.6684313895549585
1890
0.6144177504039251
1891
1.096236774558726
1892
0.627219035028538
1893
1.0271565067231356
1894
0.4434761734697371
1895
0.3795769181072745
1896
1.1506675429426543
1897
1.0801816013281453
1898
0.43578411166803716
1899
0.6226708308066653
1900
0.39448307336603183
1901
0.5372422324999128
1902
0.5002293060604462
1903
0.5688066931945024
1904
0.5456290557666165
1905
0.5729232209128239
1906
0.897483198620902
1907
0.7338003619723498
1908
0.5136805416347204
1909
0.5833215515751012
1910
1.6322237606415735
1911
0.422709437032458
1912
0.4208066994337308
1913
0.43209530693953324
1914
0.5491088097777345
1915
0.4157251510890691
1916
0.5244624227914056
1917
0.6321319707355074
1918
0.4318555799379721
1919
0.7339011966700728
1920
1.2149039735632354
1921
0.5662465305086777
1922
1.1815721739025844
1923
0.4746426853650594
1924
0.712149805563222
1925
0.44791554534836925
1926
0.46014325953012064
1927
0.4415327805507997
1928
0.5425223383078195
1929
0.45222049956602106
1930
0.6393917100401965
1931
0.5516802695500245
1932
0.5332770532251049
1933
0.6150215259712005
1934
0.4419079647066804
1935
0.44534534889605115
1936
0.4660548063065644
1937
0.7226131088564128
1938
0.660682639854145
1939
0.7210512900028561
1940
0.508690236315831
1941
0.49710556957639446
1942
0.5950737289475474
1943
0.4156834079865879
1944
0.6675010474610653
1945
0.8291349949489208
1946
0.4871563166644713
1947
0.6228763896503959
1948
0.4722495930444841
1949
0.6753715102108183
1950
0.46066706980247196
1951
0.5761235599939627
1952
0.43338067516817624
1953
0.4663146075243118
1954
0.7309686964080339
1955
0.3659159442412607
1956
0.4995835470831646
1957
0.5576975273323319
1958
0.5581684328781963
1959
0.5992816707903222
1960
0.5491759181484251
1961
0.44656913704197715
1962
0.5405353080528483
1963
0.4286732455823159
1964
0.6781882552421534
1965
0.478285864692674
1966
0.5973629489155319
1967
0.46084126036681605
1968
0.6827828995647414
1969
0.41913443481739415
1970
0.45678410786894486
1971
0.6882564115576367
1972
0.5472286870283815
1973
0.5029099103472203
1974
0.5328840661038273
1975
0.504925137791875
1976
0.4502038315154181
1977
0.44053837133243984
1978
0.5486760175552029
1979
0.4417628242336569
1980
0.3865188760621375
1981
0.5582085519665738
1982
0.5227036264609253
1983
0.6642644716338871
1984
1.056622143435758
1985
0.47209013593653987
1986
0.6047875793155397
1987
1.1017691988403882
1988
0.5407925740885984
1989
0.5156588994483653
1990
0.4820696977229619
1991
0.4380169527603393
1992
0.5323442097298916
1993
0.7168252729685063
1994
0.5467077975616157
1995
0.4836310197158997
1996
0.5067934401051892
1997
0.42635353749883065
1998
1.1049117909958355
1999
1.5131471327428052
2000
0.41551429201731377
2001
0.7042539389980454
2002
0.4232055508352832
2003
0.6853830445781863
2004
0.5444003360157458
2005
0.4438511649561159
2006
0.5687737031656344
2007
0.5945238351915645
2008
0.5164861637693818
2009
0.43635183401885774
2010
0.5454511814442891
2011
0.5121000108956841
2012
0.4761183519420808
2013
1.333048749414727
2014
0.6471129378057284
2015
0.9626649113673154
2016
1.587811553862963
2017
0.5480967288227127
2018
0.7447643087718316
2019
0.5193735791594307
2020
0.6092315252131917
2021
0.7160587551270547
2022
0.4140391512299529
2023
0.6713507208954304
2024
0.49617222197929095
2025
0.5249318422949999
2026
0.6368637625331526
2027
0.42752107050193383
2028
1.0395608452489895
2029
0.504645094609677
2030
0.6957667847224331
2031
0.4456009055969773
2032
0.548783241438089
2033
0.4057785388710983
2034
0.6676358295879344
2035
0.8946778466970907
2036
0.4681433467927766
2037
0.8699318530363389
2038
0.4116519970064337
2039
0.42577035740136915
2040
1.298851903354541
2041
0.5029039422254892
2042
0.5103392225561795
2043
0.863126612632583
2044
0.5487191861714102
2045
0.7041126759721733
2046
0.5377200236645253
2047
0.580902608485592
2048
0.4957450050406775
2049
0.4944413433536751
2050
0.5106284564804653
2051
0.7809197533768514
2052
0.5818380419012233
2053
0.5096275660093669
2054
0.6823910312701686
2055
0.4404958435208305
2056
0.4825539172656517
2057
0.5048807701970724
2058
1.0861048314045387
2059
0.42973073558552105
2060
0.49026579612647797
2061
0.5125085976388376
2062
0.5181440415234307
2063
0.5836188367979093
2064
0.46958341796246084
2065
1.2895387370309803
2066
0.5309988950905108
2067
0.49288959958657896
2068
0.5163082384952785
2069
0.7026264607744753
2070
0.7118770076165941
2071
0.4565943457802238
2072
0.48629956562497817
2073
0.5756093240261868
2074
0.5246057964427774
2075
0.563183583221156
2076
0.42891180243842514
2077
0.5912585088358396
2078
0.6400466650754858
2079
0.624914190323568
2080
0.6655253456357924
2081
0.526897397604644
2082
0.47595999694709834
2083
0.49466230705506997
2084
0.5421308199220921
2085
0.5176402960866824
2086
1.0451668432084857
2087
0.49141074896014775
2088
0.8798881325212242
2089
0.7986267703389411
2090
0.4442792273667127
2091
1.0235245916757825
2092
0.6170202226516168
2093
0.43295213425699725
2094
0.766239734733105
2095
0.3923755312785563
2096
0.7779649630552138
2097
0.4059696556063877
2098
1.6122674845614182
2099
0.9206658853023089
2100
0.5820874023043383
2101
0.7570622652331103
2102
0.6060073117290872
2103
0.7245076556723934
2104
0.623908940445484
2105
0.38252541432475
2106
0.5005422756219462
2107
0.5687072412591997
2108
0.4757250787887133
2109
0.47757436213156756
2110
0.5673766190497012
2111
0.615338581314201
2112
0.6344875405545034
2113
0.9284198335297638
2114
0.46312183420213593
2115
0.42719142388849507
2116
0.8872358133335168
2117
0.6309490561336244
2118
0.4829115042930959
2119
0.41212717187171816
2120
0.49083786846779337
2121
0.6935379035359563
2122
0.45389176158364625
2123
0.589334317212305
2124
0.5064548804362516
2125
0.6432989400693016
2126
0.9891251198524971
2127
0.5695464871485223
2128
0.4246546252509652
2129
0.5661751926696622
2130
0.6383757225946624
2131
0.4553441634427311
2132
0.61722398353284
2133
0.6143821807577239
2134
0.7136582552148459
2135
0.5981967735260453
2136
0.44564116181934077
2137
0.639119124906141
2138
0.5705844164157117
2139
0.5725801640049843
2140
0.5400892336209163
2141
0.927028308623474
2142
0.5165016476223107
2143
0.9405055743208232
2144
0.5410557875326732
2145
0.5237107178112083
2146
0.5928998156705265
2147
0.5426954536678636
2148
0.4364063511184115
2149
0.9375631862854052
2150
0.736908928350416
2151
1.0630671275075978
2152
0.4360543312187193
2153
0.6009363475799534
2154
0.5061151765953121
2155
0.7190373374195754
2156
0.604879474849678
2157
0.6879272277214877
2158
0.6120622408788601
2159
0.5206696831805158
2160
0.5754044919962148
2161
0.43008413251133965
2162
0.5062787635872623
2163
0.5491773209819429
2164
0.4996149355005943
2165
0.4200736735353328
2166
0.519548941005819
2167
0.7672941336125304
2168
0.6197941423506089
2169
0.5785739755018077
2170
0.46125138975406804
2171
0.5670762245946435
2172
0.7829931136202463
2173
0.6594596249192138
2174
0.8024916169912465
2175
0.7136181405103644
2176
0.5126801207390294
2177
0.48713173404655263
2178
0.7478726966984023
2179
0.4148185143978485
2180
0.5266083730725256
2181
0.4993260905384791
2182
0.5292669174820192
2183
0.674401829776034
2184
1.2248942344566753
2185
0.48411493939152633
2186
1.0173753481285384
2187
0.693614339281293
2188
0.570972946484087
2189
0.42199110888925934
2190
0.5244261548349831
2191
0.6634977996363289
2192
0.681387228990889
2193
1.0320408523007312
2194
0.7854772463178055
2195
0.5900982717690569
2196
0.5112834747815465
2197
0.8038216688880802
2198
0.767469037422548
2199
0.4148957480089777
2200
0.4858407636537663
2201
0.5332337088567872
2202
0.5954311997021695
2203
0.608031774621996
2204
0.6382340819075883
2205
0.5893292147065695
2206
0.45779256239765304
2207
0.5237412996572891
2208
0.5444412970329887
2209
0.4263346511906268
2210
0.634211611821973
2211
0.47192557313195094
2212
0.4745779119828757
2213
0.6837513928448827
2214
0.6843507399326388
2215
0.6351600949326266
2216
0.48651414768889784
2217
0.5134171983407593
2218
0.6644887153976903
2219
0.6851020775895816
2220
1.0373349175915272
2221
0.6925434036012358
2222
0.617847117555156
2223
0.5612480339959818
2224
0.4297108805616346
2225
0.538233035806066
2226
0.5331769899492259
2227
0.5482839070839666
2228
0.8706085082014651
2229
0.4361729120342731
2230
0.42681376013177197
2231
0.46935443491825174
2232
0.42750674184693843
2233
0.5447177433557859
2234
0.4687398195707599
2235
0.5678700469804447
2236
0.6949661291096295
2237
0.4264689135401216
2238
0.8152712917129157
2239
0.5914166343663035
2240
0.3708990756751641
2241
0.4637812432423489
2242
0.49413371010835155
2243
0.9806728376406235
2244
1.0041447984682579
2245
0.4687755274247683
2246
0.5039811196697703
2247
0.4736892750412033
2248
0.4949632532822456
2249
0.49729166462760693
2250
0.6687504957205245
2251
0.418878951961675
2252
0.43229605086051603
2253
0.6023930292212673
2254
0.5888218663652062
2255
0.47926804074058804
2256
0.45013043280376686
2257
0.4390164700118192
2258
0.5379418856131316
2259
1.077108026991541
2260
0.5881734139507785
2261
0.7007972173091374
2262
1.437222885887066
2263
0.4693526072473554
2264
0.6504440682520007
2265
0.8093457154152957
2266
0.5221178899131851
2267
1.3261094675877119
2268
0.5297145028900045
2269
1.3784175864043384
2270
0.7420267051278667
2271
0.4869986830699672
2272
0.6730711077317472
2273
0.6187176339243827
2274
0.6872030877532203
2275
0.39426440179743316
2276
1.1366045108433855
2277
0.5155101909565887
2278
0.4361895965822225
2279
0.4857516963428108
2280
0.547874219907502
2281
0.5009695236888849
2282
0.956387255482366
2283
0.4543121599195637
2284
0.596369774384506
2285
0.5243167457863397
2286
0.4236642149153755
2287
0.5196053557575835
2288
0.6807085275890601
2289
0.4797301550025663
2290
0.5478432191198034
2291
0.6376246402339347
2292
0.6878458257199722
2293
0.6771759449204968
2294
0.5270091250417778
2295
0.4788331195760137
2296
0.4856943867247888
2297
0.5986415643399674
2298
0.5080874684981674
2299
1.0386889409912998
2300
0.4306197359109943
2301
0.43828932621861105
2302
0.46116173773273494
2303
0.6197880049784156
2304
0.4020980730465283
2305
0.595688716789618
2306
0.546034207255127
2307
0.5640254647648284
2308
0.6429796048944377
2309
0.5434149413632662
2310
0.5099934481547744
2311
0.46079643142518595
2312
0.4566381480421147
2313
0.5839230291928085
2314
0.7359839634591089
2315
0.412784545692303
2316
0.41571492617893324
2317
2.2409505050311593
2318
0.9075923167384622
2319
0.5108592797162574
2320
0.5446131566044273
2321
0.4154206880218133
2322
0.49141329998205113
2323
0.5453940020302565
2324
0.4441722377422062
2325
0.5005107087599657
2326
0.48971630807961636
2327
0.8241334932859092
2328
0.675651964935451
2329
0.7508099520132965
2330
0.6687930699393316
2331
0.8621558879288448
2332
0.7905755719168032
2333
0.527386906200766
2334
0.5372511938127791
2335
0.5362056173954872
2336
0.6332420862804766
2337
0.5321809845578833
2338
0.585901923391673
2339
0.46907812855847053
2340
0.8059844989837259
2341
0.7247473497456522
2342
0.5335046292957508
2343
0.4600562355374496
2344
0.5501427050414339
2345
0.7256221215469437
2346
0.8470617382271324
2347
0.5963125378412415
2348
0.6533826992442311
2349
0.5092053561562513
2350
0.5275616776744211
2351
0.44297543812096923
2352
0.5017527397985785
2353
0.5093838107892003
2354
0.4683197164268218
2355
0.6057588403329202
2356
0.6503080211948549
2357
0.5201868628688869
2358
0.5261722963782749
2359
0.9013449323845877
2360
0.4861518241656096
2361
0.6330726811347924
2362
0.5763588030493729
2363
1.0455644362166543
2364
0.5241696442757752
2365
0.45290860392314186
2366
0.4847435898711898
2367
1.4657745423999036
2368
0.46089232396982033
2369
0.6659035099281145
2370
0.534658229218632
2371
0.4251693385973057
2372
0.45122314650306056
2373
0.4657077284484972
2374
0.9396324073362837
2375
0.5494941640217916
2376
0.5982945886308941
2377
1.3638715249499185
2378
0.5103124098820732
2379
0.5929914026384033
2380
0.539071891973001
2381
0.4302981308538565
2382
0.48624067108331515
2383
0.46159443679149803
2384
0.4668240106620958
2385
0.5307797315854157
2386
0.7716262529925573
2387
0.5035121625549428
2388
0.5191808259362213
2389
0.7521978182129371
2390
0.6348377332614197
2391
0.5175783254255123
2392
0.8572087505361088
2393
0.7888179135144365
2394
1.1302324294833375
2395
0.43386403128000195
2396
0.6131466528840646
2397
0.49982491318097055
2398
0.7065364904463819
2399
0.6272988758171119
2400
0.5643910143665478
2401
0.42116269592864003
2402
0.5390379429096769
2403
1.5972348018627254
2404
0.43401958316426725
2405
0.4939989730622518
2406
0.46928941879213226
2407
0.5914274298415424
2408
0.5161593742828323
2409
0.6564583591717622
2410
0.7183332145655815
2411
0.8637061964421723
2412
0.6645337239231918
2413
0.431999099556737
2414
0.5796062013048623
2415
0.6507009382525164
2416
0.39910652510241196
2417
0.5265034575193229
2418
0.5421468386535385
2419
0.5694983172738213
2420
0.4903925104270048
2421
0.6740245952649235
2422
0.5020136772408751
2423
0.509708224480124
2424
0.4907621030934465
2425
0.796897188095744
2426
0.5342442172808989
2427
0.41057032167806273
2428
0.6860279453889252
2429
0.7533921428024666
2430
0.43379882185984436
2431
0.543201001283915
2432
0.48995127744847855
2433
0.4746636068594946
2434
1.2214838766165423
2435
0.7728224806082387
2436
0.9842920395581579
2437
0.455648090522013
2438
0.4237561711118886
2439
0.5017573420177643
2440
0.5356066838585192
2441
1.0388792938254088
2442
0.401546514091397
2443
0.547797766020878
2444
1.3195183611809465
2445
0.4283741314850268
2446
0.5251035768940394
2447
0.45808303683580676
2448
1.1907802148051414
2449
0.479513213969993
2450
0.4718094818100777
2451
0.4939521269023749
2452
0.5901871517610481
2453
0.4434717457841668
2454
0.42829917850299376
2455
0.4879632214495744
2456
0.620470654778428
2457
0.7090855329272415
2458
0.5060204406744658
2459
0.7027967879779636
2460
0.5059691191357149
2461
0.49894283268216294
2462
0.358707662205016
2463
0.47520953196876864
2464
0.5122282542652992
2465
0.44631376026913144
2466
0.43584345172658784
2467
0.7034675356026406
2468
0.43365983547072723
2469
1.690426380919207
2470
0.4777579817169749
2471
0.6499939655438215
2472
0.4737550512409371
2473
0.5357776035979481
2474
0.4599684264064706
2475
0.7483573291346365
2476
0.6768622964525776
2477
0.5243536719153358
2478
0.4779712920847358
2479
0.6268155639271908
2480
0.4845536499002103
2481
0.8064233417774429
2482
0.6179435906800007
2483
0.9951915793723624
2484
0.5639276102394123
2485
0.8082409011715279
2486
0.673936094971069
2487
0.5446957731224031
2488
0.5368780175484155
2489
0.44696777139624344
2490
1.0842995089414873
2491
0.5076147469268498
2492
0.5101284414059862
2493
1.8597408314137742
2494
0.4384757026433292
2495
1.2905665090927376
2496
0.534279226349171
2497
0.7799197211241087
2498
0.44192777962230895
2499
0.6927524539372214
2500
0.5457028903514872
2501
1.3117090643637332
2502
0.5121509753669232
2503
0.6513895096189913
2504
0.4336656524536444
2505
0.5458345160702422
2506
0.540816385374578
2507
0.5307211451995785
2508
0.6930835817518973
2509
0.5010535694444186
2510
0.521574006356608
2511
0.4908294090186753
2512
0.6486511620931841
2513
0.5018112281914464
2514
0.5461249456000422
2515
0.5584740369821793
2516
1.2340842156467555
2517
1.1154409586494984
2518
0.5422055916520445
2519
0.5339687158225183
2520
0.48697649300629736
2521
0.5135659531794307
2522
0.6812127763760956
2523
0.5182389489969699
2524
1.3336042386650484
2525
0.4328377594837425
2526
0.4690399978676303
2527
0.5241103108010722
2528
0.6517471300234386
2529
0.709023223601556
2530
0.48996044939491096
2531
0.6560470624346938
2532
0.4281513927321332
2533
0.4677609501073494
2534
0.4968358578604735
2535
0.5002836347769896
2536
0.4805797036154146
2537
0.5976058195894619
2538
0.44101494679069275
2539
0.615518354343657
2540
1.0519928955934572
2541
1.0560559398925653
2542
0.4897156718854283
2543
0.5529166839207792
2544
0.46395913036060943
2545
0.7576747653135194
2546
0.8542720452136983
2547
0.7073612894138682
2548
0.4732303753007165
2549
0.49422263932469773
2550
0.5764459853816783
2551
0.5357578095627105
2552
0.45328596016482825
2553
0.5035892903250208
2554
0.45780627439738697
2555
0.7656785258001311
2556
1.708149844922183
2557
0.6918686562737667
2558
0.4372181827634756
2559
0.8221015827268772
2560
0.5625054963791705
2561
0.43548919207601955
2562
0.5079276517307484
2563
0.7098620953499912
2564
0.47764414573507535
2565
0.725400342146581
2566
0.408501468881337
2567
0.5864792906635834
2568
0.5071800646733753
2569
0.6978586306450622
2570
0.7423638992729484
2571
0.5416024614674326
2572
0.48152687848733244
2573
1.0380337287302552
2574
0.37762773318358794
2575
0.7469519206560796
2576
0.9046501861519793
2577
0.43295369600867417
2578
1.6929004052152083
2579
0.5444181299719978
2580
0.761385567476089
2581
0.45401328113141237
2582
0.43297908864254114
2583
0.6858027571888803
2584
0.5496397245977643
2585
0.5277565183961852
2586
0.6094819683902116
2587
0.5575256630638379
2588
0.5631958078228232
2589
0.7913502528105937
2590
0.6231365318670763
2591
0.4852718791467491
2592
0.5015552447204159
2593
0.4347069705743229
2594
0.8542172191948348
2595
1.5176652840043607
2596
0.621075678168052
2597
0.6992872499857282
2598
1.0782430703027817
2599
0.6958341174869775
2600
0.9553400540787138
2601
1.4904759772810803
2602
0.4010889993490391
2603
0.40110939748634916
2604
0.720516763122088
2605
0.5152840552240358
2606
0.925222139339331
2607
0.5248524942941581
2608
0.43912321469594917
2609
0.47777283877297155
2610
0.5926523890957521
2611
0.4808046531120631
2612
0.4372291917772326
2613
0.4853811026958301
2614
0.7434669368214982
2615
0.6456282616689909
2616
0.4856849223157442
2617
1.4834512817168655
2618
0.5070547446919006
2619
0.5937513369183496
2620
0.9160056126977396
2621
0.7393995933466614
2622
0.5049814860214781
2623
0.4786521715888742
2624
0.43153890542934786
2625
0.7980084318627672
2626
0.527183710737459
2627
0.6931156525846572
2628
1.1013299847732576
2629
0.6395797698370239
2630
0.45957497937791825
2631
0.5518222795543036
2632
0.4559671101168667
2633
0.4865554560127334
2634
0.7460354889134059
2635
0.6168482034448425
2636
0.7818218887635174
2637
0.6507640212363637
2638
0.4513910655605148
2639
0.7192169257650012
2640
0.391636667423251
2641
0.8213007677046346
2642
0.45209974555918536
2643
0.5790521273858228
2644
0.41352191337831934
2645
0.43199116729802617
2646
0.4756819469872922
2647
0.8495992882095273
2648
0.4789345473900259
2649
0.559411375524041
2650
0.9569664885560133
2651
1.6809419832310526
2652
0.5883976096741205
2653
0.4534512670551079
2654
0.43861563429463035
2655
0.4007995666047132
2656
0.46667613678442993
2657
0.5323780538086531
2658
0.6118863865609845
2659
0.5259116393881873
2660
1.0396143941666944
2661
0.7525386534263416
2662
0.7412061914816085
2663
0.4180825337861724
2664
0.42933314321925886
2665
0.5729708269224186
2666
0.6196605119438972
2667
0.44149392243411295
2668
0.56052270318896
2669
0.4731641035752164
2670
0.6741128736865815
2671
0.5187749315781864
2672
0.8796477860312207
2673
0.5047835700434758
2674
1.0864302957514982
2675
0.6762447658222343
2676
0.6701429312651312
2677
0.5095418870959902
2678
0.7919029453295198
2679
0.5369001252071374
2680
0.5033385780091958
2681
0.6741375902799261
2682
0.42614277006071816
2683
0.42007676739764366
2684
0.6953414016374933
2685
0.5852092682512
2686
0.5132331979301438
2687
0.6661073586235091
2688
0.8344534942743865
2689
0.4544600549992766
2690
0.6936304209529309
2691
0.5641013990401447
2692
0.594493283823889
2693
0.5319212816774289
2694
0.5146279765060076
2695
1.1018904955782975
2696
0.6066463880828481
2697
0.4103051556630827
2698
0.5217757532337987
2699
0.47135753865026153
2700
0.4038306689393624
2701
0.8024934213472517
2702
0.5474699207983413
2703
0.4589091350302295
2704
0.7953892796285541
2705
0.5473221019427945
2706
0.487946000964748
2707
1.0691333494594917
2708
0.8050456412997539
2709
0.7673901790107808
2710
0.5118435598937509
2711
1.127803694018318
2712
0.5719385251761168
2713
0.4777953160884623
2714
0.5862289928683223
2715
0.5618090356853984
2716
0.38196463167628225
2717
0.5600186997999882
2718
0.5449822897290332
2719
0.812744334651985
2720
0.5430586255535487
2721
0.498631981398541
2722
0.3363007941062095
2723
0.5350899509135509
2724
1.426642079906272
2725
0.4651118470544239
2726
0.6010044510900541
2727
1.2699302750383197
2728
0.5084005047076263
2729
1.682706948239628
2730
0.5044202373949881
2731
0.8559969782059774
2732
0.4022048526098661
2733
0.45647423344347465
2734
0.4885378137569727
2735
0.412130189743176
2736
0.7914745038392269
2737
1.0848310207429877
2738
0.5512088620419803
2739
0.5549002057778979
2740
0.44541135065281234
2741
0.9364432106601007
2742
0.6658823925727808
2743
0.5700668165742176
2744
0.6199315684342145
2745
0.7066658424174169
2746
0.4805173882891834
2747
0.48929177086350717
2748
0.6132222804083917
2749
0.46044110477390254
2750
0.7469466768471428
2751
0.49121114827281465
2752
0.5056434752059259
2753
0.5195288549883229
2754
1.4078599400274272
2755
0.6529794415167003
2756
1.63137977710634
2757
0.760996341648727
2758
0.522968603067823
2759
0.7704721119614031
2760
0.7236353734926098
2761
0.48101587758018616
2762
0.44259776522498356
2763
0.38511099434333784
2764
0.8173880654561344
2765
0.5241131765099601
2766
0.5722269255782013
2767
0.507779136973843
2768
0.46277499599304134
2769
0.5434590075999514
2770
0.5628195064420098
2771
0.576137680469644
2772
0.6137169053723251
2773
0.4715208068613831
2774
0.44297280353475343
2775
0.5644219695114515
2776
0.454508735846698
2777
0.6702535539414527
2778
0.8256085841445912
2779
0.4473118071701786
2780
0.4872028977198925
2781
0.4551406617202333
2782
0.7559156596100672
2783
0.5240513000344252
2784
0.5661091264965376
2785
0.4201692552175866
2786
0.43828095713498727
2787
0.6099842045281081
2788
0.8457389482120743
2789
0.4764816573947108
2790
0.6142179463357075
2791
0.4035267500530329
2792
0.6883350121600189
2793
0.819388093191644
2794
0.6908407987688874
2795
0.9382763257854457
2796
0.4804244971024529
2797
0.49356847138301224
2798
0.6827635618577678
2799
0.6983578587750321
2800
0.5038120609176229
2801
0.5709823309135329
2802
0.7008572717345166
2803
0.7240361501756636
2804
1.7856658916409611
2805
0.5653116286123335
2806
0.4670657556990535
2807
0.7297796073799011
2808
0.5377652217800285
2809
0.46607859055043066
2810
0.5566440402887146
2811
0.58768181279109
2812
0.4780116461495291
2813
0.6723249085519891
2814
0.5298190466145254
2815
0.4731235181584173
2816
1.4405425871001722
2817
0.5395874824041993
2818
0.48630801162982545
2819
0.703404917788126
2820
0.48642980893236926
2821
0.49389570208356315
2822
1.4055512206351939
2823
0.5660633685633655
2824
0.4358305930899703
2825
0.7345648323219555
2826
0.42347911439400054
2827
0.5480131730272328
2828
0.9334153963563696
2829
0.722107824593834
2830
0.5963288538631647
2831
1.3186459529816554
2832
0.5480832761876124
2833
0.7347744703946562
2834
1.0592755747291303
2835
0.42529398048462363
2836
0.4530557424892054
2837
0.5382189338095333
2838
0.7118939070412668
2839
0.4455096705373097
2840
0.6023175395044869
2841
0.5135103214666084
2842
0.7351337418410627
2843
0.5773488832562308
2844
0.5909242185109822
2845
0.48071310864369443
2846
0.4949304661196322
2847
0.5239557749756381
2848
0.8938595296123142
2849
0.8381703710758235
2850
0.8327313938608497
2851
0.6556009670072398
2852
0.6176715813983267
2853
0.651170864977334
2854
0.751075338311255
2855
0.941732642052924
2856
0.877877836469551
2857
1.2190492479658293
2858
0.3886864412729211
2859
0.4477257410556297
2860
0.5860363329165866
2861
1.112360310930748
2862
0.4110549479136257
2863
0.5102887208582845
2864
1.0251516121592092
2865
0.4458754415761323
2866
0.493574910524023
2867
1.558106029854309
2868
0.47111326468909887
2869
0.4734566689130849
2870
0.6595046438208094
2871
0.4412434349450544
2872
0.4746453190996155
2873
0.9842366030238561
2874
0.5656598645592027
2875
0.5111005632199225
2876
0.7281652074691928
2877
0.40513861555560937
2878
0.4477641967108183
2879
0.3978422654439701
2880
0.5725232405430365
2881
0.47804046288157886
2882
0.5716986737639532
2883
0.7750453382740183
2884
0.4671621417861155
2885
0.5339413195560266
2886
0.5150929895601658
2887
1.397385399042075
2888
0.71325738555122
2889
0.7319591694806454
2890
0.4424745553623912
2891
0.6631270109049604
2892
0.48473287937562304
2893
0.417293020999644
2894
0.6488336232043906
2895
0.42149205790633404
2896
0.4798621552439315
2897
0.6043830784575005
2898
0.7769166864786377
2899
0.4709403179656468
2900
1.1694531663442906
2901
0.7869358085251217
2902
0.5071502639351451
2903
0.4438853650280941
2904
0.3906135605932658
2905
0.5727180845199031
2906
0.6013059276643722
2907
0.5669002619379959
2908
0.5924868410130936
2909
0.7033948333658248
2910
0.6795130540304126
2911
0.6635636731836669
2912
0.647628268231869
2913
0.5511612414200298
2914
0.4284870042213972
2915
0.6425476890301879
2916
0.854271600388364
2917
1.7087402491767893
2918
0.5707228852087346
2919
0.623437687455226
2920
0.45967465668184204
2921
0.5047218651381575
2922
0.6420867953509332
2923
0.5315597434891486
2924
0.5006330673804699
2925
0.3783431727417243
2926
0.6170969110491055
2927
0.3724710394341073
2928
0.5972488989553569
2929
0.942485477386477
2930
0.5282369646750056
2931
0.6945347557011385
2932
0.47683075231257493
2933
0.5098010097530672
2934
0.4281524182779777
2935
0.47376095350622455
2936
0.5345267088209705
2937
0.6253737231820069
2938
0.7623739006059489
2939
0.761789628623099
2940
0.6864891423819849
2941
0.5761756280835839
2942
0.4291896405479828
2943
0.6301441072727304
2944
0.5141373369291488
2945
0.5188396131845724
2946
0.41694351935123425
2947
0.6211783816891949
2948
0.44325116198534353
2949
1.0795831375872593
2950
0.4403644474503122
2951
0.7257659513861078
2952
0.4763768155418969
2953
0.5576630555522439
2954
0.5911324688935651
2955
0.7884381780257691
2956
0.5800481992548575
2957
0.5629696119829887
2958
0.7538953270907203
2959
0.4393260926573755
2960
0.8325272182090057
2961
0.4320646846521832
2962
0.5019673345929405
2963
0.6626383854769933
2964
0.5813400997730327
2965
0.5522685421087101
2966
0.4423551288255509
2967
0.502411827362158
2968
0.4631841552583236
2969
0.4656674566850433
2970
0.5407671660683836
2971
0.46469879510603174
2972
0.4540086518406917
2973
0.6680285679930321
2974
0.5039351438808776
2975
0.600574410341547
2976
0.48953278268156847
2977
0.5955445778763927
2978
0.5599647514511344
2979
0.5748860594055982
2980
0.47641998518345413
2981
0.5529491633211451
2982
0.5231427960525883
2983
0.4788314371951345
2984
0.8039296143075563
2985
0.7124725991608283
2986
1.5166027231665526
2987
0.48700256079843274
2988
0.628205636637372
2989
0.7710712891553952
2990
0.5907652280372271
2991
0.6022865996176133
2992
0.4610504312864661
2993
0.6069631252432232
2994
0.4861919938273271
2995
0.6175059462248627
2996
0.43886236805822904
2997
0.7436557409473437
2998
0.6292207563889154
2999
Mean MAE: 0.6303669288447971
