nohup: ignoring input
0.33333333333333337
1281
427
0.2544792359025572
0
0.1627093946399398
1
0.31950986907962436
2
0.4510676933073369
3
0.16709470390998957
4
0.22435233433823676
5
0.18864706548423468
6
0.13184094279853872
7
0.14619856566181574
8
0.2986390897071387
9
0.1798379235609797
10
0.2659994830205989
11
0.2972467050007145
12
0.15528708044434386
13
0.21762657569386146
14
0.19268618590087633
15
0.1416312265837911
16
0.1899677418599512
17
0.3086615559319732
18
0.1827781823301688
19
0.23125481508091028
20
0.33697951860235587
21
0.2211744540747189
22
0.22630465765354102
23
0.1363893329090179
24
0.2210910592232167
25
0.1809189212672592
26
0.29775661492931293
27
0.23151285188068282
28
0.14801643624868258
29
0.15011787255838296
30
0.17845505119607266
31
0.29002124103352905
32
0.1594862476213144
33
0.2103263574726962
34
0.4582945203082617
35
0.2068533750620676
36
0.3026426458764097
37
0.16838651687247905
38
0.23131946918304147
39
0.25666224258723996
40
0.22953520173491182
41
0.16216812101028194
42
0.5698128151769437
43
0.2992546775835978
44
0.2384173066199601
45
0.3273367649143037
46
0.46865978981686024
47
0.2063982720042426
48
0.21721475024705367
49
0.21361056593885946
50
0.14835505978275035
51
0.32201688630410313
52
0.20033533012066607
53
0.28331002985909787
54
0.21432926715171602
55
0.19407847216996893
56
0.17818060320140966
57
0.20920928322681304
58
0.3458798602759591
59
0.19666204146645466
60
0.5223781502137149
61
0.16283451308073732
62
0.17646429001681932
63
0.19514276501013392
64
0.14609374754433602
65
0.16179883198487083
66
0.1620673658370268
67
0.25270537893509715
68
0.16244560395433544
69
0.16808801936692364
70
0.15064931679235344
71
0.19959460697867057
72
0.14871349031534933
73
0.14932521491608114
74
0.19424732239078463
75
0.21728359726095703
76
0.18982716499809535
77
0.17399122959662106
78
0.18930475407988517
79
0.22926562610828477
80
0.1680805447513667
81
0.2128107648497936
82
0.22597405886202798
83
0.21153299576865126
84
0.26420534949688484
85
0.1790162096025826
86
0.24447804487310068
87
0.2963215936687945
88
0.2317886165549953
89
0.25124102576569435
90
0.1917327476432482
91
0.32451623902477655
92
0.20760066218004206
93
0.22118806694352772
94
0.2048906998633861
95
0.5228960121142291
96
0.2888339413063815
97
0.1893221680398166
98
0.2164011870736589
99
0.25957812354769927
100
0.2508985761293034
101
0.25512903144747695
102
0.19537645439953452
103
0.32391575454945293
104
0.32863511822841235
105
0.20692899867268338
106
0.1445644402708845
107
0.19308507930248126
108
0.21031768361734332
109
0.1785242061820807
110
0.19413584720815322
111
0.2798963389375724
112
0.18723576934281166
113
0.17110581144175419
114
0.18880930722699457
115
0.20274997668511602
116
0.14840437029527292
117
0.15044845435851098
118
0.16981148617065892
119
0.250114821666431
120
0.23609233869486745
121
0.21767354245373627
122
0.29676883597616865
123
0.2508296907401897
124
0.17712703905044969
125
0.20737788759308934
126
0.1597351195678777
127
0.21394228400131451
128
0.17318009532271736
129
0.16667359357368938
130
0.25709838835761534
131
0.26618640983010333
132
0.3010582061463303
133
0.19998824154532044
134
0.19913649866776365
135
0.2401347751637775
136
0.2669348251467267
137
0.256799452507991
138
0.2191688595836053
139
0.2204490650544643
140
0.2207411352173038
141
0.28720624587919286
142
0.33082597168628214
143
0.17912798562720006
144
0.22783720361386936
145
0.215740713391078
146
0.2040659733360966
147
0.1970690790229971
148
0.19319387229894525
149
0.16176883719865973
150
0.19898127851956524
151
0.29739528997183695
152
0.2012047842665227
153
0.14167779702699762
154
0.2196299687258041
155
0.25426835111366497
156
0.1996505852568462
157
0.16302098120725456
158
0.20197452864562834
159
0.34693277408962636
160
0.17495747438747067
161
0.174276252714067
162
0.26416887595517974
163
0.18951989339818273
164
0.2612805251001485
165
0.25031441981114627
166
0.17107697482738404
167
0.3143044297579777
168
0.34852369406297096
169
0.1890223319675927
170
0.23294152219606631
171
0.18667784749851726
172
0.18117041722959723
173
0.2068025108986612
174
0.16557383002745985
175
0.16125272478563696
176
0.20416548558423483
177
0.2657978167035253
178
0.17999846957515608
179
0.21092522858578638
180
0.2507446201499895
181
0.24723512439799938
182
0.313228021837201
183
0.21384735797157858
184
0.2592436651411135
185
0.18440192723496246
186
0.1967625706559861
187
0.2218940103857672
188
0.23394509162767815
189
0.18260641984725728
190
0.16924848988578162
191
0.17981440979684307
192
0.21070903219199932
193
0.2832952513362692
194
0.19836568904627805
195
0.19119551698044487
196
0.21355476948826754
197
0.3042351438566402
198
0.1940983789906166
199
0.21237338342754047
200
0.20854585650479174
201
0.2705171559148842
202
0.17983445748899723
203
0.20675208096749265
204
0.2069670270865301
205
0.16215706827909795
206
0.16716635451806525
207
0.14910081191385213
208
0.18097773543297493
209
0.18986127228525312
210
0.23261014361483923
211
0.15442118045352488
212
0.19102589716341198
213
0.27568082789124426
214
0.23124547437031528
215
0.2629419878846681
216
0.20015215902216066
217
0.1986562888087661
218
0.1561676908562953
219
0.23521723449005183
220
0.21948126585059405
221
0.2111088840687174
222
0.2623523166844628
223
0.1954749081056464
224
0.1555380454823476
225
0.1560119894948934
226
0.24159075944355746
227
0.21134569806687079
228
0.21130773899000907
229
0.20936179458304133
230
0.15046295113645863
231
0.22564262613710134
232
0.1790624058856094
233
0.14764007050060202
234
0.1779304837298132
235
0.17528280948973246
236
0.3043196441975438
237
0.17778502735242507
238
0.2526745679196472
239
0.27796749403734516
240
0.23068260866781282
241
0.19068536892023447
242
0.20344202990478286
243
0.17322514333107342
244
0.1760980312224885
245
0.18685916986306894
246
0.2754202402665603
247
0.48272109884576586
248
0.2409636302424286
249
0.2518262629933237
250
0.15141225582542767
251
0.2236311181290804
252
0.13197600675455506
253
0.19634278133333685
254
0.24912997989650806
255
0.17561408776418944
256
0.2818747906539304
257
0.17431497329995435
258
0.2643612434608091
259
0.14985023595310784
260
0.15088558356618662
261
0.2074480226199144
262
0.23109917645805214
263
0.17871724877269657
264
0.1977399199902437
265
0.2044546764648528
266
0.41293374232675184
267
0.2465364631189326
268
0.2353740788234104
269
0.17524494312585673
270
0.22978025147247733
271
0.13656830792668959
272
0.21488023558161315
273
0.23049935397883534
274
0.22199932982893816
275
0.6626837228301047
276
0.20912986149482748
277
0.23001691229651638
278
0.1701678179714656
279
0.18285433130207232
280
0.23929656084537929
281
0.5020171367519912
282
0.2850778253610521
283
0.23587009289724875
284
0.17649529191344535
285
0.2676470823748074
286
0.1597421232021944
287
0.1439652184063147
288
0.19936218836100103
289
0.26238268814345406
290
0.21786474496982428
291
0.20074500486677882
292
0.18217314655138983
293
0.16584701422572515
294
0.19075015359531108
295
0.5740757242876552
296
0.21147685624794627
297
0.19508679586208696
298
0.28403416731186065
299
0.2226195694364748
300
0.18006679501999232
301
0.30312791843668646
302
0.22965702949784295
303
0.15871912248789732
304
0.21282404339912514
305
0.14557905345821745
306
0.1760277580031056
307
0.1875221615236255
308
0.2754979245160584
309
0.19043469741164443
310
0.21084791220411173
311
0.22538107442026278
312
0.264752335293472
313
0.39848029407191
314
0.16548100784914335
315
0.17715820357557618
316
0.23537649297532517
317
0.26600081388003405
318
0.20411833454264922
319
0.18724164395734796
320
0.1747566247503791
321
0.17064984370668856
322
0.22189667605717758
323
0.1892875945188182
324
0.26150052606892804
325
0.20102787032735023
326
0.2783720596876645
327
0.20473691795138818
328
0.19755577350766057
329
0.3052075681178784
330
0.20915467235242705
331
0.13700437752055175
332
0.2005689551245682
333
0.16365411537011595
334
0.25217822149146246
335
0.22648106217792124
336
0.28637353954800454
337
0.21872312062764884
338
0.15291831911991735
339
0.2593544266129934
340
0.1562990052601998
341
0.29425003555718804
342
0.23918171355100662
343
0.3158180096798972
344
0.5617060722755243
345
0.16076480040917002
346
0.20836316562556978
347
0.19957606610063894
348
0.18707597209500013
349
0.16887810826829275
350
0.18861503435624186
351
0.20398662395143907
352
0.21424665256023784
353
0.2134195265150463
354
0.22342796109781143
355
0.20603971683355926
356
0.225910757865915
357
0.16496135879654605
358
0.22797285814907375
359
0.25606039263182473
360
0.23578202809451795
361
0.2192190574706127
362
0.17198860724011306
363
0.2707107811516524
364
0.1636919642631056
365
0.25628885409805896
366
0.15487380312879503
367
0.2604886950102981
368
0.4289723395528007
369
0.24993764698025694
370
0.2324489158364994
371
0.185860196158143
372
0.2856153360860641
373
0.19787868345300938
374
0.15570802948960044
375
0.2407042491302036
376
0.2287636079766668
377
0.18839515899555187
378
0.17802598437934966
379
0.25772635600340404
380
0.1365735608825198
381
0.21027410995566953
382
0.24554314705852529
383
0.1568552778061249
384
0.2123997413934627
385
0.17238585489640249
386
0.27729801941420584
387
0.1585617656636851
388
0.19237522950443986
389
0.22609642468087207
390
0.24744945793909076
391
0.18690600239565658
392
0.192924312843601
393
0.23552037118373303
394
0.2264574509459312
395
0.17730814281638235
396
0.26335441929385717
397
0.14266422776043558
398
0.18920490774411824
399
0.16089459355967028
400
0.14911480074642466
401
0.20323521819409165
402
0.3115750566035347
403
0.22769944529218575
404
0.2859388617168665
405
0.15707935624225125
406
0.18303170728997328
407
0.4855232910785443
408
0.19037781866373532
409
0.23425671517207436
410
0.18095230796303152
411
0.17471646922547432
412
0.20982950124062205
413
0.22481564418979916
414
0.2057091061140628
415
0.20270245894443495
416
0.2209784860246984
417
0.17303242057196408
418
0.15869167347471722
419
0.19794647437745908
420
0.2008941960323248
421
0.19251414940262476
422
0.6547271572457993
423
0.2759082367487475
424
0.14555638435818238
425
0.15981327414344823
426
0.2015302867546019
427
0.2997445949573174
428
0.16004336666244914
429
0.26301472493068595
430
0.16893749786689535
431
0.3720496228045778
432
0.18124615779935668
433
0.2066054577126732
434
0.3896141925922535
435
0.16010696367539287
436
0.17225790692995122
437
0.2021854784559399
438
0.256730530065095
439
0.18290436913549218
440
0.5974975275983894
441
0.2916428386972999
442
0.22692490316934336
443
0.1594530552298438
444
0.2179669543477878
445
0.2238702182887181
446
0.351023864516597
447
0.26995963955338376
448
0.46725787739071617
449
0.5458598263910568
450
0.5087860751121468
451
0.1872712283028373
452
0.1858998762504996
453
0.36102608900275646
454
0.19560261323283648
455
0.20698360198381627
456
0.2905880079514965
457
0.302541688092298
458
0.144125207735515
459
0.2021417582704198
460
0.15630510865838113
461
0.36343583980998617
462
0.1707423802015049
463
0.21996576141577703
464
0.22613827732953456
465
0.22138800806020328
466
0.1900296035190601
467
0.21175450789858574
468
0.23955011991231046
469
0.35131946843746814
470
0.20325515047633527
471
0.14065194849301266
472
0.25295401753349656
473
0.22502325009538965
474
0.2040455544711716
475
0.3350062473712989
476
0.18956444680474416
477
0.21580119223671712
478
0.22791470539150938
479
0.19300813676593506
480
0.1856015664746217
481
0.19968271748617636
482
0.2337462788712047
483
0.2073592514778767
484
0.177472715136665
485
0.1867503151916204
486
0.2318821950831405
487
0.23125252688150677
488
0.30115248312795506
489
0.17556852057705286
490
0.27218585771343806
491
0.2616399514157807
492
0.17157629724180734
493
0.1417735383248811
494
0.22868772309944974
495
0.1713604933709838
496
0.16127730677712707
497
0.3996790310354672
498
0.17151708774858176
499
0.21561569090672345
500
0.17811866498511617
501
0.23894065770832096
502
0.29665563045798726
503
0.21907472268126613
504
0.19982901465092756
505
0.32865609585270616
506
0.23748430134904497
507
0.1879135759560952
508
0.2669115586367612
509
0.2551869058674649
510
0.23011270800412506
511
0.21983688352850486
512
0.16543977025694387
513
0.22254873071726713
514
0.23864424024924324
515
0.16993341918450827
516
0.1762396647409614
517
0.2765410089916544
518
0.1900155601493243
519
0.18706428402070818
520
0.29498480671152605
521
0.1897923261691076
522
0.26992534440328003
523
0.2397060646056699
524
0.20506213166556125
525
0.3377328887246351
526
0.16964360936627976
527
0.21078743391141957
528
0.22651223711350515
529
0.15799260090311487
530
0.2311674853373078
531
0.17450356051493257
532
0.1951669130558823
533
0.19685073136418968
534
0.21377971865025444
535
0.16802736074594
536
0.23450504761285967
537
0.21195644441004263
538
0.28390808610084634
539
0.17225375810041985
540
0.2218235671316573
541
0.3345108231749668
542
0.18128444275626232
543
0.2685741945796434
544
0.28944207349664186
545
0.192370476138892
546
0.28709250139814374
547
0.21551219495657395
548
0.28203322878642734
549
0.17371312524645918
550
0.22065516320708414
551
0.164726744000604
552
0.16162083516053916
553
0.1965022929138233
554
0.20159686019270476
555
0.24812395060927805
556
0.2181886527410048
557
0.20522032190166273
558
0.18539791709159748
559
0.1590744024737411
560
0.2295990045591885
561
0.2542731996058959
562
0.17294523907929799
563
0.19554571770333423
564
0.21766620326791916
565
0.17458334820869548
566
0.174251219376412
567
0.2646322830715419
568
0.19534857218093696
569
0.23899692931284344
570
0.17275692789956912
571
0.4886588010337957
572
0.14686819749442886
573
0.2155355873805816
574
0.14782213873900762
575
0.20608644581605143
576
0.25081215488720826
577
0.20785224117051365
578
0.14362471838571453
579
0.24609318273565117
580
0.2539897605788668
581
0.2291572837432437
582
0.1733160548484632
583
0.30978945893723703
584
0.17687372955285935
585
0.15850567067983307
586
0.1820499463296566
587
0.15942555779446116
588
0.14763118114815477
589
0.2258298795452682
590
0.23697363289976914
591
0.1437789176028861
592
0.29032572136571266
593
0.23340797432373683
594
0.20018576135586671
595
0.16521265541984004
596
0.23928926237707304
597
0.2374462561417729
598
0.20438819702569386
599
0.20935193371428384
600
0.3330993554811219
601
0.32244563226248774
602
0.1678613980020217
603
0.16356701787754335
604
0.1905649300305346
605
0.14877614778972872
606
0.24714303604977814
607
0.44487727188180026
608
0.2818689230153446
609
0.1535080101846314
610
0.14477717612042024
611
0.1791021551341995
612
0.26867799843333356
613
0.1843562252784874
614
0.2706322902798543
615
0.25440060313256524
616
0.409616126513578
617
0.44995530177287596
618
0.25853887547489296
619
0.22051560971584735
620
0.5692545155066068
621
0.2630177749263975
622
0.18275176530105347
623
0.2639574593871351
624
0.1529641983122711
625
0.24613182880383153
626
0.16464782181164397
627
0.20787782773867228
628
0.1455828766801788
629
0.17390255799285015
630
0.20701189001018985
631
0.22481459121434375
632
0.26190473766677963
633
0.30447718966610676
634
0.18119435460773833
635
0.19822949309430127
636
0.21083035019397486
637
0.2731696007493798
638
0.16533271327361582
639
0.1904825522315835
640
0.33575384674909026
641
0.23785886389361677
642
0.11044781135432578
643
0.2958056962561707
644
0.23661861366735712
645
0.16988277530167797
646
0.25939751138601014
647
0.246105813335169
648
0.17911611581210377
649
0.16089213802627142
650
0.16985692502360406
651
0.1989806353188029
652
0.2788265589405837
653
0.1785081085376854
654
0.2331471544494001
655
0.2658900087187434
656
0.26749007317613127
657
0.23694798217652718
658
0.2350387764534526
659
0.29723711023538196
660
0.3195406445893112
661
0.1688778989110612
662
0.17281993857000655
663
0.2827715345561056
664
0.4714187426192489
665
0.3076010904324988
666
0.1514888479566031
667
0.15348432423463007
668
0.21382539154758576
669
0.1882260421261628
670
0.2384084275100554
671
0.19305602668302116
672
0.1531679158693788
673
0.28817623282359484
674
0.2360019783435368
675
0.182842258417089
676
0.1671288939803924
677
0.21739273881786567
678
0.16016984122497802
679
0.24147090750186037
680
0.16642967266102635
681
0.17932097489036844
682
0.18008587566082368
683
0.2127396777231106
684
0.2039086732028052
685
0.20531777052347558
686
0.195614511822959
687
0.1625190850932363
688
0.18314223293025278
689
0.33029373586687455
690
0.13817258244219138
691
0.27209741963268996
692
0.2193689103450101
693
0.2259825117025482
694
0.20774606584269703
695
0.2443584209742819
696
0.26551180544181013
697
0.34894513699752056
698
0.21212974032687695
699
0.16303124198344035
700
0.15204916695079623
701
0.19879942715107038
702
0.21723331017261927
703
0.23656092202849457
704
0.1768128882246804
705
0.18987596999165096
706
0.12154318300123831
707
0.24321801134259347
708
0.16018816884272113
709
0.13989848545628583
710
0.16343223087823877
711
0.1834828085354478
712
0.4391490738708927
713
0.18055330884339305
714
0.20837716739802217
715
0.2922825706152626
716
0.2560317792871409
717
0.22928622636721
718
0.1767445990144199
719
0.19631603738541734
720
0.25337448110961386
721
0.3118645691298243
722
0.22086963671753956
723
0.16875859489995113
724
0.2013242298417984
725
0.14388832194192605
726
0.19400348256255484
727
0.17754048407565656
728
0.215188950109491
729
0.33441066806333297
730
0.17649683619394194
731
0.2279687763863333
732
0.18546122995378342
733
0.22236598107975192
734
0.7258784991085637
735
0.17918641397419088
736
0.18262764190212738
737
0.23069360760851204
738
0.3005432216988402
739
0.20412887259443174
740
0.15432512778437904
741
0.2626846088880165
742
0.2588046236667714
743
0.2004103846517763
744
0.29754570438295164
745
0.15734305205451649
746
0.2371947047724544
747
0.31839568322933337
748
0.6634293009453669
749
0.15453991130294417
750
0.16278399644362437
751
0.1866835329983093
752
0.7054794771175997
753
0.19077601087278964
754
0.15423058329355466
755
0.21090083819003852
756
0.19698867007409923
757
0.2570289448624285
758
0.16648383565948616
759
0.2202510046125039
760
0.27884263313713864
761
0.30014719872290524
762
0.45258917400379706
763
0.3100057920080256
764
0.20415173314331728
765
0.18876929939067869
766
0.3116765214130771
767
0.210064316253624
768
0.17485139156345816
769
0.20582720530695736
770
0.2669343031208289
771
0.2149994115613985
772
0.19100414621609366
773
0.15485206465469564
774
0.24219210333723185
775
0.1748264643515991
776
0.1867456049330607
777
0.12893277056140154
778
0.24753739841797776
779
0.2620991580746724
780
0.4873098214181404
781
0.16836578132569982
782
0.17665381411417494
783
0.3395621590357138
784
0.22667824332725373
785
0.22989160024405245
786
0.312449462115056
787
0.31043904219110147
788
0.14947974769230546
789
0.2064444873966656
790
0.23200429391946326
791
0.23169808830630362
792
0.16777517173255607
793
0.1903129808061291
794
0.35687263351201
795
0.1538976276422597
796
0.19420842549250955
797
0.17788325469257496
798
0.20833967271411796
799
0.49072062872808014
800
0.1792448372099516
801
0.24046006921129598
802
0.19333085486897908
803
0.22059891662528353
804
0.20972755785977495
805
0.2451163835080021
806
0.31801379802089796
807
0.15127618391173242
808
0.21133283651844217
809
0.2720958745640423
810
0.3115843912349849
811
0.2692172849907467
812
0.20254458505698117
813
0.25934723551991623
814
0.21007881659932745
815
0.20992595993310362
816
0.19343184571729266
817
0.1777825851879531
818
0.23991988125946148
819
0.33923578911431235
820
0.17274810477549554
821
0.210623282969181
822
0.17378696259199974
823
0.16805260319750884
824
0.16174444744898464
825
0.22592582407586909
826
0.2069748377233723
827
0.27642832567881653
828
0.25234567955112325
829
0.2000626679659752
830
0.19392707224275108
831
0.24924234146203494
832
0.21278281074455865
833
0.2532479062427069
834
0.19400300149804695
835
0.1831262954899696
836
0.15768555965789496
837
0.25007566949185994
838
0.20429296614114043
839
0.19795885567734467
840
0.17772814064625697
841
0.24771544360193748
842
0.306470715338673
843
0.2923617714322375
844
0.2640042411619609
845
0.19415536350083748
846
0.21305539275683366
847
0.13997964937406823
848
0.17685642133817217
849
0.21255474297525873
850
0.24201662439766136
851
0.14727750284879743
852
0.17535082524078077
853
0.1947105097534102
854
0.23779373936858256
855
0.3182885374886954
856
0.29705314795636
857
0.17561378070868577
858
0.1816417106120346
859
0.2507633795288119
860
0.18781542480357546
861
0.1625614524582015
862
0.15132395225762044
863
0.3430376429724832
864
0.19381326669326807
865
0.1482336582320267
866
0.14684388726212885
867
0.14743873333653024
868
0.20183191545263177
869
0.1717258767297234
870
0.1786047592939793
871
0.22333234338135233
872
0.2735732716424304
873
0.2680714340601117
874
0.191295797698778
875
0.38766717202079776
876
0.16833931346932726
877
0.15213762343692425
878
0.17899577826113955
879
0.18071927111167352
880
0.30899272837315905
881
0.14791201631191614
882
0.1518818570470692
883
0.21910582641315274
884
0.26482248730126456
885
0.2199610507369701
886
0.15841694220155225
887
0.23141927494205983
888
0.1975479110051209
889
0.3331935047792301
890
0.23644554421922465
891
0.22686094614669847
892
0.14742224880624985
893
0.1487565734070325
894
0.26761217669959353
895
0.20240190924598828
896
0.18731883563036805
897
0.2346717671729034
898
0.15203608357842252
899
0.21009424596672324
900
0.28712351053710133
901
0.15172482639488533
902
0.3088302969455255
903
0.19427137854974003
904
0.16565170168668245
905
0.20817207776600294
906
0.18258046248911938
907
0.1371473997442951
908
0.236132023534717
909
0.1883305666184238
910
0.2506063818356027
911
0.1965447819683407
912
0.2156508165378875
913
0.222538242569263
914
0.16537785830432755
915
0.16347255874840785
916
0.2371684394470316
917
0.2839279781638739
918
0.19633819200466932
919
0.2907984376198657
920
0.18655646918857122
921
0.2020694697061633
922
0.18015497742818842
923
0.16727202549782139
924
0.24191195988194653
925
0.18570946999444868
926
0.48751682797033125
927
0.19651451754526345
928
0.20463029420661363
929
0.39906021604226033
930
0.1557053125999537
931
0.18293717525374512
932
0.2023610243608155
933
0.17184159626600481
934
0.18423542279249533
935
0.21394677492356487
936
0.1615370712494083
937
0.25757511190611754
938
0.19111592008340508
939
0.28759913315231894
940
0.15480969974972966
941
0.2052315102961481
942
0.14755151096594155
943
0.19013159484584483
944
0.18646547027339877
945
0.17202959527077066
946
0.20165469872303504
947
0.26334839534131804
948
0.13601662601483433
949
0.18240954373011828
950
0.23382492753930662
951
0.2227130688227765
952
0.2502516656498941
953
0.17026881223141488
954
0.19100422782819756
955
0.38391047221655267
956
0.16834696758903048
957
0.18973470892600258
958
0.18507546457041116
959
0.20617955816064212
960
0.2586005362693518
961
0.18513644646784516
962
0.27773696314826984
963
0.1635990833925799
964
0.24310628083804928
965
0.14753431242752343
966
0.14841442574571442
967
0.2841164389320602
968
0.21724087988678417
969
0.22696617819400797
970
0.2055774965531325
971
0.14746159306979686
972
0.20232351620196581
973
0.20885999812938222
974
0.1697278204494417
975
0.14189832058688281
976
0.2680787814396344
977
0.23903643574917724
978
0.21469748343871684
979
0.3108523554263104
980
0.14009657598608072
981
0.25776581533886356
982
0.17073634482645306
983
0.1923093025525221
984
0.2286800694395714
985
0.20040721463393113
986
0.29215665489471176
987
0.5351838430690247
988
0.2689088162721383
989
0.19573928027819318
990
0.17186980356346135
991
0.35185977392067347
992
0.21519414767830441
993
0.23021807546486608
994
0.15142073861237287
995
0.1934624005349551
996
0.21030887798967332
997
0.16666069368810282
998
0.17868259199415704
999
0.16500683864377363
1000
0.229310903854419
1001
0.18520304235013618
1002
0.20344776668170597
1003
0.2155360743109783
1004
0.26757386961095425
1005
0.1905786858745373
1006
0.1849623674907986
1007
0.23923964516004959
1008
0.2112364098132564
1009
0.2849204430772809
1010
0.27352640626330693
1011
0.2334163573042995
1012
0.22122565439529704
1013
0.27719591722004644
1014
0.1643062709019959
1015
0.1687816776229719
1016
0.25208227610113954
1017
0.22389631595696854
1018
0.22503485003209608
1019
0.24511013489362216
1020
0.29225613140962653
1021
0.20113922942726736
1022
0.16512138449758912
1023
0.24354072119326148
1024
0.20134597120313685
1025
0.22158288467808962
1026
0.2515932417875108
1027
0.26007944553936274
1028
0.3102966008635447
1029
0.26191207261509836
1030
0.1911892267255973
1031
0.293184537036321
1032
0.20561313363944678
1033
0.1852912047208863
1034
0.22533168910303583
1035
0.29242341332383703
1036
0.20061911016361617
1037
0.20198659212486778
1038
0.24509169215301413
1039
0.3542593720159137
1040
0.18070124110736463
1041
0.2197985209216447
1042
0.1855233708895351
1043
0.22990535624892217
1044
0.23154931225112257
1045
0.14858758960105384
1046
0.1916970123036909
1047
0.44250012607432154
1048
0.2257790743968355
1049
0.1913289961119237
1050
0.2584091794594491
1051
0.22017256958231926
1052
0.1979646087480651
1053
0.20052145628191567
1054
0.27270916021079555
1055
0.22044665655150572
1056
0.21530969917214932
1057
0.2260058386025472
1058
0.19630900082598515
1059
0.1666466485961625
1060
0.3014327921728074
1061
0.279334318284825
1062
0.18350448316991472
1063
0.19573777107053483
1064
0.21441687797898173
1065
0.1677742795357813
1066
0.3072846877035863
1067
0.22536109092730028
1068
0.28704110850660375
1069
0.2379021200159541
1070
0.18683445562081832
1071
0.30941558333130353
1072
0.19569074668942316
1073
0.30000292932782086
1074
0.241392808516686
1075
0.2694167835515643
1076
0.22343961674667878
1077
0.22293018561153552
1078
0.21245399206410476
1079
0.24435562419058615
1080
0.2651399780170807
1081
0.2725910106985269
1082
0.2005680520717568
1083
0.21081534712771943
1084
0.17016648247535743
1085
0.2221978555910149
1086
0.18890226214223965
1087
0.2574471910823565
1088
0.24395690310510001
1089
0.16843306057831844
1090
0.19446134485262037
1091
0.19400138053372296
1092
0.22692577763596733
1093
0.22441006072717395
1094
0.20786367602763053
1095
0.16642990279244446
1096
0.20640734987445758
1097
0.19278905610195943
1098
0.1855372981726967
1099
0.1703846843036883
1100
0.15479119394263405
1101
0.32809534549838243
1102
0.19812590826228413
1103
0.23117429861325978
1104
0.2308300794939482
1105
0.2179131655657597
1106
0.29119797852776036
1107
0.19246773056185704
1108
0.27321675631645476
1109
0.15150071231680529
1110
0.7424073565471198
1111
0.201629211443031
1112
0.16244047812217066
1113
0.2130275432432142
1114
0.1933203819170528
1115
0.15263201381167085
1116
0.17669876001810159
1117
0.15429945682261423
1118
0.16717601412396543
1119
0.44148745275167917
1120
0.2206064412396117
1121
0.19624349456828716
1122
0.21276306770563314
1123
0.22318414880539997
1124
0.22994240324640444
1125
0.201236958183187
1126
0.26549213904302815
1127
0.22078915401436847
1128
0.21754027873355727
1129
0.23733638757527192
1130
0.18568173654223347
1131
0.19990169724601667
1132
0.15779316423028478
1133
0.24226439246501275
1134
0.16867152705977081
1135
0.1909318887524593
1136
0.22168299088082877
1137
0.2934156811865789
1138
0.20626326357261415
1139
0.1994861376670576
1140
0.15894048783599532
1141
0.17396627936072218
1142
0.219326176531642
1143
0.16470895800408258
1144
0.21921539947761753
1145
0.21657584059557133
1146
0.261491650813478
1147
0.15970309115751666
1148
0.3437742611374142
1149
0.3262207760482159
1150
0.7638222480584386
1151
0.17280175690446026
1152
0.21628536778682708
1153
0.2676214472772614
1154
0.22958891961632313
1155
0.14179725992902475
1156
0.602158355877097
1157
0.19327502591299323
1158
0.734105519669478
1159
0.20134787190652673
1160
0.16145546558842605
1161
0.17759270467591673
1162
0.3024828375141835
1163
0.21572007139502758
1164
0.20663130241628255
1165
0.2836732402260001
1166
0.16784816681486067
1167
0.28434271504192465
1168
0.2959135952601098
1169
0.23751173163828979
1170
0.13100298891613785
1171
0.1944472254190916
1172
0.19999112068282873
1173
0.20480545839111128
1174
0.15831758408695906
1175
0.21865876245204352
1176
0.2589119476145154
1177
0.21859980237034174
1178
0.19188977772806784
1179
0.1822025906168271
1180
0.20360781398215044
1181
0.24268447272131585
1182
0.24200139710220478
1183
0.2738899114722126
1184
0.16931277801739006
1185
0.1454258040692543
1186
0.22525387067424327
1187
0.31663377598273157
1188
0.28982636442137527
1189
0.19719015126147973
1190
0.23032535677558516
1191
0.23979816900589387
1192
0.1950276507004056
1193
0.1608513664523692
1194
0.21091077666098204
1195
0.2110530115690285
1196
0.23769899692066182
1197
0.16050380311266313
1198
0.15722585216014592
1199
0.16886968504833844
1200
0.2177040025753815
1201
0.1709426294049152
1202
0.19332305646708958
1203
0.1828548584720389
1204
0.30606770477133916
1205
0.14791749094288864
1206
0.4237705417065224
1207
0.14521400497218565
1208
0.4473305612620479
1209
0.1750162314707796
1210
0.29832207470568867
1211
0.20775053878352417
1212
0.16534468149645254
1213
0.18791545900663267
1214
0.20481762674514106
1215
0.16669915100680918
1216
0.1850033027816419
1217
0.22983699585554374
1218
0.20860282701004185
1219
0.17374724810439138
1220
0.17537650952698405
1221
0.15410493951585105
1222
0.22530818413562478
1223
0.18888655133333274
1224
0.2314246368731645
1225
0.22473125757814594
1226
0.24580441209162807
1227
0.29726232077029463
1228
0.2121483828823582
1229
0.18008507514032235
1230
0.2558945154504268
1231
0.17593334328544094
1232
0.2523886830863342
1233
0.20349525493717752
1234
0.26536015814718644
1235
0.293005784855126
1236
0.2732630485460668
1237
0.25326374353537534
1238
0.20469703840071088
1239
0.31816696256199606
1240
0.16590646816750437
1241
0.20905661892150948
1242
0.25310463186516374
1243
0.20210899102142685
1244
0.2151519892745791
1245
0.2051315022390059
1246
0.18991290048590043
1247
0.24749182242050938
1248
0.26975048272124486
1249
0.23750879044238582
1250
0.16480280878106193
1251
0.23631701053836446
1252
0.2655771895375555
1253
0.27796801103263896
1254
0.19588428791200468
1255
0.1639975931564965
1256
0.18107416746703717
1257
0.183191508940115
1258
0.15302819493025746
1259
0.19105307176794098
1260
0.15736119801703422
1261
0.33611203903442255
1262
0.15293976538583823
1263
0.20162706789513182
1264
0.17620987420295398
1265
0.2576979520265398
1266
0.2877460930894281
1267
0.37710091898948306
1268
0.16938865348496862
1269
0.21598391466657502
1270
0.1716612713904756
1271
0.16399021839157663
1272
0.23597422714984345
1273
0.19761839046483337
1274
0.18946682925127672
1275
0.1698515589196193
1276
0.22669244391160656
1277
0.1848011577923573
1278
0.15483000659726354
1279
0.25311731334189236
1280
0.17837000228978658
1281
0.21707045825477747
1282
0.31054446262273694
1283
0.2194154678984901
1284
0.17895918316495305
1285
0.21660129579268386
1286
0.18674974261811303
1287
0.18562718444924792
1288
0.21594758900394226
1289
0.2089312620396795
1290
0.18187147361768918
1291
0.18428027708629696
1292
0.2275138894482447
1293
0.3759553181925926
1294
0.19733653014362182
1295
0.2823390758476505
1296
0.23426380751746811
1297
0.2128345370336757
1298
0.20102546934948687
1299
0.17879927077581242
1300
0.4786285763938103
1301
0.23967739667264207
1302
0.18335143188728367
1303
0.406634467376829
1304
0.21738132912034394
1305
0.1496180860159742
1306
0.22849869185546012
1307
0.24483565685862602
1308
0.17071641712083688
1309
0.3123701970019981
1310
0.16819627522474648
1311
0.2964827359310894
1312
0.1881748526108865
1313
0.2405610836340793
1314
0.20540081592031093
1315
0.28982451546113375
1316
0.20681000429930577
1317
0.20928703035085178
1318
0.1785160286114965
1319
0.28472738355490107
1320
0.18740630146757742
1321
0.2152929295553031
1322
0.13878434096115186
1323
0.3474228391322952
1324
0.1855385171482447
1325
0.187916730789918
1326
0.11924131273247193
1327
0.24737187613172978
1328
0.24613602384069833
1329
0.22580839600659258
1330
0.20776555561142543
1331
0.21675764944962422
1332
0.16811182082396037
1333
0.178561195304517
1334
0.17481235051357302
1335
0.19865340787831198
1336
0.20279493038152466
1337
0.3173387160297404
1338
0.2528530529192654
1339
0.1388401819848695
1340
0.19559689536744526
1341
0.1896091988918822
1342
0.1413234961733422
1343
0.23446059638820005
1344
0.19136041934587505
1345
0.17793029523269047
1346
0.2740758897075884
1347
0.22103822530639375
1348
0.2019377296700395
1349
0.22215014710985675
1350
0.19769977395269836
1351
0.16355004818988172
1352
0.1746061864395608
1353
0.1529832663780723
1354
0.16439396536283093
1355
0.21468634687476348
1356
0.19880684117065378
1357
0.1842985387221036
1358
0.3399246964631942
1359
0.17819601310975458
1360
0.20712727273227777
1361
0.20464345162007572
1362
0.1956158139530627
1363
0.17758062872563993
1364
0.1678908501727072
1365
0.23158087577908745
1366
0.18005007920288735
1367
0.14508221261857648
1368
0.26942615197054626
1369
0.18926180217740723
1370
0.2230694426452538
1371
0.25280392692537224
1372
0.22222669721838406
1373
0.30517728128238925
1374
0.1459066270111735
1375
0.2398641165750408
1376
0.16442642991607861
1377
0.1901732765690529
1378
0.17355078803436447
1379
0.2730180397506949
1380
0.20241983316788298
1381
0.2041087252617095
1382
0.42524153271056964
1383
0.15451585492013445
1384
0.20029160122189762
1385
0.23726265936790084
1386
0.15139546326867137
1387
0.22266929262210103
1388
0.1882360835251463
1389
0.17226349752078532
1390
0.20058123358251095
1391
0.2978257070539608
1392
0.18505960284468229
1393
0.19717298536608113
1394
0.22434386493510808
1395
0.1993029597751654
1396
0.1470825578446367
1397
0.2575094114453977
1398
0.18834512871803444
1399
0.19608510506845372
1400
0.15702373868098501
1401
0.2088586768419246
1402
0.1819553188378294
1403
0.21367092061188486
1404
0.23600991771425373
1405
0.4239953752150288
1406
0.21637483863935061
1407
0.29898424821081193
1408
0.1982825884769771
1409
0.22490270344948124
1410
0.22597017524398053
1411
0.1825506590650412
1412
0.1721860330956666
1413
0.17917839732417126
1414
0.1660359637806266
1415
0.27507056856027445
1416
0.19973441749456286
1417
0.16355127947603143
1418
0.23141635842805186
1419
0.20452894942753527
1420
0.17420064504105887
1421
0.19317056923131948
1422
0.3195607821542147
1423
0.2425004921443509
1424
0.1778859071759389
1425
0.27856206715817194
1426
0.22281758298720827
1427
0.15252851875440354
1428
0.30183678693237315
1429
0.23991181898694885
1430
0.1813824068915754
1431
0.2081708952563268
1432
0.19555957006799016
1433
0.18702816308665984
1434
0.19797820842276814
1435
0.24060827751906647
1436
0.20965643481432322
1437
0.1688086241400774
1438
0.23532608230511207
1439
0.21931969234148568
1440
0.227512348295634
1441
0.1664371830717755
1442
0.23121728699513522
1443
0.19626988679952426
1444
0.1845000773661775
1445
0.33346717236686685
1446
0.22785318263182952
1447
0.15529179846378213
1448
0.25248900933666985
1449
0.16122498020755982
1450
0.18390453997332143
1451
0.16028348307177556
1452
0.24954859451679717
1453
0.3477419018742468
1454
0.20920820249841582
1455
0.16618628603910704
1456
0.21414956177134864
1457
0.19984551267512501
1458
0.35390459816271674
1459
0.4427926702709452
1460
0.20085093875105725
1461
0.24293436291578663
1462
0.2890225000681421
1463
0.23271729017585224
1464
0.18747961151107262
1465
0.22825130127162346
1466
0.20125643193907555
1467
0.33038690901151957
1468
0.31445245503106917
1469
0.15469648992096935
1470
0.28726127466559065
1471
0.1756887522752422
1472
0.18231025791595148
1473
0.20469515642179262
1474
0.2464868272222671
1475
0.3312006061400558
1476
0.17373631334368086
1477
0.1904773730110087
1478
0.22569289970012363
1479
0.2604553723768335
1480
0.1823063310796731
1481
0.1804083764796736
1482
0.18170192316798292
1483
0.2279917745264422
1484
0.5957240773911305
1485
0.17264838761763807
1486
0.2895104900349468
1487
0.17231942870225797
1488
0.26038692677650593
1489
0.20293222111489986
1490
0.2202285502551672
1491
0.616870023932687
1492
0.1731302737295675
1493
0.21812599509323505
1494
0.17157967297403096
1495
0.37703639403918604
1496
0.17325824599343354
1497
0.26006617682232086
1498
0.1337398591969535
1499
0.17707095861532898
1500
0.16082280996508022
1501
0.19019905500552312
1502
0.17904431079935387
1503
0.18415668844031585
1504
0.18089942185108138
1505
0.25297606582841564
1506
0.2229188729647157
1507
0.228755273587226
1508
0.20984362582411029
1509
0.19638909547039723
1510
0.38084430323106516
1511
0.195751339162153
1512
0.2686551789183421
1513
0.1710431853227853
1514
0.1572014298063789
1515
0.16768541649976154
1516
0.1514267666245523
1517
0.38895042331961527
1518
0.16776940857153017
1519
0.25272550312090536
1520
0.1422474993784395
1521
0.18742936786234812
1522
0.15153253082882753
1523
0.20158812455417865
1524
0.26984800238454104
1525
0.21182759364861412
1526
0.19855748381092983
1527
0.2613466784968455
1528
0.1711005229579642
1529
0.2271432247876681
1530
0.2298792696904567
1531
0.20112239453096847
1532
0.16927587703449934
1533
0.22502875085331867
1534
0.20494413586762547
1535
0.20617523535072463
1536
0.3035901440635373
1537
0.2146421832322621
1538
0.16682871379791972
1539
0.2034917697807921
1540
0.32020904238341624
1541
0.47199843933114755
1542
0.17480026576517899
1543
0.165914984958046
1544
0.19250806340776594
1545
0.23477422685742452
1546
0.16485981548955392
1547
0.16020202367236971
1548
0.1730467768871487
1549
0.3183692139437321
1550
0.15010516973410853
1551
0.16978135126997457
1552
0.19544619107326203
1553
0.14494732566076812
1554
0.2621299667735651
1555
0.16651466447968147
1556
0.2165714614534105
1557
0.24815283847019057
1558
0.1541830570490633
1559
0.3036399883278611
1560
0.17976680132953726
1561
0.1706817760777733
1562
0.18383506601271696
1563
0.15896888619027824
1564
0.1990451073650859
1565
0.20130197899389105
1566
0.21838056165404254
1567
0.20709839658344142
1568
0.3088939443654934
1569
0.23437329377763644
1570
0.22490080606965776
1571
0.20398926467671433
1572
0.17160996422609848
1573
0.23624877174396625
1574
0.18151174219577287
1575
0.24382597523121047
1576
0.2922032694644074
1577
0.1673117729085689
1578
0.20234249479152236
1579
0.24170299623681865
1580
0.22325374595460545
1581
0.1859396094193492
1582
0.24638544266965526
1583
0.19076523939913168
1584
0.3252422310117901
1585
0.2168842615003915
1586
0.1732946716692074
1587
0.18831548449723245
1588
0.17490672931222698
1589
0.2698678614612842
1590
0.2281570315734128
1591
0.17629287714127465
1592
0.20777053004032459
1593
0.22150516987417462
1594
0.6281316206033026
1595
0.14067734516148817
1596
0.21525157039440884
1597
0.1659279190898978
1598
0.3802463394011427
1599
0.31536768521499836
1600
0.36817949265488137
1601
0.19989069206250587
1602
0.20382221921610663
1603
0.15822403206347568
1604
0.18065415466846765
1605
0.1710080029809492
1606
0.1811643174971189
1607
0.2865853371965377
1608
0.16496151869999812
1609
0.1634994781105282
1610
0.1916865971292407
1611
0.1892547310317296
1612
0.30924440901034944
1613
0.26672427443228564
1614
0.19161873297634185
1615
0.2576851790129071
1616
0.2273019427635786
1617
0.30859563917252364
1618
0.19334991239988514
1619
0.20588801259792447
1620
0.20487611402593892
1621
0.24143751206176609
1622
0.16123673061408147
1623
0.1629802310071912
1624
0.154442605624388
1625
0.19055665455906629
1626
0.33909557928412676
1627
0.26626635126361387
1628
0.2633725065214013
1629
0.227167105269116
1630
0.21985316612352898
1631
0.24281661542198926
1632
0.20535618751523382
1633
0.22250668541234173
1634
0.1524576725025278
1635
0.16360310893319682
1636
0.16149920622595837
1637
0.1767737342488672
1638
0.20148596042972716
1639
0.1556673725481214
1640
0.21472127425000084
1641
0.2618879758247525
1642
0.18163866851838653
1643
0.1445435113608901
1644
0.18134325381479394
1645
0.2954437276639002
1646
0.17508101469177234
1647
0.1991704076565811
1648
0.3173085625981523
1649
0.24818790112880995
1650
0.25442171184454554
1651
0.17017917854718664
1652
0.23009733411153963
1653
0.20676317454779142
1654
0.257251095257977
1655
0.20177260902116023
1656
0.2234196263946329
1657
0.2594284635808788
1658
0.22612025497285035
1659
0.21690131413753558
1660
0.20635890738910165
1661
0.18294297745435098
1662
0.21379701509496513
1663
0.28090109110832434
1664
0.1857240596110125
1665
0.2608868496314041
1666
0.15376948100552257
1667
0.3313219781966069
1668
0.17527167505113367
1669
0.30702786106768987
1670
0.15501041458106124
1671
0.1969628994391919
1672
0.25964206607291024
1673
0.19213816852492202
1674
0.1786581263536938
1675
0.178392172432647
1676
0.1630606646861072
1677
0.2560190568149007
1678
0.2003333001810415
1679
0.24897802531655805
1680
0.2112326190553421
1681
0.26569431871891325
1682
0.22514116074781096
1683
0.1665179974399687
1684
0.24542147851732926
1685
0.2927182355745565
1686
0.28636263635564374
1687
0.17921877593854604
1688
0.17871926642198954
1689
0.14762024354249306
1690
0.18035258497872722
1691
0.29179636382553154
1692
0.19030695297607184
1693
0.22110351608792547
1694
0.39216113801833513
1695
0.27419029851751786
1696
0.2549862652718028
1697
0.31932422456039955
1698
0.24001912054316946
1699
0.13878904174680778
1700
0.18246874351870343
1701
0.1438154375278244
1702
0.3104214510975196
1703
0.21210533874909027
1704
0.18417254724704915
1705
0.34674482779208765
1706
0.1557451091909585
1707
0.15951026184868547
1708
0.21276272508275865
1709
0.17597924738310336
1710
0.15568127480943939
1711
0.2646538217547262
1712
0.40538830333291415
1713
0.19901606924186094
1714
0.36464248177699987
1715
0.2424503477454405
1716
0.24682439025468078
1717
0.16575961210939819
1718
0.23043311870803948
1719
0.1761048727440583
1720
0.24031965580388626
1721
0.4031073487264704
1722
0.3882291948884301
1723
0.2620867411487263
1724
0.16764819659528957
1725
0.17798631300992104
1726
0.3426812065599105
1727
0.16819386612486084
1728
0.13998865128067475
1729
0.24787555016445162
1730
0.1601968330468682
1731
0.184278179372896
1732
0.19275871984728754
1733
0.18488046974808237
1734
0.25734531929367466
1735
0.17877812095729623
1736
0.17841773123673094
1737
0.19208480481528797
1738
0.22825231662942314
1739
0.22648484740477615
1740
0.18896452715709341
1741
0.25027120184683344
1742
0.23481602296507184
1743
0.1583516703276934
1744
0.1633324626192698
1745
0.2946623793575895
1746
0.4909428014479019
1747
0.28366864776719913
1748
0.3781786599098291
1749
0.23853781108755617
1750
0.18062948202520654
1751
0.2355717645268658
1752
0.18258984580022997
1753
0.3626491678601366
1754
0.18624150425721253
1755
0.19575260677339146
1756
0.15756098059313953
1757
0.8420498908191613
1758
0.1568074354083918
1759
0.17120656637063328
1760
0.2319410655885846
1761
0.1732216337227026
1762
0.20484000262339905
1763
0.37772971986850973
1764
0.1768937291549826
1765
0.15106872244750474
1766
0.22271114455051588
1767
0.21308000605552455
1768
0.22332022289839787
1769
0.27941191091315587
1770
0.20775191011814334
1771
0.30921426639846467
1772
0.19434414950957948
1773
0.14089351557760782
1774
0.2249698598052727
1775
0.20442830581958152
1776
0.18991919615441788
1777
0.17199865502341377
1778
0.24900820710421367
1779
0.2135745674148537
1780
0.18475176859176912
1781
0.1569464244179971
1782
0.1847048554605295
1783
0.2597110734733698
1784
0.15087403106153538
1785
0.3617028851762134
1786
0.2622073034152811
1787
0.15495600814792965
1788
0.31961976362687944
1789
0.15658181233130924
1790
0.21938082991160054
1791
0.2685448978653146
1792
0.18264492741981023
1793
0.15925294654509947
1794
0.27225998176364813
1795
0.1718768315401597
1796
0.2002388251935161
1797
0.15807966220342082
1798
0.16606930211322052
1799
0.2756166492183169
1800
0.17122684021628712
1801
0.21756722413021415
1802
0.21174663531767562
1803
0.24617671801693553
1804
0.3332309289831885
1805
0.19671773888470562
1806
0.7006382993885727
1807
0.19973700347829076
1808
0.21835231026814744
1809
0.18163897641124616
1810
0.2330768880163312
1811
0.22135127421221212
1812
0.3398953549079813
1813
0.2081783923251815
1814
0.3146839082252019
1815
0.17705227195235676
1816
0.18722827410510057
1817
0.32362487896017716
1818
0.167363257500352
1819
0.2423229233074313
1820
0.23585962445265668
1821
0.19982379032181583
1822
0.1943696930585213
1823
0.20653327315403647
1824
0.16747795015905
1825
0.25106863816723424
1826
0.1483203713650742
1827
0.23824631624708512
1828
0.1801179194991162
1829
0.22902826001664292
1830
0.16549855195593752
1831
0.2656635750585826
1832
0.23152250123782653
1833
0.23516248683944624
1834
0.3214133733943833
1835
0.19613347307750112
1836
0.22379695144510783
1837
0.3443966452321926
1838
0.2741564085551951
1839
0.2731556013679153
1840
0.12836999992293918
1841
0.20343090876189437
1842
0.2360412253974651
1843
0.17830522280735478
1844
0.19544502485998658
1845
0.22487920150068708
1846
0.18951581604496837
1847
0.23679147189420824
1848
0.28262108902985794
1849
0.1667080907538716
1850
0.17802108310983697
1851
0.19224006565714896
1852
0.20998006659876842
1853
0.19721396130360797
1854
0.17037207907474256
1855
0.16166603857703477
1856
0.16338513173869149
1857
0.23078096762789238
1858
0.1690712751589191
1859
0.1663224094939567
1860
0.18809327059957726
1861
0.26477606880496285
1862
0.1550452760232606
1863
0.19862751276122198
1864
0.20239765891074776
1865
0.14765161199659582
1866
0.2729652530007299
1867
0.2614423980769949
1868
0.32462993374734633
1869
0.20390636822885638
1870
0.17751459260891417
1871
0.21232165638882236
1872
0.23533410920410575
1873
0.3120288183745867
1874
0.2767748948668054
1875
0.22649557405689846
1876
0.16782119508022653
1877
0.17945614941976765
1878
0.18362785473823054
1879
0.19118135415144696
1880
0.20826743555130633
1881
0.21238206374678745
1882
0.17807346228622836
1883
0.20281341227283775
1884
0.15891541356794986
1885
0.19958587129700586
1886
0.23437427526981763
1887
0.8203427539635648
1888
0.21528277942308913
1889
0.16361938338744356
1890
0.20874233487209984
1891
0.25399835495388184
1892
0.2696676971718827
1893
0.4518622035246032
1894
0.18359588439358127
1895
0.15070401826694882
1896
0.3679340667294166
1897
0.15973335511926615
1898
0.1642160582920142
1899
0.19319538021877244
1900
0.21467572242850133
1901
0.17911349732552073
1902
0.13609338698785484
1903
0.14530394084056775
1904
0.2188533237753832
1905
0.19021555599047557
1906
0.23973813582318118
1907
0.24038174897325462
1908
0.32890860736811534
1909
0.18379450453239168
1910
0.21893678138689432
1911
0.16602473150935684
1912
0.23206306490139506
1913
0.16208270266130678
1914
0.20053584758167228
1915
0.24159699586080147
1916
0.16939788265167857
1917
0.20892338268832492
1918
0.22344580835872954
1919
0.14201802222687906
1920
0.23213812393675554
1921
0.34259459026041744
1922
0.2270310111089105
1923
0.2379724545079005
1924
0.15302290835256496
1925
0.23769508757610674
1926
0.2087051789572722
1927
0.15559168568703585
1928
0.26648108906892903
1929
0.1504129523349369
1930
0.20845996869491504
1931
0.19950059532572292
1932
0.17917277904594375
1933
0.2557101086768034
1934
0.24090815595905582
1935
0.19855145803957658
1936
0.15237613007047335
1937
0.2122435811191319
1938
0.16864956123452746
1939
0.19966183327202372
1940
0.16860271564900856
1941
0.29886005819265105
1942
0.1971043621112999
1943
0.205726309471298
1944
0.201185692948637
1945
0.15133020599781918
1946
0.21326974165011267
1947
0.26300232848071425
1948
0.15674460311524205
1949
0.17245245717409657
1950
0.27223136390356834
1951
0.24573287990687875
1952
0.20586811255628815
1953
0.20802358517146285
1954
0.15614655310522066
1955
0.32510345573633653
1956
0.1911389717102334
1957
0.9880229415702777
1958
0.23777910926035462
1959
0.19489238330015804
1960
0.18340970564662262
1961
0.1730292476391875
1962
0.20080957442632605
1963
0.202843962593935
1964
0.14607194437299764
1965
0.15714968226050016
1966
0.20255116653212282
1967
0.20297993179669913
1968
0.20370194276616496
1969
0.41370164449333857
1970
0.22874048101232639
1971
0.4867417101188214
1972
0.19585316835531702
1973
0.19339141264861665
1974
0.23800037146689007
1975
0.25070242082189464
1976
0.2409220078042276
1977
0.33542401858792176
1978
0.31932256519913665
1979
0.23172157936186125
1980
0.17138417835353442
1981
0.16578740376778275
1982
0.2868924605445117
1983
0.1895523388222322
1984
0.22205654154186152
1985
0.217392501251443
1986
0.2433508128958118
1987
0.16579935188936454
1988
0.2143530780811356
1989
0.14688076531283353
1990
0.13650633826449293
1991
0.1496475250996397
1992
0.2171017309511646
1993
0.2383628546564305
1994
0.20982530417922887
1995
0.19207894498121617
1996
0.22324332240093858
1997
0.20708759583140823
1998
0.230114315848168
1999
0.22573106675886312
2000
0.18545113025249874
2001
0.23444242672410395
2002
0.2153104361087933
2003
0.1879692611736609
2004
0.2860890722134812
2005
0.16380326273148813
2006
0.19792787010036755
2007
0.2591752161866919
2008
0.1727440449704544
2009
0.20902925236074532
2010
0.3684609640158945
2011
0.2182827083800939
2012
0.18551402134487852
2013
0.19688930433454632
2014
0.23187757518049193
2015
0.4818474386631103
2016
0.2679109765955498
2017
0.16460873407331086
2018
0.19447551575949693
2019
0.22699902547855044
2020
0.2514883696023319
2021
0.18652395146597683
2022
0.18805759437828035
2023
0.18637007172035136
2024
0.22360483826339334
2025
0.1316377450969778
2026
0.2630002202441569
2027
0.22506062958342304
2028
0.588897142581303
2029
0.28060670385901776
2030
0.20509746468420736
2031
0.2553219782667176
2032
0.15367136204967694
2033
0.30133361292607574
2034
0.16878708491601394
2035
0.17971860054972388
2036
0.23489461386571356
2037
0.2992881133218145
2038
0.17266418593375255
2039
0.15414741979467037
2040
0.1461318175065784
2041
0.22894356328986012
2042
0.1836297623630984
2043
0.19419264944137557
2044
0.20080487965570462
2045
0.22205190112202905
2046
0.1985146907372075
2047
0.21175750598732235
2048
0.2788021436950485
2049
0.17373102429611945
2050
0.2505097856299293
2051
0.28425929272596817
2052
0.2112249449573388
2053
0.3329219238196717
2054
0.17551939631129257
2055
0.2391327292703026
2056
0.29218608969484455
2057
0.14353115082513918
2058
0.15776870751859026
2059
0.2892297447141978
2060
0.16273460828177355
2061
0.12735776750943648
2062
0.13842956004545623
2063
0.22016771576457694
2064
0.22285334761911926
2065
0.16519993572558903
2066
0.2640742492981291
2067
0.16086899735052104
2068
0.2518042398076556
2069
0.21894623735688293
2070
0.24720571069623462
2071
0.18885146191258664
2072
0.20861104379018586
2073
0.17924689584508835
2074
0.15530210531606636
2075
0.206261731943926
2076
0.15756199663192486
2077
0.4295547555146759
2078
0.18977894355016808
2079
0.2728673902378807
2080
0.2917456198851936
2081
0.3701790481677214
2082
0.2593063517371208
2083
0.21518933933225096
2084
0.1619126583061773
2085
0.20372354838209406
2086
0.21649604623143492
2087
0.23175447166768767
2088
0.3857832518722015
2089
0.3175506512434843
2090
0.14726162697729658
2091
0.2772244126776138
2092
0.37311062325023714
2093
0.24098286699583069
2094
0.211325067407445
2095
0.16218619729802491
2096
0.1675533062410289
2097
0.15653902687726073
2098
0.251348514837188
2099
0.15323379314432903
2100
0.291398110407322
2101
0.17845731263108383
2102
0.15511234766196041
2103
0.1881752389381355
2104
0.21937257918930736
2105
0.20665037261820832
2106
0.1817572900327781
2107
0.21387328863721827
2108
0.17925221908686712
2109
0.15710937581015913
2110
0.2146766596068949
2111
0.2501204662909747
2112
0.13946556272113583
2113
0.2284609417824618
2114
0.18776192931180102
2115
0.27835758574155345
2116
0.4290374093508115
2117
0.19558607132135755
2118
0.2227371475803807
2119
0.2061450793901116
2120
0.20885165961782798
2121
0.21515146561609627
2122
0.23251167006026538
2123
0.21614853336003692
2124
0.26284215842257974
2125
0.20756319046920887
2126
0.18768819033081596
2127
0.24263800039682717
2128
0.23634319367883638
2129
0.15688185439708485
2130
0.24920341040600427
2131
0.18519760421491355
2132
0.41214321580917296
2133
0.2663420384616161
2134
0.21945977942025596
2135
0.13374808882585865
2136
0.27040952594873857
2137
0.1452533188057801
2138
0.18040140012407455
2139
0.20214472802537364
2140
0.29779950006899075
2141
0.1749986444400406
2142
0.2076852218181989
2143
0.21130027034876592
2144
0.201139023121011
2145
0.17845702567435948
2146
0.1649991157936356
2147
0.28132695371808675
2148
0.18632251359569388
2149
0.1432582744114685
2150
0.28422150370421523
2151
0.2192289476741511
2152
0.26135086829151843
2153
0.14119484061904533
2154
0.16518668359339192
2155
0.1883129269619499
2156
0.15309177365048263
2157
0.14868383513792674
2158
0.19884656926350497
2159
0.16041005068048086
2160
0.15259995669497883
2161
0.18480691358151166
2162
0.1864438255509287
2163
0.16597714198237035
2164
0.16329222317748643
2165
0.1705824844985375
2166
0.21381322197644834
2167
0.27774174560826287
2168
0.24618450629542418
2169
0.21583457315640361
2170
0.22257598308066853
2171
0.2714273439741888
2172
0.19161275235561198
2173
0.19492552349422076
2174
0.26238478147380756
2175
0.145838447679229
2176
0.641007029632183
2177
0.21056673069010987
2178
0.20184843262569643
2179
0.19821729073222596
2180
0.22713260202347224
2181
0.3132366990137017
2182
0.1605842078384262
2183
0.24155884882803
2184
0.18402104201363662
2185
0.2632964484601287
2186
0.1751891863831667
2187
0.24228614837927862
2188
0.22882360183947445
2189
0.22299175275403627
2190
0.24134785618289206
2191
0.25121670779139027
2192
0.22207868646633566
2193
0.16821013529444137
2194
0.24861812454239496
2195
0.22472464417283236
2196
0.2264609539944477
2197
0.2531612377803831
2198
0.19706202737632608
2199
0.1487272101586169
2200
0.24181331544297008
2201
0.19392005907104481
2202
0.28753219577619543
2203
0.2017932460164211
2204
0.21787308617281323
2205
0.9917790061612294
2206
0.20267591880607935
2207
0.47534309661220175
2208
0.43896024797009353
2209
0.14021474406889792
2210
0.16072286741211456
2211
0.21183460635547072
2212
0.2247843182444717
2213
0.22444394218146313
2214
0.20702262783415937
2215
0.18189152818661206
2216
0.3117618952544596
2217
0.1710027602231983
2218
0.17611191110834654
2219
0.1690054339298796
2220
0.23524901818335517
2221
0.16958400421472294
2222
0.15628613444491685
2223
0.21835707108348104
2224
0.15773710926055218
2225
0.16366872587855982
2226
0.1960453807103384
2227
0.21023092477783425
2228
0.16167754267600334
2229
0.2757151651246727
2230
0.14463434942197242
2231
0.18129536906957106
2232
0.1846627864887121
2233
0.2877655083223807
2234
0.20549400551399738
2235
0.1978050180233279
2236
0.32911861597726505
2237
0.29160298402550033
2238
0.15720372920124215
2239
0.305620460517342
2240
0.16941069232721687
2241
0.22366443028663296
2242
0.5037976245474179
2243
0.25079009392157886
2244
0.4482486217106027
2245
0.21779785158559853
2246
0.23249089823859373
2247
0.18584822506903884
2248
0.2120543913777504
2249
0.1437232348021531
2250
0.21800929948118392
2251
0.17670662904104417
2252
0.14890212035842268
2253
0.21474592424542813
2254
0.2117340642556178
2255
0.17334788883363225
2256
0.1935817559511941
2257
0.14408450122580155
2258
0.3003267362370863
2259
0.17298407130824162
2260
0.16585892921484444
2261
0.26050745005580445
2262
0.6455494562187603
2263
0.2040969353690067
2264
0.2152752335490428
2265
0.27396809896695884
2266
0.21789698581563433
2267
0.2164040082376335
2268
0.19281509404084574
2269
0.280738648145097
2270
0.8618296425495086
2271
0.19302348360398588
2272
0.2852034540835005
2273
0.18331027632922467
2274
0.1716708277164927
2275
0.3167699513296908
2276
0.1841092415752525
2277
0.2270177959245549
2278
0.21492090658154392
2279
0.19605233070877384
2280
0.2873008861976546
2281
0.18698177783154057
2282
0.2919490380863062
2283
0.1887421888156729
2284
0.18357709391142402
2285
0.2024395874504495
2286
0.23406476357997133
2287
0.2930284190609685
2288
0.30495855726606047
2289
0.21513453455693443
2290
0.17582389377601892
2291
0.21153151930437214
2292
0.21781931417070938
2293
0.2017105183195378
2294
0.4053282481846963
2295
0.23491816637144827
2296
0.17482572915254188
2297
0.310429627248095
2298
0.22817574633971513
2299
0.2475158905670971
2300
0.2067210957670626
2301
0.15836913663010171
2302
0.2085395862643543
2303
0.21991201160754179
2304
0.1449075734328378
2305
0.23569828146302405
2306
0.21807524987983426
2307
0.17604930228463656
2308
0.17636168385542828
2309
0.1621091990039543
2310
0.17320237358431845
2311
0.25204174127269013
2312
0.21753590057870603
2313
0.1923487136467619
2314
0.1919954747570084
2315
0.24907880337098887
2316
0.19039368252493633
2317
0.18980201770284488
2318
0.19825568449484104
2319
0.5425001070715574
2320
0.2724321958155716
2321
0.32125109647951255
2322
0.27745993782549244
2323
0.1780185486260686
2324
0.13794177908525926
2325
0.1652784511647843
2326
0.18920304760982756
2327
0.22889562597125326
2328
0.15751516485440786
2329
0.28718416017715703
2330
0.16771126325059638
2331
0.1702746442208456
2332
0.5518636893534489
2333
0.3017334589828849
2334
0.19326218599010994
2335
0.21914055299731908
2336
0.25879069755308653
2337
0.164806843384457
2338
0.16801150717084085
2339
0.3589847820525462
2340
0.21602608530190737
2341
0.4239681715013301
2342
0.3489465428706437
2343
0.185651302818353
2344
0.3252169151079626
2345
0.26128232947952046
2346
0.2035795385488103
2347
0.4131591525861566
2348
0.24563407234537496
2349
0.20715405700227496
2350
0.1359587456761309
2351
0.1928394866603319
2352
0.19603309332728236
2353
0.21975377356115877
2354
0.24509760814826828
2355
0.2415630573678738
2356
0.2525342266540869
2357
0.20856682502885873
2358
0.13958065019267077
2359
0.305586066818286
2360
0.1802882226663148
2361
0.1980595509310234
2362
0.15640217958097655
2363
0.22463080197404836
2364
0.16341675004267428
2365
0.17750821913368295
2366
0.2557491882431875
2367
0.1734389922494679
2368
0.2752944318546677
2369
0.18732370881361532
2370
0.19424571897503373
2371
0.32265715943388007
2372
0.32008037358865715
2373
0.2633332329189362
2374
0.3430383764874087
2375
0.1937532583077986
2376
0.2543132498040791
2377
0.2167028207846778
2378
0.18186462507899193
2379
0.17015240536917828
2380
0.18921943120516874
2381
0.15650838842544745
2382
0.19413469994522578
2383
0.30842141717109
2384
0.18744847699057984
2385
0.2683909795981499
2386
0.22480234698337878
2387
0.23963773417773637
2388
0.33709769360208247
2389
0.3517302772546941
2390
0.18945111568110154
2391
0.18272314228921624
2392
0.17114557715599069
2393
0.20662514167702614
2394
0.36806148304888675
2395
0.15592821081481875
2396
0.20336521550404493
2397
0.17741978185104018
2398
0.17919214305174302
2399
0.3437702701463636
2400
0.6498638213960332
2401
0.2792016280588771
2402
0.17885284190859316
2403
0.24493741820853676
2404
0.17088230894336373
2405
0.2686935994168428
2406
0.26449321091917116
2407
0.1592794349186906
2408
0.19343277826569708
2409
0.244601676885681
2410
0.17274439691221935
2411
0.16412203079226143
2412
0.5209701132459089
2413
0.19463083032486755
2414
0.19626364628052007
2415
0.21205516599301036
2416
0.22999459147221857
2417
0.15761978183514802
2418
0.23587067315655233
2419
0.19954075677960045
2420
0.19184955763349887
2421
0.1997664248846129
2422
0.27103736657988087
2423
0.1987569110374641
2424
0.22703944157213563
2425
0.2035731104605744
2426
0.15567673241415533
2427
0.16133402031563915
2428
0.21367977494767595
2429
0.1428364336329518
2430
0.15569417154620988
2431
0.2115214279746903
2432
0.23610566311587708
2433
0.23860539729170233
2434
0.2008844057575699
2435
0.4072587189559255
2436
0.21226599777006674
2437
0.21771337457600531
2438
0.19354129359062974
2439
0.1620433869496021
2440
0.1506554572039325
2441
0.1777933299469906
2442
0.21553542139028725
2443
0.2146078301270839
2444
0.6118675021387503
2445
0.2869620805986784
2446
0.17984571859269508
2447
0.2114755094478035
2448
0.19987372104049453
2449
0.15069154022278203
2450
0.28874148548491524
2451
0.2266993643868692
2452
0.29450479372570804
2453
0.18397576931906845
2454
0.3019371556458976
2455
0.3164444828035618
2456
0.21718080503678944
2457
0.19079377418409035
2458
0.1810383257807372
2459
0.19093206064195967
2460
0.15665432617114827
2461
0.13950655162235895
2462
0.1845690839614355
2463
0.1886306647024699
2464
0.23966462329274466
2465
0.17295445539197152
2466
0.27377127117264516
2467
0.14781867825001638
2468
0.21538320970300637
2469
0.17627667367128708
2470
0.2043889098803745
2471
0.13727408833736424
2472
0.2897919714923404
2473
0.33875195830047083
2474
0.6589446653863882
2475
0.1889139140662894
2476
0.273848364505118
2477
0.2116613152486859
2478
0.22331838345421728
2479
0.20608679911059985
2480
0.15969066395651801
2481
0.18799342902933547
2482
0.2959364565862813
2483
0.22629179947985567
2484
0.17006606321325538
2485
0.39310619072822783
2486
0.18597970340151132
2487
0.16191106047054582
2488
0.2751617244920381
2489
0.16593017507174224
2490
0.23321328556635101
2491
0.21682978157193952
2492
0.24525969851827217
2493
0.11972426828214605
2494
0.172940218442696
2495
0.15433244284290804
2496
0.22338363572622494
2497
0.18322705565181763
2498
0.2315374518759401
2499
0.20823393171457974
2500
0.17587796354468002
2501
0.19769894838241933
2502
0.31930466758352805
2503
0.21564594072680654
2504
0.5307399450271285
2505
0.2528876498897065
2506
0.2298709606793058
2507
0.19385249958167383
2508
0.261887837514739
2509
0.29441820800489577
2510
0.15263784065810207
2511
0.7927416372944517
2512
0.1833802580534763
2513
0.30278232660208576
2514
0.3257935920841349
2515
0.15262038899565972
2516
0.3312798668357594
2517
0.23178962012307894
2518
0.17595749740137043
2519
0.409650565533881
2520
0.21350676304055125
2521
0.15837939550518088
2522
0.21175122545637354
2523
0.1861720130542744
2524
0.14914953209338602
2525
0.20216727104805338
2526
0.20817307081793304
2527
0.20597914803428669
2528
0.1992438983236108
2529
0.19786020384007091
2530
0.5121072903491802
2531
0.16974634128581728
2532
0.21344450391890316
2533
0.5117868469949532
2534
0.20141498659419216
2535
0.19118716880835881
2536
0.14790567322428433
2537
0.21838287888380717
2538
0.19320991325011425
2539
0.2997348845798878
2540
0.21454588620535467
2541
0.24143340246018857
2542
0.22814001800720413
2543
0.1393266123138551
2544
0.2887963711782503
2545
0.1553620482523755
2546
0.2702503914071315
2547
0.21158561191466788
2548
0.2469933990497492
2549
0.18038797356977423
2550
0.24893071786154405
2551
0.23118301374874461
2552
0.2727804822229142
2553
0.34259196288308325
2554
0.2169233770381667
2555
0.1996464611117165
2556
0.2583999234856713
2557
0.19127543996408922
2558
0.20857573554062
2559
0.21828367193985354
2560
0.28784422225244904
2561
0.1725449952332785
2562
0.2682258994737204
2563
0.15115262966884363
2564
0.15562178534809906
2565
0.3647570997975153
2566
0.19388144397187212
2567
0.15758507609731875
2568
0.3790458161185716
2569
0.1779295912522175
2570
0.1694292850422591
2571
0.4135387498308664
2572
0.19142818291785205
2573
0.721454088444729
2574
0.2789372731604203
2575
0.21465490526785921
2576
0.2166517654027271
2577
0.1924243550691387
2578
0.5434473685915916
2579
0.1580463374927299
2580
0.4868801657136178
2581
0.1601362547791132
2582
0.17593931664160925
2583
0.1886487358430027
2584
0.17077643671701104
2585
0.1432304119157995
2586
0.29800268461639434
2587
0.14657762986192474
2588
0.3270842477217033
2589
0.20078194159729942
2590
0.23293082127002393
2591
0.3011134201202758
2592
0.17930042964632917
2593
0.22010705662771912
2594
0.2181642132961639
2595
0.18169064971311658
2596
0.20056265120328085
2597
0.18429091598861205
2598
0.19155375923154286
2599
0.22140911832460716
2600
0.1936662994997881
2601
0.20925160617504437
2602
0.17426637357983235
2603
0.16806918128714432
2604
0.17704044609768077
2605
0.19793035363666547
2606
0.1747790626425457
2607
0.21522826457109293
2608
0.1754116892251117
2609
0.13583896328824788
2610
0.14432321507706378
2611
0.5661096536201685
2612
0.18370333293863195
2613
0.23787787537995758
2614
0.22330711361084463
2615
0.31732315189321253
2616
0.18424434056705374
2617
0.18335487121855443
2618
0.20294556647103396
2619
0.40322936772438955
2620
0.2217209478440157
2621
0.17512757818787458
2622
0.189737206287079
2623
0.23107369977999398
2624
0.2587985519703593
2625
0.222333049579287
2626
0.17757447151808783
2627
0.1753152697229775
2628
0.2206360506640368
2629
0.17433097277641896
2630
0.3692700202554192
2631
0.15137588337958657
2632
0.20823154997819968
2633
0.27880887697061874
2634
0.203870003710948
2635
0.18242656642819388
2636
0.17370618097563678
2637
0.17650874444768222
2638
0.4861750709962502
2639
0.19225782518403353
2640
0.15649453774266472
2641
0.3897586324155309
2642
0.2833454650232661
2643
0.20765454806387607
2644
0.26579336862687025
2645
0.19569152074464902
2646
0.18442448632017178
2647
0.16272842555764908
2648
0.26732914263626856
2649
0.23815885646473117
2650
0.510377394734792
2651
0.21087577514874287
2652
0.6448758289408459
2653
0.26700322087515566
2654
0.17892541822982239
2655
0.16381545411975254
2656
0.23970756120175432
2657
0.2127872070624239
2658
0.14034663600424488
2659
0.2709020500774819
2660
0.14457278233913348
2661
0.19752301502705563
2662
0.16508761577934059
2663
0.2667692218190019
2664
0.15405726343390463
2665
0.29293703278342786
2666
0.28829181243157426
2667
0.4025314366958471
2668
0.13750646575505318
2669
0.15307904342518053
2670
0.18014032545026187
2671
0.2575188723685991
2672
0.22016366866131254
2673
0.27016752504065367
2674
0.21131499955498798
2675
0.15990953889528378
2676
0.2633682542246647
2677
0.23825084292717888
2678
0.2453252280979133
2679
0.15333525718770358
2680
0.2980273191133501
2681
0.23454318845854263
2682
0.22302139695984463
2683
0.28049835750968655
2684
0.1682932223693606
2685
0.2627587030040182
2686
0.18422081286099212
2687
0.22163699806412465
2688
0.21042291023480128
2689
0.1910645939300757
2690
0.14327352800328913
2691
0.21491358883871312
2692
0.18454008351407497
2693
0.21215617961121488
2694
0.2973812866161928
2695
0.27609378781209787
2696
0.3774049838741397
2697
0.19674723152778908
2698
0.247171507973896
2699
0.18027016560982786
2700
0.1684481509296893
2701
0.25348708538315695
2702
0.23905358817003647
2703
0.21022393708441436
2704
0.19760295667112462
2705
0.1935363298553939
2706
0.5780814527416646
2707
0.18536907879807576
2708
0.24593564997833323
2709
0.17020826270279574
2710
0.17066943113612235
2711
0.2084510206198983
2712
0.15887406705165927
2713
0.3763026707584166
2714
0.2272481578473378
2715
0.2975463847558099
2716
0.17725708359538564
2717
0.1616326147138413
2718
0.1663837031335891
2719
0.16330434012194375
2720
0.19025107814309994
2721
0.17923426285210636
2722
0.2346946942374265
2723
0.369918287046494
2724
0.18742200047553992
2725
0.20138778087647194
2726
0.2049281591187125
2727
0.24256852010938018
2728
0.25748948061130683
2729
0.24104845391563226
2730
0.15507416677584743
2731
0.1742089398473852
2732
0.16977949175272994
2733
0.21742480664155742
2734
0.25259012710054723
2735
0.20570377806449047
2736
0.24532438921466698
2737
0.17951683089462442
2738
0.1314742936433656
2739
0.22359862357361696
2740
0.2060375778924617
2741
0.23232500548342508
2742
0.22247824033532937
2743
0.19488017825119056
2744
0.2387203814917996
2745
0.19412182009477075
2746
0.1581055421138596
2747
0.19470151917125114
2748
0.2376220260382918
2749
0.20046886244124357
2750
0.22594264420771323
2751
0.1629109252248283
2752
0.30320457703358283
2753
0.21745421811149968
2754
0.18524339443155266
2755
0.23642965198979812
2756
0.16186021354018434
2757
0.18670520615851974
2758
0.17153354229608747
2759
0.12449080213171668
2760
0.17232764900091288
2761
0.16824698691689247
2762
0.2117474891198804
2763
0.23768421884174193
2764
0.16052360164460736
2765
0.18435522973672827
2766
0.15700492938951788
2767
0.16155277675837917
2768
0.44334957331920055
2769
0.3320638812992891
2770
0.1584174034766868
2771
0.20973304033303206
2772
0.36260307613526327
2773
0.2910292126174297
2774
0.15329690144690009
2775
0.22654949965877874
2776
0.20494746110109557
2777
0.15936495515788343
2778
0.23296719379312433
2779
0.14634313933563026
2780
0.23646190245538615
2781
0.17938597121616984
2782
0.2479386191330675
2783
0.16741707856673946
2784
0.300668806700694
2785
0.28222343225783375
2786
0.19565276769220144
2787
0.25906452895535137
2788
0.28166265479180336
2789
0.20775628438220653
2790
0.20861913799712872
2791
0.24747298363539602
2792
0.22010620057757013
2793
0.16143491065522966
2794
0.1511384439322667
2795
0.15719223790815587
2796
0.22387782436946868
2797
0.1820427884632765
2798
0.16784866734495132
2799
0.17494750257270578
2800
0.21026577762638288
2801
0.5744496265432407
2802
0.29659582139992435
2803
0.20029208356683287
2804
0.20716049663652883
2805
0.16769186881863662
2806
0.29746945612539233
2807
0.2107340693731505
2808
0.16411925415092
2809
0.17001925351930602
2810
0.21550394360971975
2811
0.34295756060772903
2812
0.2537869234990734
2813
0.1628104428618411
2814
0.24570312041122253
2815
0.20339858929010327
2816
0.27290148990660884
2817
0.15805749403013344
2818
0.21290584112993596
2819
0.1944266263571467
2820
0.22950088320630577
2821
0.18918771509198637
2822
0.15970714779042322
2823
0.2437136279614845
2824
0.18130462367720016
2825
0.17580066697865254
2826
0.2301727054750417
2827
0.24791795563295607
2828
0.16941443680319485
2829
0.17621461362037497
2830
0.19731578067176175
2831
0.16036015842680784
2832
0.22732041269041073
2833
0.3112331348685361
2834
0.27745116559108124
2835
0.20163059647149537
2836
0.17482002117514941
2837
0.22914988876475445
2838
0.18364879321975786
2839
0.252446492603318
2840
0.3045367766974977
2841
0.3372659276700396
2842
0.19902951485732956
2843
0.17282311978147788
2844
0.21696140403844713
2845
0.27252721038097116
2846
0.23462597781152908
2847
0.1825249646642515
2848
0.15356316964673594
2849
0.19469778818759742
2850
0.13607652301382897
2851
0.20032313736370613
2852
0.17608833441916127
2853
0.18877818031058335
2854
0.30796327103243043
2855
0.32108972468936914
2856
0.2453231111618556
2857
0.3115204805321032
2858
0.15833898255761164
2859
0.20797562809957362
2860
0.2272855633466169
2861
0.1919847330203042
2862
0.23027904354085832
2863
0.21490666404955927
2864
0.1802505426987622
2865
0.18739445474312677
2866
0.30533475890030354
2867
0.2472271652274324
2868
0.24579354868669523
2869
0.19200263917595475
2870
0.2402191074204619
2871
0.19010642287107132
2872
0.16545798426029756
2873
0.1795613707207116
2874
0.1592267491385417
2875
0.1561251631712508
2876
0.21013498391732216
2877
0.182053509837893
2878
0.15517716652003574
2879
0.2674392257907886
2880
0.18307064551583818
2881
0.20217824237246393
2882
0.24980349320957598
2883
0.2350268075888439
2884
0.17812333719358842
2885
0.20589016286700815
2886
0.16824960221124338
2887
0.20869053812836832
2888
0.17466107115984497
2889
0.18183376062042722
2890
0.1797540997574536
2891
0.18782512090192666
2892
0.15221266669254735
2893
0.2191128869918287
2894
0.18755491259625895
2895
0.24497355135146473
2896
0.2503237116749417
2897
0.23092192301253034
2898
0.2338293930428929
2899
0.21731900143314267
2900
0.3177630837345004
2901
0.23290009987567384
2902
0.1463235638150855
2903
0.24221754661958075
2904
0.23491545521819795
2905
0.1954385597918403
2906
0.41324703243643707
2907
0.1792355311256066
2908
0.18843693008653786
2909
0.30942019110108093
2910
0.34517750310593287
2911
0.2322446081568266
2912
0.25074374549275097
2913
0.2725419985012348
2914
0.17496369004477685
2915
0.211885898743424
2916
0.20146991170635448
2917
0.18842412652161514
2918
0.3707010375834922
2919
0.16440762967548284
2920
0.1631910435103811
2921
0.22217677892462864
2922
0.26074376215882944
2923
0.15569177277094232
2924
0.19097846576061867
2925
0.20377747260406245
2926
0.22128142541794246
2927
0.19125808285073692
2928
0.19494879883361868
2929
0.25505456057341297
2930
0.19477847923924282
2931
0.16617548308566063
2932
0.19593131201160696
2933
0.20618851368121618
2934
0.23026716004782405
2935
0.1784135127115712
2936
0.18929142815204048
2937
0.3666962405815893
2938
0.3153205446094685
2939
0.19022352903700596
2940
0.2187789935647898
2941
0.2627084639636946
2942
0.2161249513112153
2943
0.20671236387208236
2944
0.21693093994070226
2945
0.1505114696830718
2946
0.21699779440409306
2947
0.1689040941870704
2948
0.2415549908330226
2949
0.18427154311173535
2950
0.22206680339800752
2951
0.20394749072506058
2952
0.21435586100217421
2953
0.20638956308543185
2954
0.16282769387232082
2955
0.20055685519556454
2956
0.2803491789488555
2957
0.19084051407573233
2958
0.24060314604938735
2959
0.25896992459987683
2960
0.1343616727198382
2961
0.17019044758869656
2962
0.33467376394083354
2963
0.21028289849399948
2964
0.2720414703695905
2965
0.24380997449650582
2966
0.14463676334737574
2967
0.2626429567871801
2968
0.27364626145183124
2969
0.22855782432749888
2970
0.15338324038321813
2971
0.31705220105898374
2972
0.17335938684172003
2973
0.14338958674627617
2974
0.24107286900413027
2975
0.33397403941043424
2976
0.20654240909585947
2977
0.14360771325276
2978
0.17287433573730224
2979
0.19355858914426718
2980
0.2657626479262641
2981
0.1441362135015088
2982
0.24672827101238692
2983
0.24618118301266848
2984
0.17234771308423782
2985
0.16189818765356556
2986
0.14243765942303974
2987
0.15712060825951923
2988
0.2432054913663201
2989
0.19591296168212935
2990
0.1752004964760994
2991
0.1708672261683815
2992
0.1857151801805767
2993
0.18178641806475196
2994
0.15529644478996596
2995
0.16363199864115918
2996
0.2138609481487889
2997
0.4467143366144513
2998
0.20653115887043283
2999
Mean MAE: 0.22591909540082702
