nohup: ignoring input
0.33333333333333337
1281
427
1.8854230394401488
0
2.672674243589278
1
1.6397804932529558
2
2.2845210359719212
3
1.741981146695285
4
1.7222560047398745
5
1.6541913431645001
6
1.8902579840202207
7
1.6925861522315488
8
2.006308527276047
9
1.8854725271066721
10
2.526497658340305
11
1.6500514811875893
12
1.8558930374544698
13
2.250742607406365
14
2.5193528998677874
15
1.842091944057047
16
2.2637107842859385
17
1.7609101239684528
18
3.019793061585458
19
1.8168613824548525
20
2.4561815567901104
21
1.6981626923161999
22
1.902533884050065
23
2.0023707753962694
24
1.9551927428249598
25
2.176292110065195
26
1.957076061403333
27
1.5871131144614912
28
1.9068346994884873
29
2.6648756443321884
30
2.4713169069445495
31
1.8480142336278846
32
1.9279256079276812
33
1.9712709769327696
34
2.363797799731581
35
2.7850091868757496
36
1.891439342204325
37
1.967871371722053
38
1.7647854010172666
39
2.3637093238987554
40
2.022139132830859
41
2.5759999794792243
42
2.649281643596356
43
1.8512182822610672
44
2.121315221415073
45
1.801144165060948
46
1.9507102619313323
47
2.7522315141302416
48
1.7681012124576827
49
1.951482903343407
50
2.0939768822172806
51
2.06063927893681
52
2.795004708208436
53
2.034724430485183
54
2.2434949988966917
55
1.8777423657354404
56
1.9781824798541785
57
2.177069572731252
58
2.127513016160234
59
2.0273707694707093
60
2.0957761642505703
61
1.6509955685284494
62
1.7437327383574546
63
1.8652407433843552
64
2.229617861021628
65
1.9599980837179167
66
1.8295338374538173
67
1.7743675771088516
68
1.7685776961741397
69
1.9725053494029077
70
2.5830138240679656
71
1.9800644817505944
72
2.421156971766223
73
1.6974419559537592
74
1.7365268790473956
75
2.2908172763489216
76
2.2173273533104103
77
1.568646563994342
78
1.833164548251275
79
1.726491890173499
80
2.334981591450949
81
2.2807075939003667
82
1.8716688231514993
83
1.6831278174033828
84
1.59009604246968
85
2.27917958029015
86
1.6227991575252
87
1.6859835930915332
88
2.1096787432208446
89
1.6506429538468135
90
2.417819879901373
91
1.7114438046469642
92
2.2047671156197475
93
1.7446122352942948
94
2.2282089825728972
95
1.7835190113724886
96
1.8053420671099376
97
2.566037317432276
98
1.8545485096935175
99
2.184656158707925
100
2.7381004610387247
101
2.4857950845769
102
1.7676326872986965
103
2.1207556147869377
104
2.5454113389395183
105
2.1637931451324937
106
2.1217885821426705
107
2.0113230363741916
108
2.216287868758584
109
2.042968002159729
110
2.35305410887563
111
1.9133720810790569
112
2.586990930556679
113
1.725996719007111
114
1.9319971736333328
115
2.077248776162554
116
2.079654087147533
117
1.7630660440792705
118
2.354656536376193
119
1.8380475300837116
120
3.1561441221493522
121
2.828024634674224
122
2.2538951194437153
123
2.699784070568546
124
2.070116281226943
125
1.9715361641849347
126
2.0509084784845517
127
1.9201255295122344
128
2.1330269203626497
129
1.9544727901254815
130
2.056851287457496
131
1.7260965314611996
132
1.7477010389891505
133
1.7027594891767754
134
2.6206330698825346
135
1.864717175407739
136
2.5296624552686153
137
1.6923530659677457
138
1.8846341137034892
139
1.5356622881393491
140
1.653281333105984
141
1.5494166649995444
142
2.227285923815614
143
1.9951815963215105
144
2.1735557065763853
145
2.212967822803455
146
1.9182270365265626
147
2.4913093593740974
148
1.62207106222824
149
2.6413534491426742
150
2.141298636638687
151
2.2899135708537286
152
1.7687323513774988
153
1.6935127853825995
154
2.4378168316695614
155
1.8355508907463367
156
2.002691186785825
157
2.0404961056558597
158
1.8541915021498312
159
2.0407949148765967
160
1.5634807374987645
161
2.2770967170695795
162
1.7842270214718847
163
2.703888950858215
164
1.845943391604007
165
2.291022991902698
166
1.7907517750460027
167
1.982957822209204
168
2.079811340188173
169
2.0353085139902727
170
2.0798689717008765
171
2.0962565489492384
172
1.5145206675781675
173
1.950142775835626
174
2.065942684012628
175
2.2301220113609515
176
2.4870502241361834
177
1.8721805386239454
178
2.1314980390702423
179
1.7297696625534658
180
1.7395409406807112
181
1.6120090607486275
182
2.096420023236867
183
2.004938599077497
184
1.7861609054916074
185
1.874112923717637
186
2.02825073753601
187
1.9028666442859885
188
1.7611339874013643
189
1.9287221893166056
190
2.385274847244781
191
1.9861910085883867
192
2.7076176172265862
193
2.377571565143446
194
1.6671213911314424
195
1.806510674601938
196
1.9650433106126866
197
1.983958269894172
198
2.6317815259366415
199
2.3452178591461315
200
2.93956579364676
201
2.0676103406161155
202
1.8053340135515425
203
3.0794290898273813
204
2.358093455537795
205
1.9697796533152914
206
2.5719925075626504
207
2.308333935671532
208
2.169123126567884
209
2.4240294995630527
210
1.9827986288169572
211
1.869763533298739
212
2.4451593971821324
213
1.6827038415207463
214
2.412078726594271
215
2.2082134379877387
216
2.812442577882886
217
1.9398853682187163
218
2.67425888545833
219
1.94628630190173
220
2.736541965767247
221
2.261059112067489
222
2.617673426137933
223
1.702929805736532
224
1.8596374746701796
225
2.511915440083715
226
2.214435915168995
227
2.317014959862695
228
1.7003086449479246
229
1.6880244587470812
230
2.1739045678333717
231
1.7831498036601086
232
2.209821029047858
233
1.7382594762566845
234
1.8453425750338341
235
1.7854344443120358
236
1.5807894848063553
237
1.8809653389373953
238
1.7549673399042962
239
1.9359823954516735
240
2.1802681043087997
241
2.127540928449046
242
1.876928320503915
243
1.9007677522999407
244
2.14708759949374
245
1.9888778050390907
246
2.2098175793575603
247
1.850563269099495
248
1.8948834620666595
249
1.903285089505403
250
2.0879116632868167
251
2.0332435972243648
252
1.889913827890284
253
2.424555048356005
254
1.7574550969365592
255
2.0913212954211313
256
1.8090911755743428
257
2.239110082143447
258
1.5321838286115843
259
2.500944140860786
260
2.0306681229551913
261
1.752187042422667
262
1.902037533103842
263
1.7334416626337157
264
1.9620553490484
265
2.0729361003489037
266
1.5929011294353344
267
1.8527824215005837
268
2.4354001182864944
269
2.3059877103585253
270
2.2899747291581822
271
1.7706693285727229
272
1.895408845296762
273
2.8489498938899054
274
2.6154428407552754
275
2.077090665503968
276
1.619030486682747
277
1.6984106061420632
278
2.2661485266831525
279
1.9173348466088742
280
2.031761050294719
281
2.3373063306528596
282
2.311919970993319
283
2.41950267747122
284
1.8227552928706472
285
2.824243929936394
286
2.5169939807945
287
2.5989489824188277
288
1.737227226204355
289
1.8746673231283204
290
1.69578193926004
291
2.440559558320611
292
2.5435365035358033
293
1.7036720977376618
294
2.1198601121653495
295
2.15406703103504
296
1.994640218432185
297
2.0457025390633126
298
2.33119033795227
299
1.6448220045464386
300
1.9791721394060957
301
1.9370636777175805
302
1.6883463701342654
303
2.0510433293350925
304
2.292833498105707
305
2.5549064456299475
306
2.211773172483141
307
2.568151443217746
308
1.8939009760748726
309
2.397468919960149
310
1.6940494093101686
311
2.3988146148593
312
1.9699344761623463
313
2.435017408711699
314
1.8041292903969572
315
2.1655895906390086
316
1.6359272705632046
317
2.0878186270608725
318
2.2060494709724128
319
2.490854673423885
320
1.9898792104440854
321
1.7531025468778407
322
1.669053114935396
323
2.0162490462482734
324
1.7856935255876303
325
1.8344007979251575
326
2.0636153410113063
327
2.5193840061384383
328
1.9862563943352625
329
2.1852974121616584
330
2.38666621361785
331
2.032562037509803
332
2.1703484605270575
333
2.5164003789365106
334
1.792444168486218
335
2.015800917940956
336
2.0985611609873973
337
2.4053209436851795
338
1.727851525939665
339
1.5522568192456903
340
1.9298154588318441
341
1.9088008603695419
342
2.057463085087962
343
1.7420748957508672
344
1.8158312777861887
345
1.8676318798851654
346
1.8626935533184004
347
2.3587003189823244
348
1.909259987438533
349
2.0607233754035548
350
2.1461961957445026
351
2.6339575371737225
352
1.9891224780836037
353
2.18217046999379
354
2.111963605060348
355
1.9982173196557949
356
1.9182775428998908
357
2.3633680935115375
358
1.8803816632305042
359
2.1454141683178287
360
1.972219784261525
361
1.886396314764418
362
1.904316425973692
363
1.5033633293605249
364
2.3134265615711755
365
2.2944138902315365
366
1.9374383369114032
367
1.7597450941387212
368
1.5798775038245858
369
2.3010931704243007
370
1.9312356283250223
371
2.294878319723887
372
1.6092199889852057
373
1.9702661099286842
374
2.3500051466545413
375
1.7371818809896398
376
1.763286549160876
377
2.2730828581175393
378
1.609165642481621
379
1.5780061617656396
380
2.2873728422566164
381
1.7429383021906706
382
2.2386046317204955
383
1.9881569442871894
384
2.487534477474826
385
1.9048112781454474
386
2.2217627804145965
387
2.303174271022954
388
1.9542515585567954
389
2.6691787675053202
390
2.7149730287906095
391
2.6405991422649278
392
2.1289393846266105
393
2.416496385954383
394
2.0460334680259065
395
1.872430088452368
396
2.1935339794311806
397
2.3144667658122677
398
2.546088472027151
399
2.006569445232476
400
1.7201573501196779
401
1.660641928555688
402
1.5973430564078595
403
2.5419313147985227
404
1.9096057586622248
405
2.0408576282442463
406
2.4900914831182694
407
1.6323990113714206
408
2.2728146030000924
409
1.749404410337264
410
1.9007486487497989
411
1.7363276496218658
412
1.5910949991512358
413
1.9344183464747138
414
2.6231813702208675
415
1.8380095341498783
416
1.9746688959549614
417
2.6415360656673137
418
2.1663663329915535
419
2.099831666592113
420
2.0353184455213085
421
2.23563406191273
422
2.2082613218678677
423
2.7733845446329273
424
2.2492465246304287
425
1.7196341524768066
426
1.8384200844830174
427
2.3660287629361187
428
1.7664244925931392
429
2.3703231357384276
430
2.778907562185981
431
2.2828909889537052
432
2.14677381280768
433
1.70163344582039
434
1.840774688077674
435
1.8638812425236395
436
1.8164154926077323
437
2.2748317151627657
438
1.717868057307408
439
1.8033551335165285
440
1.7790309453888322
441
1.953471001055678
442
2.3535906257837365
443
2.5260640624387807
444
1.9713826318392387
445
1.6145042604154658
446
2.4535757040724504
447
1.7991172658438317
448
1.9504809573523154
449
2.1225668143074525
450
1.8901482378356917
451
1.7992893356322612
452
1.7976750941196686
453
1.7380899844952056
454
2.53993700302726
455
1.7369245101444053
456
2.2791325072592277
457
2.2346077566825673
458
1.9833254340748336
459
2.212609075807631
460
2.4295927702590623
461
2.41304755533249
462
2.0469229618346554
463
2.162747063179301
464
1.7431944612987282
465
2.1550536091376915
466
1.595790696748195
467
1.6758643990303106
468
2.4675849076700276
469
1.6355336504404843
470
2.9580893574862457
471
1.6324469197561806
472
2.000792792069783
473
1.8800494017911447
474
2.575376665644405
475
2.1874730171196894
476
2.5372962841819886
477
1.5500461950744593
478
1.716577589690194
479
1.8278827385335055
480
2.249723301683758
481
2.5716303989384612
482
1.8825760237444402
483
2.5675482486030647
484
2.2158080883528606
485
2.361958545913495
486
2.8118554025767466
487
1.909129106045888
488
2.3133817595859254
489
2.397281738555755
490
1.7543890067939159
491
3.1231424460464345
492
2.1583487097230707
493
2.460862392560484
494
1.715167939779076
495
1.9578642778127968
496
2.189002349820867
497
2.0154868445895677
498
1.9485322031476455
499
2.553589439196368
500
1.9796279325974875
501
2.116343461228251
502
1.6767885829617077
503
1.7982878404677947
504
1.8047133255776087
505
1.757613172738729
506
2.0809304157483135
507
1.5526026352270432
508
1.9432253139211697
509
2.496551588584056
510
2.0689696130884743
511
2.051102720950009
512
2.0629779342483765
513
1.7690229933132673
514
1.7479917281826216
515
2.182455819182245
516
1.944765900910137
517
2.350577419754394
518
1.72116248937135
519
2.0031552692129933
520
1.9278579250616326
521
2.270118424621062
522
2.044334190376881
523
1.7950855314498841
524
1.9477974717378965
525
1.8197414657306308
526
2.143699522662462
527
2.1269797871853617
528
2.041289010081801
529
2.4409556938972017
530
1.6098776307236629
531
1.5259362683824775
532
2.047855060367652
533
2.39484609880417
534
2.367947406510502
535
2.5633153186428497
536
2.289744085122447
537
2.041234276154192
538
1.7396775333050243
539
1.60495055551087
540
2.272489328908277
541
2.0316476022397456
542
2.170005349313572
543
2.0172502863920183
544
2.2767038333591176
545
1.9178139642877359
546
1.5682616932129374
547
1.9857697110363226
548
2.430496088546335
549
1.9113845153751918
550
2.475406157764697
551
1.9249944718469283
552
1.786136268607756
553
1.9519970231307457
554
2.1138275549581316
555
1.9357240129051323
556
2.0786911027691977
557
2.35785897129818
558
1.7743919039098575
559
2.311155622214433
560
2.4260570190381148
561
2.086119858312532
562
1.9619554598605857
563
1.8101168537417243
564
1.9515126061124217
565
1.816966431485366
566
2.3485636263120253
567
2.527109376705706
568
2.1049576971255552
569
1.9736006279672864
570
2.174806341935421
571
2.0024109905511067
572
2.2730307795311626
573
2.0020012345351086
574
2.0962777901585152
575
2.405820337775846
576
2.5761558573893724
577
1.7200418177058858
578
1.8385103623789845
579
1.7010792455793184
580
2.407660106083452
581
1.8403928631225408
582
1.625829077422757
583
2.448223439460896
584
1.6006625833086443
585
2.2047619499508624
586
2.292542748230385
587
2.152538136031453
588
1.8747388062364199
589
1.9117265796058147
590
2.3254043134840656
591
2.6520716237965796
592
2.026527861010595
593
2.0131925930723846
594
2.0167464676291043
595
1.9943345808007753
596
1.8665717773833157
597
2.354209210121326
598
1.7550942072436189
599
2.8142593333211368
600
1.7408229968258133
601
1.5992971639584674
602
1.7874886616683763
603
2.2454699088482415
604
1.928518929038655
605
1.8155622877324462
606
1.9082551832600374
607
2.4447935946757493
608
1.7407244152601318
609
2.4778067958937178
610
2.213962115076674
611
1.5347510225575858
612
2.0210980450286207
613
1.8235259190402295
614
1.52729706548443
615
2.599188746225873
616
2.080034231253248
617
1.7641523449619405
618
1.8490027491978065
619
2.3476125359273134
620
2.335683287429174
621
1.7456817558050817
622
1.7915487112853234
623
1.6971679447761427
624
2.6368079046324047
625
1.8202914751684873
626
2.265893174017337
627
1.729889139304011
628
1.7228352465453318
629
2.4828342461284665
630
1.865090678738198
631
2.23886633688714
632
1.9219481386145145
633
1.7463991982238312
634
2.2376084242546903
635
2.1868385731473188
636
1.9312242226248457
637
2.5000757851462247
638
2.2936516118611783
639
2.5960247751522614
640
2.0665861517504043
641
2.2129503589894344
642
2.1185696092488513
643
1.7175128629088177
644
1.8770626292105193
645
1.871055609304383
646
2.185097741654687
647
1.8478097884301694
648
1.8564838074880803
649
1.6959379612500307
650
2.2634727401543473
651
2.071018911619036
652
1.6379304704823585
653
2.047741652184566
654
2.6122567700898913
655
2.05369728245548
656
1.9760251403337574
657
1.5233461377392863
658
1.7038173631580387
659
1.8021850851828285
660
2.0332905000752475
661
2.20205688600809
662
1.6411867170059111
663
2.0507692976845595
664
1.779528282046521
665
2.086307960312082
666
1.9885992628214475
667
1.918661484810127
668
1.983264404297436
669
1.8901944900626337
670
2.2950665749664885
671
2.331675721868792
672
1.9000501167615698
673
1.9511869866212606
674
2.121718811315762
675
2.5158436793104495
676
2.2619880161456316
677
2.137192235213572
678
1.8953239455222401
679
1.7785297203894639
680
2.1127069373689946
681
1.6684231688043214
682
1.9253839359177762
683
2.367041353996644
684
2.3270502372647646
685
1.9877491456907235
686
1.9177586322381608
687
1.9111685756767303
688
1.6442771363831528
689
2.3735088879116115
690
1.7396976570324525
691
2.2799057036770853
692
2.3836022658579696
693
2.2898801179487513
694
2.0266972311036455
695
1.6463340769118626
696
1.795832617618901
697
1.7434862355581477
698
1.8380497821930444
699
1.8159662716353782
700
2.1586016570995423
701
2.0493173118108836
702
2.212313768470979
703
1.9872867566690482
704
2.5937863406050354
705
1.7936896706037027
706
1.8640058004645292
707
1.6407128656806778
708
1.8772862665625936
709
1.947718480174188
710
1.7567890576592733
711
1.459939219258695
712
1.8287005816095139
713
1.647452414997573
714
1.6658590535677813
715
1.9435247629206736
716
2.382936628521286
717
1.5920647204478116
718
2.1109727427058163
719
2.2086766580620685
720
2.098196500828295
721
1.7768627708408153
722
2.4579885509520825
723
1.8197011491406898
724
1.7732033554279159
725
1.671166610342522
726
2.746945825597834
727
2.3182196703907243
728
1.9539858376365957
729
1.643591415787454
730
2.310550936184451
731
1.8318958042635258
732
1.8854055109519945
733
2.041549563412508
734
2.683249871856509
735
2.486742808421874
736
1.8860588199225756
737
2.572235944579236
738
1.5987091387757502
739
1.7272915386228622
740
1.9151840142192724
741
1.8542453761178996
742
2.084222919829373
743
1.7717876816965568
744
1.8116556172525338
745
1.5924614288468246
746
2.020230584004223
747
2.016604285856079
748
2.1035108958147966
749
1.849258112380696
750
2.141646533148433
751
2.2851687777288183
752
2.124958060482245
753
1.6680625638292739
754
2.2502889402676596
755
1.5203903582925056
756
2.440482802479321
757
1.8552377327134124
758
2.211975982372297
759
2.0228994343306015
760
1.6764500143054233
761
1.990687087924465
762
1.7143058664972433
763
2.238113643071216
764
1.8526102451600097
765
1.7916174896983852
766
1.7762820634670622
767
2.2100935242688577
768
1.917079624225956
769
2.0206073079456477
770
1.6918970488514062
771
2.263807718344057
772
1.6869392460133028
773
1.7891774082818142
774
1.8295130269474047
775
2.1347785273571156
776
2.047792652509814
777
1.9102072063281919
778
1.9419780455251943
779
1.6251496142595194
780
1.933122149346303
781
2.6788791034534722
782
2.0217049225563137
783
1.8064906040476
784
1.5372141477185302
785
2.162450523198294
786
1.8105469615280831
787
1.7302120319739847
788
1.965005883616774
789
1.7769978267740931
790
2.173643290984276
791
1.98829216423175
792
2.2414593434721657
793
2.447385491982147
794
2.1937667104501513
795
2.770770116728687
796
1.8631373333720915
797
1.6804520808751913
798
2.4919497380101623
799
1.9092193721412527
800
1.597505838752027
801
1.8374911100046571
802
1.9830925555229055
803
1.8761965841719992
804
1.8520024486946247
805
1.6125109218250941
806
2.511964764389192
807
1.798924735195391
808
1.8568394568116506
809
1.9241296738027864
810
2.0426716217391694
811
1.82059841597077
812
1.756452072064775
813
1.4426497965757563
814
1.6615323933802784
815
1.878301015868195
816
2.187939353313082
817
1.516250573897042
818
2.0535429908832876
819
2.3339383353008496
820
2.137224493037709
821
1.5473601129107795
822
1.6156434444641221
823
1.9497164827203788
824
2.6664535550870303
825
1.9078234650650665
826
1.9426932125018175
827
1.7859592179683028
828
2.0005348881233522
829
1.7702097103370649
830
2.4850671983559605
831
1.6595373400627926
832
2.3000082846486363
833
1.9009718407351395
834
1.764393698892313
835
2.668547268966227
836
1.8164064210570772
837
2.7593003734412638
838
2.048275240420599
839
2.166607692396125
840
1.7667528450543961
841
1.6860204313280842
842
1.8759012644327422
843
1.7517125003177532
844
1.526435201679049
845
1.6939437914562312
846
2.03528933755315
847
2.0007293192741646
848
1.8791603066871185
849
2.298188371157261
850
1.5959834577572964
851
1.9816304827996407
852
1.877758125781399
853
1.8138535553018695
854
1.6268327697711407
855
1.6401210888587343
856
2.592804127953186
857
1.608059148306582
858
1.8846509389995776
859
2.1366712893735778
860
1.5768450126074767
861
2.0455847407503094
862
2.3398611025702523
863
1.6680786631275117
864
2.1056809003009547
865
1.9518226112166537
866
2.2307795812111753
867
2.248655102248967
868
1.770574244951786
869
1.7744392545767376
870
2.3954958171057874
871
1.7494277853373283
872
1.5955589116516355
873
2.0292676686517224
874
1.6919523702115495
875
2.1929981796817595
876
2.2918579421017684
877
2.3771256145894797
878
1.9205859449394465
879
1.613780138199588
880
2.31862097473438
881
2.4308891364557295
882
2.059876893501503
883
2.5363612893515923
884
1.7978058567060773
885
1.8844319841818848
886
1.7986460864783782
887
1.8455095902183432
888
1.8682344819001384
889
2.381369641329205
890
1.7184415405893576
891
2.3476684541483066
892
2.0323742057521477
893
1.9735003447678323
894
1.7578952754504313
895
1.8121764330474102
896
1.7799582228535011
897
2.0228009691083138
898
2.083157684967415
899
2.4706180676896565
900
1.8039884334133311
901
2.1231152507556064
902
1.9012625845031528
903
2.020272950959379
904
1.8887464739307567
905
2.1426124079473885
906
2.347556473714478
907
1.9913653176410968
908
1.916886162805773
909
1.8627270411468646
910
2.257367132475443
911
2.336313677031428
912
1.7398430062428485
913
2.598908745835688
914
2.1602626406251204
915
2.091085236737143
916
1.8327734750416633
917
1.7990031872047927
918
1.9793414212076041
919
1.8111468540084932
920
1.786795285291152
921
2.424351872782638
922
1.7942300377960407
923
1.7545018301637805
924
1.929216691621116
925
1.8936591473828217
926
1.7169011326917634
927
1.5368144717570436
928
1.7331195897378087
929
2.181096064461541
930
2.1327381202176294
931
2.069830413240353
932
2.364566030819927
933
2.543124847011259
934
2.497725334239867
935
2.2704053565443343
936
1.7009042781670167
937
1.98968891818315
938
1.960211602837543
939
1.6545754988419206
940
1.8676295270494176
941
2.6473184262562497
942
2.2093021255735734
943
2.271220556767956
944
1.8734326261933882
945
1.9557093146693039
946
1.716661000036273
947
1.8559931238810632
948
1.890908272448938
949
1.9718752451941128
950
2.307566066241781
951
2.587497666591737
952
1.8816040706391732
953
2.234163515780059
954
1.914482632955921
955
2.1508906973827058
956
2.726557665370139
957
2.008535826578297
958
1.9498285977350425
959
1.9300646618668549
960
2.2727418850859786
961
1.947703911458455
962
1.5189006937390657
963
2.8928054795079152
964
1.8589986925220259
965
1.6000323821254676
966
1.9167204645340399
967
1.6349545699818346
968
2.11393625436562
969
1.8790241074248923
970
2.027105379407449
971
1.881056769973426
972
2.35666735779029
973
2.399310552991987
974
2.3435944505659703
975
1.7166202777916948
976
3.369425931278313
977
2.3406058024397693
978
2.2328486864148114
979
1.6840803588476592
980
2.093799721759843
981
1.9781262708489802
982
1.7214159628687287
983
1.682764479865687
984
1.730512234622776
985
1.6155273433301827
986
2.2505477975784633
987
2.316321221453961
988
1.6494811470863675
989
2.2285484332482053
990
2.6230747098695737
991
1.6857085587570204
992
1.80646456568156
993
2.6752539007774225
994
1.6194952546375807
995
2.6426760562440164
996
2.812673754008662
997
1.675306501924886
998
2.0604995011301264
999
1.944017995090683
1000
2.4453128897128646
1001
2.361327828020041
1002
1.9137401766241164
1003
1.6235341503281964
1004
1.8784806984065985
1005
2.4340529122418424
1006
1.6228531656487446
1007
1.9391938296836244
1008
1.693914751574217
1009
1.9612245132267525
1010
1.5686738477145645
1011
2.2984880641258822
1012
2.1535310894564472
1013
1.842185741645067
1014
2.6692725856758024
1015
1.951676835034925
1016
1.6806384393965788
1017
1.9005210980140574
1018
1.9737441587285909
1019
1.9945566292820411
1020
1.9663726833243762
1021
2.985751680754017
1022
2.472425935582613
1023
1.844760204066627
1024
1.961245576037698
1025
1.9583444062847077
1026
2.080574885437743
1027
2.396637506877119
1028
1.8439940609150012
1029
2.3792936340675577
1030
2.2377973976263106
1031
1.7796217786592228
1032
1.7286103894373053
1033
2.032571975421058
1034
2.0938972765834984
1035
1.5924309909162158
1036
1.983808147563564
1037
2.00376208232901
1038
2.0754880714376274
1039
2.1835671679563573
1040
2.2035807965307725
1041
1.85134304938611
1042
2.3884665364231044
1043
1.9820552421598858
1044
2.605115696228339
1045
1.7715242900754173
1046
2.3514613704605885
1047
1.9958462038367888
1048
2.6974343726192718
1049
2.6058435591058435
1050
1.7567760500740797
1051
1.9316519873669231
1052
2.149003749740911
1053
1.8297774970175378
1054
1.8763676107586693
1055
2.843615810333621
1056
2.805456873597647
1057
1.7846321796305766
1058
1.5008270567609818
1059
1.9016579703398393
1060
1.7880865137686819
1061
1.8349601029782092
1062
1.7687467157802368
1063
1.9474444207216262
1064
2.2209353551344515
1065
2.5179946799825625
1066
2.047056600002378
1067
2.1593808457331187
1068
1.9643815757086476
1069
1.9936400862447727
1070
1.7948572435324255
1071
1.9367308641201388
1072
2.19105445525022
1073
1.866082867903355
1074
1.989396749201316
1075
3.022982475689967
1076
2.6563939009546806
1077
2.2896710235783164
1078
1.7891970944222384
1079
1.8681613521230258
1080
1.7918023671341725
1081
2.0245624780936087
1082
1.8202318824982884
1083
1.8693770913919885
1084
2.7681678214235417
1085
2.2973406270005983
1086
2.5122484704773917
1087
1.811640887008522
1088
1.829317859284834
1089
2.372029067991108
1090
1.9926220289297272
1091
2.254560623007799
1092
1.7856720877065915
1093
1.7196707826275828
1094
2.8833076808276865
1095
2.3065136105471837
1096
1.872606916098571
1097
1.7609588369116442
1098
2.9948358951162968
1099
1.7727141475825152
1100
2.232819969790117
1101
2.25714513540856
1102
2.1104500835339963
1103
2.157028015853319
1104
1.6718130021404114
1105
2.4175318308246463
1106
1.5977002433896796
1107
1.969302367295504
1108
2.0367995706786735
1109
1.8855615274283202
1110
1.9082900162086929
1111
2.502949887079501
1112
2.4172589580061414
1113
1.5997444255007809
1114
2.7117271082088763
1115
2.0738866356456227
1116
1.6203610485791213
1117
2.073448839107991
1118
2.1493842590466725
1119
1.5318938110793268
1120
2.337242820425447
1121
2.8378797213226856
1122
2.239748387511525
1123
2.1374364474287058
1124
1.8486029925450063
1125
1.9518036851257439
1126
2.0732851032363833
1127
1.9141597375195656
1128
1.6711475185854325
1129
1.7557735394034395
1130
2.9495083787811933
1131
1.8092493783135912
1132
2.2700715715269077
1133
2.1827392249141835
1134
2.0495958966397354
1135
1.794606505957457
1136
1.5708659362973412
1137
1.6417813535079793
1138
2.1638447182316476
1139
2.940732404406478
1140
1.7453544687320517
1141
1.8386044726842627
1142
1.8715607637351648
1143
2.0209068128462584
1144
1.6260783004032313
1145
1.5511272713855002
1146
1.995989966597543
1147
2.202693690762836
1148
1.7303792549486026
1149
2.0643385402705907
1150
2.249881511102178
1151
2.0390824248071673
1152
2.275436990208738
1153
1.7814239828877532
1154
2.0841866022560573
1155
2.1714141110169862
1156
1.7885161567761108
1157
2.4167444951621
1158
1.9540391448631194
1159
2.6147322934207127
1160
2.2852257391221302
1161
1.9253273933168322
1162
1.9377849365735842
1163
1.6917553811313097
1164
1.6419365434276167
1165
1.9465709500725723
1166
2.1221357078911884
1167
1.7862008473095903
1168
1.7219873035059448
1169
1.7118079861793247
1170
2.1065295818441743
1171
2.298786488040255
1172
2.2490870964491076
1173
2.397470171323254
1174
1.8157767886330842
1175
2.0024301539385614
1176
1.824260908232637
1177
2.319857721883937
1178
1.6842144679214053
1179
2.2502055195508777
1180
2.7574115396867853
1181
2.6789562810818492
1182
1.879361536145733
1183
1.8094524371534644
1184
1.9375823538625732
1185
1.7905674588174543
1186
1.606337122263405
1187
2.2522732496135855
1188
1.61041376859207
1189
1.865199525987983
1190
2.000938462897142
1191
2.6395035772253572
1192
1.786266798222105
1193
1.8928288462699419
1194
1.93404513141314
1195
1.747395645948616
1196
2.7758479534462746
1197
2.2420820278834435
1198
2.8378396538617805
1199
2.3846634060126073
1200
1.7204788842086283
1201
2.1585438169944755
1202
1.8939133924866123
1203
2.180767607076192
1204
1.4688332400927708
1205
2.3513855249842117
1206
2.4495765961538787
1207
2.014252090750925
1208
2.1428860161389145
1209
1.8311168994175855
1210
1.6341744895507861
1211
2.001363395596175
1212
1.8891590197803882
1213
2.379248659237276
1214
2.3207485274773223
1215
2.488395617686173
1216
2.588512491961251
1217
1.7779592192546463
1218
2.012781069376097
1219
2.307669060543934
1220
1.9074967453290985
1221
1.984701293978119
1222
2.8241235504446465
1223
2.409231559240105
1224
2.4350143939394457
1225
2.0413807928115277
1226
1.4596586525216881
1227
1.8315467249182398
1228
2.0074989706540145
1229
2.3145232868397896
1230
1.9435451796953744
1231
1.908386128844112
1232
1.5381415400078142
1233
2.3671805994434147
1234
2.0333465316633026
1235
1.8790369642474984
1236
1.5680380438095776
1237
2.7951340442396777
1238
2.1308538083053805
1239
1.8771976703983022
1240
2.206485089528219
1241
1.6826195592738222
1242
1.6430714676770595
1243
1.8075143799866422
1244
2.0783971418764065
1245
2.591364533390845
1246
1.7335189775027868
1247
2.0477473396589043
1248
2.179936900822034
1249
1.854024533219424
1250
2.1216786592349646
1251
2.1610249385364364
1252
2.599550343248919
1253
2.0368179096863184
1254
2.3538872055380504
1255
2.006655265058869
1256
2.0903278481140286
1257
2.3738627189431636
1258
2.015517070430631
1259
1.8048799385008412
1260
1.862920940617577
1261
1.6939162923045683
1262
2.0151807138684
1263
2.4245731687461274
1264
2.1875405979701616
1265
2.0641740828489015
1266
1.893820027075718
1267
2.0860968707623604
1268
1.8860070861796345
1269
2.7605412227932655
1270
1.906075622355224
1271
1.7733096453275357
1272
2.3630685263636435
1273
1.8084776770542914
1274
1.736323866376727
1275
2.122076171765996
1276
2.243073970600755
1277
2.422940122026742
1278
1.7960303054743414
1279
1.7290231329391141
1280
2.2426201700423123
1281
2.614936106198492
1282
2.398821975825611
1283
1.7856075770081867
1284
1.779587220577372
1285
2.335314659386104
1286
2.0945596204915464
1287
2.1847909366593496
1288
2.8584853565474577
1289
2.1459157625043748
1290
1.9751454074906583
1291
1.4646929417969985
1292
1.9892921673847905
1293
1.8348227954006089
1294
1.7711827635568496
1295
1.9428138223545888
1296
1.7499801223354983
1297
1.9346925383240448
1298
2.2594335513251482
1299
2.011265420802485
1300
1.7970211482808767
1301
2.1126984177525734
1302
2.3060748560460653
1303
1.7153484210012802
1304
1.9646323690835852
1305
1.652164090031272
1306
1.6093188966204366
1307
1.9809155487559373
1308
2.4164118069788323
1309
1.808309169638929
1310
2.2745310260277543
1311
2.251521986588912
1312
1.8166195362276023
1313
2.283159285726944
1314
2.286603165523779
1315
2.5014580542323164
1316
2.0409441285283774
1317
1.8676485161553746
1318
2.4576115951683635
1319
2.6252375883343335
1320
1.7865881526998606
1321
2.059524281654539
1322
1.8197284856736347
1323
1.927872836184185
1324
1.9332772326113452
1325
2.6759013008255814
1326
2.108863668352166
1327
1.7433881817554429
1328
2.0765605208557574
1329
2.9611081974876736
1330
1.9695524318643751
1331
1.9313747226271438
1332
1.6756370951439281
1333
2.2195577374658626
1334
2.2683360342885135
1335
2.385495071011075
1336
1.7446078243778362
1337
2.2218764377311837
1338
2.4494588974554254
1339
1.718790363005332
1340
1.9592363274005935
1341
2.3713095883348787
1342
1.9811806913503285
1343
2.006884550790389
1344
1.620898812766309
1345
2.1942501807087904
1346
2.0425815589858427
1347
1.692695614363714
1348
1.9017004265750062
1349
2.3966629777433126
1350
1.5367065188235618
1351
2.5692420064270842
1352
2.758583110531873
1353
2.3383104480625
1354
1.7131868869223787
1355
1.6714928645188571
1356
2.4998191111471795
1357
1.5467108158545173
1358
2.1262093825893693
1359
2.022601384748644
1360
2.484617853564974
1361
1.69123758948832
1362
1.8228326256642529
1363
2.3861531084451446
1364
2.107925890390378
1365
2.600998075533823
1366
2.322849173007145
1367
2.7008968003667277
1368
2.607429626501237
1369
2.7744660584142187
1370
2.116393565546688
1371
1.7022194849006718
1372
2.075281444045197
1373
3.202855297470157
1374
2.156164166112483
1375
2.7727870222908595
1376
2.798284044744782
1377
1.9439532333319707
1378
1.9079769148921863
1379
2.2684872447542066
1380
2.3352491013180265
1381
2.0079013123851315
1382
2.1078277193771338
1383
1.8655296251240818
1384
2.0960974590713572
1385
1.8356951822365386
1386
1.8345821850307147
1387
2.4668734299376323
1388
2.379526424485647
1389
2.0955973137249573
1390
2.4774933048495233
1391
2.825988673578041
1392
1.9593034006397976
1393
1.9122478170225783
1394
2.1501450464245933
1395
2.136806665511333
1396
2.04525302631032
1397
1.6885006163279381
1398
2.3285017506823356
1399
1.6995232651155576
1400
1.74337079642889
1401
1.665162649651164
1402
1.787318863245462
1403
2.6035428832692484
1404
1.6399183344436135
1405
1.9659592071563112
1406
1.9421987674362944
1407
1.826155504250459
1408
2.4463445790083536
1409
1.8480827455481517
1410
2.6084535179387296
1411
2.37757406058723
1412
2.1847706790840338
1413
1.815966558096997
1414
1.9339044862611912
1415
1.5880417059655094
1416
1.9117789738050044
1417
2.666352550408693
1418
2.0089548366815615
1419
1.5863018056918845
1420
2.5741619168109744
1421
2.104804028332979
1422
1.700890056167104
1423
2.130029551763354
1424
1.821108136157829
1425
1.8668209665868476
1426
1.8663582972065735
1427
1.732993142288681
1428
2.1333377434662117
1429
2.173067034994306
1430
2.04773119577739
1431
2.149583568736262
1432
1.7533709728260198
1433
2.238274963736059
1434
1.7830359759332424
1435
1.8895761282071175
1436
1.9554945334477116
1437
1.839856327173577
1438
2.2353169859086925
1439
2.429429358091269
1440
2.0716057312376353
1441
1.789851513930095
1442
1.8823394206762138
1443
2.4290474707817062
1444
2.227905678309915
1445
2.2581838950603492
1446
2.0617154845367014
1447
2.6347248426779104
1448
1.713557969496193
1449
1.9102421788796708
1450
1.8267842597227828
1451
2.204073123788473
1452
1.8277011242533157
1453
1.9365293158158623
1454
2.8378964509064564
1455
1.6086852551714934
1456
1.707454668736104
1457
1.8849866181943677
1458
2.6446322592560803
1459
1.8338052613805689
1460
2.7377021123001226
1461
1.537435045948846
1462
2.186497224847982
1463
1.594763752363214
1464
1.7210986470273277
1465
1.9035314902573879
1466
1.9655029753591904
1467
2.036815362361622
1468
2.1646506418385028
1469
1.8198004099401368
1470
2.2050967881367045
1471
1.867488659191359
1472
1.7537938215178772
1473
2.417429338226228
1474
1.70579654403126
1475
2.4930616784849673
1476
1.7785551964213648
1477
2.1475256405093934
1478
1.9495551022244784
1479
2.4225573796800925
1480
1.9680845483943434
1481
1.8954816632782703
1482
1.722681508729846
1483
2.1745632835528985
1484
2.3135238576478487
1485
3.096581491326815
1486
2.212243576259663
1487
2.7788123001051015
1488
2.263219128541596
1489
1.7275810106341125
1490
2.3198002380246328
1491
2.377015911767858
1492
1.7653746329706599
1493
1.6812170117313998
1494
3.1444724584383126
1495
1.7200805555424905
1496
2.0800121115797108
1497
2.0980618127368094
1498
2.207623319252364
1499
2.4330005741126985
1500
1.73449444472381
1501
1.7059856182167976
1502
2.001189550209345
1503
2.7864116506940864
1504
2.3153366326085583
1505
2.0559941566555686
1506
2.3184450557400007
1507
1.8288259811981287
1508
1.9198246237486847
1509
2.177054537446118
1510
1.7151393218245603
1511
2.7416037410587233
1512
1.6484236379980763
1513
1.8145642300566664
1514
1.8400981379991515
1515
2.0556048216953493
1516
2.02801820329253
1517
1.9805123585388142
1518
2.281204451164554
1519
1.9874650979443687
1520
1.9466396035494857
1521
1.7728665150765746
1522
1.7803423205961506
1523
2.312516318209152
1524
1.685865631792709
1525
2.957616337096793
1526
2.125911629449326
1527
1.7843166539896593
1528
1.7617946934164017
1529
1.3839901083370345
1530
2.047120026814996
1531
2.0297768851869167
1532
1.7554435016455188
1533
2.448356449836691
1534
1.76329663104708
1535
1.8689870857189483
1536
1.5753800742163226
1537
2.2286900551858264
1538
2.0912608072626133
1539
2.1805058440906038
1540
1.7805985902816974
1541
2.3007750858554026
1542
2.090031886199209
1543
2.246917634678613
1544
1.8980145611319006
1545
1.9384896341085327
1546
1.7318131935770376
1547
2.1884379258618876
1548
2.807504269420717
1549
1.7819342235925926
1550
2.7688362739104058
1551
2.029877878085874
1552
1.8115399530020355
1553
2.0156415859802466
1554
1.8299177277629375
1555
1.8304423314614995
1556
1.721731750887878
1557
1.9503822442695398
1558
2.12537519666811
1559
1.676195976564508
1560
1.7296671914837631
1561
1.8156838403358238
1562
1.932985301917125
1563
2.0544373381882175
1564
1.9895394087807072
1565
2.672149167615363
1566
1.9362659348929854
1567
2.398539993696114
1568
1.760283793316643
1569
1.6900865475999445
1570
1.8368977869372332
1571
2.0232466746998297
1572
2.6671134751847507
1573
2.777903079612912
1574
2.4997281275784093
1575
2.103370623418204
1576
1.9114346889164415
1577
2.9472424807361763
1578
1.8937403751603832
1579
1.6579904252303954
1580
1.9524528886797747
1581
2.399352189434859
1582
2.6512346494342185
1583
2.2381045206316315
1584
2.172953021144297
1585
2.1064471071094126
1586
1.8264318469092515
1587
1.891569909387893
1588
2.22789930814824
1589
1.7718861990752186
1590
1.909668312287916
1591
1.944985854442393
1592
1.9228953630220007
1593
2.5910023851195985
1594
1.571469476279158
1595
1.9176183556964947
1596
1.8925890170751998
1597
2.538862182994748
1598
1.6908477075828747
1599
2.1750656207807566
1600
2.426322539510616
1601
2.2338930772295953
1602
1.886876160722861
1603
2.075311410119507
1604
2.1075349176806726
1605
1.5631455520601683
1606
1.830567021751151
1607
3.006677870969076
1608
2.6577188328612977
1609
1.5921614177034362
1610
1.8325037659650425
1611
2.5750386830708605
1612
2.3405644898017326
1613
2.30276045057263
1614
2.1676924152380317
1615
1.9521079317244232
1616
1.86150053776781
1617
2.287567180931672
1618
1.8302838822035494
1619
2.5420479500988344
1620
2.129482534745684
1621
1.9606539291143301
1622
1.9069611157030575
1623
2.439904012370998
1624
1.8573713933609801
1625
2.525023267506827
1626
1.8829662130193976
1627
1.6579069814463585
1628
2.0332040742160205
1629
1.9335890545110284
1630
2.7352899920493043
1631
2.097601166453555
1632
1.8812099550360086
1633
1.760621197953327
1634
1.8930817695782587
1635
2.32650866912489
1636
2.381303742018142
1637
1.5404592472891625
1638
2.20886743856995
1639
2.0020654121451305
1640
1.6236486073088143
1641
2.1001869125923713
1642
1.930821328717293
1643
2.135304819405734
1644
1.8323031619073538
1645
2.3038948303168727
1646
2.2462844829218738
1647
2.0267421496821214
1648
2.493291645349586
1649
1.9598575474928734
1650
2.089358604139464
1651
1.6528597195479935
1652
1.5528853672139498
1653
2.1601454299785816
1654
2.0185451992183383
1655
2.181482505347328
1656
1.6788185883027773
1657
1.9328973420322866
1658
2.456910356999769
1659
2.2311316695165613
1660
1.9800265838605888
1661
2.45945866050546
1662
1.6701906137441154
1663
1.9755423738231634
1664
1.8735208174428826
1665
2.220924064459037
1666
1.8481553493598724
1667
2.0382631363370787
1668
2.095636890100752
1669
1.7229251812905089
1670
2.1006668690959582
1671
1.7189844174486044
1672
1.8875500107466465
1673
2.1114643738196497
1674
1.7280361279904077
1675
1.5151911825244724
1676
2.1946323127076073
1677
2.3475888430062213
1678
2.1557595325786756
1679
1.8866678133366612
1680
1.6566695037377972
1681
2.7718234091773746
1682
2.192917504594497
1683
1.873565995572803
1684
1.9491925188355392
1685
1.6216524069950045
1686
1.708539232465661
1687
1.9324637729685974
1688
2.3225294491663293
1689
2.7346149112133578
1690
2.0811689502849484
1691
2.037321182657057
1692
2.470601602214671
1693
1.7155310459236506
1694
2.1584198402738095
1695
1.9570102259805233
1696
1.6751282576004973
1697
1.895346261822907
1698
1.660057140531212
1699
2.002962728907057
1700
2.5447357495313656
1701
2.0366819441443376
1702
2.5018589799044033
1703
2.6495694111738617
1704
2.1844207165919696
1705
2.619058720997084
1706
2.436120785557157
1707
2.190298201060847
1708
2.5890888652718638
1709
1.6626652730962124
1710
2.059732779756639
1711
1.6064677044303664
1712
2.188393779189235
1713
1.8266747158318868
1714
1.74707041958826
1715
2.1951599056956383
1716
1.6018264609518413
1717
1.9647878641564858
1718
2.191426331133512
1719
2.2476611771140473
1720
1.9116211146634359
1721
1.7263047680528814
1722
1.88215967071187
1723
1.9001997299414755
1724
1.8044722155065227
1725
1.8838518391307775
1726
1.622587408530737
1727
1.7753898110096495
1728
1.8768451347852892
1729
1.5948752548461826
1730
1.7372433734160717
1731
2.3072633121706563
1732
2.0290821291450607
1733
2.007159389252933
1734
1.8450629537346919
1735
2.309402623489398
1736
2.4737884408846114
1737
2.1579410849600698
1738
2.1715966442242562
1739
1.9292145435790842
1740
2.5687660577692073
1741
1.7992114497025118
1742
2.5743524757996123
1743
2.642783748526493
1744
1.9500648955191366
1745
2.1252735653608354
1746
1.9759970007985652
1747
1.586415010853898
1748
1.4520258540732456
1749
1.861832802581056
1750
1.918753842886755
1751
1.7821821143134156
1752
2.2961693542698898
1753
2.0275793691331954
1754
1.9377445080703801
1755
1.9076228043107109
1756
1.8684521697453549
1757
2.190291482531004
1758
1.991762529624188
1759
1.55620446790656
1760
1.9692324210002619
1761
1.8622820610639224
1762
1.7665051189378356
1763
2.270212423239975
1764
1.7158965023618613
1765
1.7532497419912032
1766
1.6369710986907546
1767
1.7947130364385802
1768
1.5621122414256754
1769
2.1760212816840863
1770
1.7573029315598445
1771
1.8210331092190224
1772
2.004054561499167
1773
2.301457388929583
1774
1.8074137733713878
1775
1.6350087037057914
1776
2.1282864201166016
1777
2.5516428601909085
1778
1.8771196744438974
1779
1.9774031311536548
1780
2.118990858613764
1781
2.0391516339050533
1782
1.9524002142489685
1783
2.3154015934846335
1784
2.0343983910264702
1785
1.6327754959525864
1786
2.5174418486103383
1787
2.2159109334719975
1788
2.0895412978297254
1789
2.4752546262050052
1790
2.3820360600027803
1791
1.6304998948019838
1792
1.610475042339787
1793
2.2717934276762635
1794
1.9551870501266435
1795
2.077354271948868
1796
2.1859131226742203
1797
1.9049100288234089
1798
1.9596846289824983
1799
3.4438637780616146
1800
1.9702402198720348
1801
2.3113644915473617
1802
1.9648096471087015
1803
1.7230710591872236
1804
2.639894873454503
1805
2.19881601155783
1806
2.282331073003254
1807
1.9334677768783672
1808
2.0292852392949547
1809
2.686588160281138
1810
1.7850250269717576
1811
2.025635132161461
1812
1.8452320831381017
1813
1.7348263084566016
1814
1.9928552005712779
1815
1.7633372405680439
1816
2.5216915884224167
1817
2.005328240934469
1818
1.7551262830264263
1819
2.069468608389421
1820
1.8755611479719159
1821
1.7134660126896823
1822
1.6722873536195786
1823
1.5480650927167083
1824
1.770415166080061
1825
1.8620533152147918
1826
1.7282519672811878
1827
2.848284482467409
1828
1.7379734955709076
1829
2.141417157086601
1830
2.359113151932068
1831
1.7581869193249053
1832
2.054278524652063
1833
2.0695931717758795
1834
1.6178474497817181
1835
2.584021826458717
1836
1.7119103186624065
1837
1.8195928057080355
1838
1.7066138307248786
1839
1.8598188094831514
1840
2.1891247362136994
1841
1.9367259694940535
1842
2.2094553719759222
1843
1.7753426164482968
1844
2.0070757369850765
1845
2.036140694057769
1846
2.6017735656091876
1847
2.8827998328593822
1848
1.6796274216550044
1849
1.962838166559915
1850
2.03009476358535
1851
2.407174138930431
1852
2.8572598589306595
1853
2.445546059333131
1854
1.8505324488309953
1855
2.1098127985432265
1856
2.021767475039075
1857
1.777217961546044
1858
1.7699472416082003
1859
1.860004407553726
1860
1.536771152206552
1861
2.127631702999676
1862
2.3194171704820645
1863
2.0847473982258427
1864
2.140200125473057
1865
2.082923146529653
1866
1.5946061415752413
1867
2.203194629304951
1868
1.9545439771974176
1869
2.0461216932944364
1870
1.988415171040832
1871
2.018789517310708
1872
1.7570786625114034
1873
2.1904084132541106
1874
1.968976678453042
1875
1.9894857735738343
1876
2.433266077727236
1877
2.3848915188754933
1878
1.7799986554577336
1879
2.0850252830826936
1880
1.6724844642941452
1881
2.183372330579302
1882
1.8529856622168335
1883
2.258073601107577
1884
2.0617208844185604
1885
2.459980103035321
1886
1.7189237622941198
1887
2.3534209341557433
1888
2.0694095343227
1889
2.7710927538892762
1890
1.9689504231325823
1891
1.5397733804400606
1892
1.6501252213282611
1893
1.5989601255944421
1894
2.722211296812534
1895
1.8609027246982115
1896
1.7664682626095711
1897
2.4666288708540516
1898
1.913867424283692
1899
1.791762233174409
1900
1.9178548661842771
1901
2.2882953831263277
1902
1.8819306986708624
1903
2.022775619418814
1904
1.9906948643035585
1905
2.4287728775834743
1906
1.9707185919542565
1907
1.5362814757002363
1908
1.7621298222233548
1909
2.291434080067115
1910
1.9062832603471027
1911
1.8805023071055265
1912
1.9236563921833127
1913
1.8890110420319897
1914
1.661049793338872
1915
1.5574186748942171
1916
2.717244000008907
1917
2.7928625097925304
1918
1.9959621420296598
1919
2.093484287887305
1920
1.8245959331354775
1921
2.7664420418404645
1922
1.6984821645351704
1923
1.9338375348686665
1924
1.6626212518372216
1925
1.787517768946142
1926
1.9433666069859492
1927
2.83505651210825
1928
1.616724607078752
1929
2.089978585303937
1930
2.2022435690189974
1931
2.800518572891172
1932
2.095875356668847
1933
2.810625643733854
1934
1.966814079631558
1935
2.4347122912088612
1936
2.63242529355856
1937
2.7885042389106185
1938
1.876101357382833
1939
1.8110917801190785
1940
1.7857188761149534
1941
2.107746151666754
1942
2.1255246489857185
1943
1.5904852167782833
1944
1.5572810318126342
1945
2.50716508835967
1946
1.9192553550689953
1947
1.9053307128849637
1948
1.837366890061938
1949
2.2697241623523294
1950
2.002556583530257
1951
2.099792117626841
1952
1.9907060788336315
1953
2.1277429661891007
1954
1.7846881230192086
1955
1.8030728769701736
1956
2.7360896812097892
1957
2.34018121525239
1958
1.6848018249274483
1959
2.421992236362175
1960
1.929130741562527
1961
2.968921491683994
1962
2.207937036387886
1963
2.1421831222501315
1964
1.744303919180933
1965
1.6056004256846148
1966
1.4863715147976282
1967
1.7119586396188105
1968
2.0979077280572587
1969
2.128493170890343
1970
1.7396024624983066
1971
1.9294780897603756
1972
1.9796686602263234
1973
2.134229515566276
1974
1.6273966046735833
1975
1.5837493796150213
1976
2.2680958789791488
1977
1.6614952311480922
1978
1.705763640049809
1979
1.6628607328196965
1980
1.808618796168964
1981
2.1703915545728583
1982
2.3469335349576728
1983
2.14842296758603
1984
1.8267855640707098
1985
1.7997956084205597
1986
2.1481271296225666
1987
1.477327877785507
1988
2.2513464186843195
1989
1.8225863702169625
1990
1.986090213694485
1991
1.8547865176787541
1992
1.6563166820103568
1993
1.7835333285786328
1994
2.416574284609797
1995
1.9286313001649027
1996
2.4921971635442683
1997
1.9194317351616004
1998
1.7598753454619582
1999
1.8515821271369768
2000
2.4345414373932055
2001
2.220150183777198
2002
1.8671013934547307
2003
1.5622494205340525
2004
1.7581212492698086
2005
2.059890957058393
2006
2.29455888221317
2007
1.6262708724523165
2008
1.8909364006677747
2009
2.4078653076181684
2010
1.8428564194070107
2011
1.8934591342606908
2012
2.050110244797796
2013
1.795829334308841
2014
1.960323962450994
2015
3.1132052665107253
2016
2.756502444415486
2017
2.746316080192278
2018
2.163171856216129
2019
1.9039633937155511
2020
2.0771774846768176
2021
1.9412277241417468
2022
1.6186694080495065
2023
2.287124458885671
2024
1.6667636257200786
2025
2.2030702267671254
2026
1.5915888553018638
2027
2.793975856485468
2028
2.3950728427055537
2029
2.16270827514619
2030
1.8251824977664877
2031
1.760409484082558
2032
2.329658548412299
2033
1.8499926864106508
2034
2.3359445942819708
2035
1.8552626764361588
2036
2.4198533909126017
2037
2.3248867587367856
2038
2.262210381777961
2039
2.5095454036856584
2040
1.7352306481821054
2041
1.9128448698372897
2042
2.373492502659646
2043
1.7275838531911905
2044
2.374964296873778
2045
2.159364860465775
2046
2.5835803944785014
2047
2.7860229185428027
2048
1.7606275724509572
2049
2.527059454776937
2050
1.8001010442840149
2051
1.6816175370105477
2052
2.2337865344239867
2053
2.1593219727152295
2054
1.6099955999338247
2055
2.7767974631089807
2056
1.9019451890593815
2057
2.1272463831499464
2058
2.281455445950388
2059
2.036335506465308
2060
1.7891927399144307
2061
2.0162500096513765
2062
1.6474994519031612
2063
1.9488952690622252
2064
1.5001019401448301
2065
2.1758810787875196
2066
1.6931121025152058
2067
2.223796565847427
2068
1.670665675407258
2069
1.7014048503927912
2070
2.0319239620334
2071
2.4380089164338328
2072
2.8760148276499575
2073
1.8796957174010764
2074
1.800874761302847
2075
1.7580383525754717
2076
1.9263725869868047
2077
1.697044627496671
2078
2.2718350639943687
2079
2.391712164463191
2080
1.9031958727224507
2081
1.7746813408866493
2082
1.7654401281379388
2083
1.994961463008762
2084
1.8632191959289506
2085
2.371918393509397
2086
2.2299144135004494
2087
1.5933147468517728
2088
1.5947163892733804
2089
2.2635255296216643
2090
2.4487099519764604
2091
1.7655742578551419
2092
1.6861744539637444
2093
1.786607483622093
2094
1.9417774855685275
2095
1.7506361555358032
2096
2.039228385404072
2097
2.7250176723740855
2098
1.804671706594007
2099
2.573146152959025
2100
1.7846122808523284
2101
1.8879603799313556
2102
2.035332963622782
2103
1.842087469655377
2104
2.4072537435313808
2105
1.9033363211021526
2106
2.423575119048812
2107
2.1814126413549944
2108
2.468786344537077
2109
2.1995142788578756
2110
1.896973734507915
2111
1.7601688615748061
2112
1.9674564286391292
2113
2.2952216406220787
2114
2.4366869505859374
2115
1.5564038675033016
2116
1.6857135526421991
2117
2.059578166477968
2118
1.6514169262503715
2119
1.9978359218419879
2120
2.002173674870445
2121
2.012779476685412
2122
2.3322425354917202
2123
1.8818766359745156
2124
1.610053658847951
2125
2.5426739053702527
2126
1.7440313945284065
2127
1.7314291224607232
2128
1.8021687382539888
2129
1.7444802473046341
2130
1.634958437788418
2131
2.811402581729819
2132
1.5499737608414481
2133
1.6369042991501583
2134
1.7422154120210367
2135
2.2573389116574543
2136
2.0070465589772195
2137
1.9330333850302919
2138
2.0590920287502668
2139
2.2049553174821295
2140
1.9356523089030127
2141
1.7900259416892095
2142
2.019134458308634
2143
1.7884841769030682
2144
2.3447083492948058
2145
2.344154255700818
2146
2.4825613533879185
2147
1.885659309105483
2148
2.273659722170247
2149
2.013644717261647
2150
2.897139635974678
2151
2.453345457675866
2152
1.9572150951898597
2153
1.8683612480638478
2154
2.361895706368997
2155
1.6306369689100886
2156
1.8381209857231628
2157
2.107190685160376
2158
2.300836347159396
2159
1.9382842828533462
2160
1.9830932185284864
2161
2.081251668957347
2162
1.9294075280801706
2163
2.1306981028109795
2164
2.016919357988001
2165
2.020232101367482
2166
1.7669265242019347
2167
1.8640477632746426
2168
1.854741541639588
2169
2.955109743837452
2170
2.4830005770167904
2171
2.246279506319511
2172
2.119345554624865
2173
2.1487431503514194
2174
1.4223017912754026
2175
1.820091526131448
2176
1.939491877147995
2177
1.9063287013612054
2178
2.8644978334630706
2179
1.7719053085093304
2180
1.761181236998145
2181
1.9366989738718714
2182
2.055062318289971
2183
2.1280217858392345
2184
2.3578060908672325
2185
1.9135511259794993
2186
2.7603667509935677
2187
2.049121772581111
2188
1.9564022599197008
2189
1.7237346209802225
2190
1.495829595854347
2191
2.1806477777270175
2192
2.112196283096767
2193
1.7788952621007372
2194
2.3723396820523472
2195
1.8612410031314828
2196
2.4010321199095137
2197
1.5694897287554614
2198
1.7828731804641216
2199
2.0006488281595547
2200
1.5960693334265033
2201
1.413517341770304
2202
2.300460678282141
2203
2.3896283690250586
2204
1.60365757735977
2205
2.390272568614877
2206
2.4130931112076985
2207
2.2833039524705714
2208
1.5567947858403104
2209
2.4269912669333014
2210
1.9175078047494458
2211
1.895065620180052
2212
2.394793920799561
2213
1.7975069626826043
2214
1.874853325717191
2215
1.8335974525742935
2216
2.3087850618847345
2217
1.9688547768249292
2218
2.007432438275025
2219
1.7167518425243176
2220
1.8521149530183962
2221
2.6055966322718094
2222
1.817870591115307
2223
1.8892856738186774
2224
2.6564851156137816
2225
2.4620616265119195
2226
2.408700571023063
2227
2.3207379883043826
2228
2.092434305469054
2229
2.068053343005379
2230
2.382300305719981
2231
2.2272621454840587
2232
2.506844407207148
2233
1.9185007771151221
2234
2.0605094803915254
2235
2.370163041997226
2236
2.0472297076888584
2237
2.35773068374002
2238
2.2528397964224247
2239
1.7706858418908047
2240
1.7201885956018645
2241
1.606594236069104
2242
2.0951601101544126
2243
2.786844859404894
2244
1.6632517940564735
2245
2.4079712787298715
2246
1.7722697814466708
2247
2.6563805336842448
2248
2.2765575593585434
2249
2.0758542121678656
2250
1.6703523667162263
2251
1.9703457941529219
2252
2.785632413075011
2253
1.8152058140598002
2254
2.881414747713116
2255
2.598466128999639
2256
1.8984812293638913
2257
1.8889919640880175
2258
2.1278550478878944
2259
2.5414965512786467
2260
2.8326129158441735
2261
2.4410466356904967
2262
2.0479743095742
2263
1.4997210857946468
2264
1.838111662961815
2265
1.6144484563208668
2266
2.067602526327503
2267
1.5473233225107355
2268
2.4134946012150795
2269
1.722675406160881
2270
2.460063400825835
2271
1.9579602457063316
2272
2.2338729404009308
2273
1.701584773707668
2274
2.3401959781942674
2275
1.9076682092829416
2276
2.082369983482344
2277
2.420413794451894
2278
2.175582667891579
2279
2.0407586975821923
2280
2.5753949661518654
2281
1.9380093198359378
2282
2.099803261076294
2283
1.6806662615759684
2284
2.0622107441426993
2285
2.032185026270158
2286
1.611244971593813
2287
1.9536571757724959
2288
2.4052821626363095
2289
2.3931156735887975
2290
2.275634556220278
2291
1.9038838384678747
2292
2.3316435242126756
2293
1.6147857626529738
2294
2.31066281859144
2295
1.6993181316291162
2296
3.046924839926002
2297
1.8049741356410967
2298
2.632606411102478
2299
2.50944961260779
2300
1.7574921448531078
2301
1.677070141079384
2302
2.131548131993838
2303
1.651789557999432
2304
2.245412789308712
2305
1.756486505253305
2306
1.5989822530200575
2307
2.4292640079647447
2308
2.5921714293872196
2309
2.11476010760904
2310
1.7206495350131576
2311
2.1965702021268005
2312
1.9318779768425811
2313
1.6516354384521832
2314
2.1786000618131354
2315
2.279740083887507
2316
2.465307882070804
2317
2.231434211839781
2318
1.9648132669458171
2319
2.3080991410102936
2320
1.886633122863904
2321
1.9177498325716964
2322
2.065387004696442
2323
1.7587843951077886
2324
2.0508343306085552
2325
1.9498651470098927
2326
1.9166713816529142
2327
1.7899413750302826
2328
1.87741953205657
2329
2.305311658220459
2330
2.220540770987327
2331
2.1603544170530053
2332
1.5827432437263047
2333
1.478916159429142
2334
2.2790254429862853
2335
1.6407617684722116
2336
1.8939576053972673
2337
1.9772179676669526
2338
2.436145652834985
2339
1.950766975870877
2340
2.608133184813311
2341
2.086846182799059
2342
1.9196570217687665
2343
2.5052015333312476
2344
2.258363975018627
2345
1.9927610878479178
2346
2.3816853045717874
2347
1.860412954631233
2348
2.6325924004484706
2349
1.8525121862809
2350
2.5344024609921494
2351
2.2824605666532536
2352
2.462114313280905
2353
1.6765726566796415
2354
1.683303134603771
2355
2.952299800707318
2356
2.45632637324378
2357
1.7768998907103533
2358
1.7890626228265416
2359
1.8958681955140129
2360
2.0863177300923623
2361
1.5542172527192262
2362
1.7377591075452987
2363
2.615048193541351
2364
1.924870164187457
2365
2.2900418271238236
2366
2.9580982051586098
2367
2.104048012742171
2368
1.9628693166392206
2369
2.6193721512082764
2370
2.242216858217558
2371
1.5525830776955523
2372
1.6798032671383787
2373
2.206089780985323
2374
2.2953253528155297
2375
1.9088368361715564
2376
2.2083085973666843
2377
1.75347715344127
2378
2.3514241751620713
2379
2.25539455507326
2380
1.80487482983076
2381
2.1862376708782882
2382
1.9487863858126797
2383
2.19994093498493
2384
2.2571626541301666
2385
1.9364613540984204
2386
2.0771128913245867
2387
1.9128581405612008
2388
1.638308473403572
2389
2.464931969222436
2390
1.4662624420789978
2391
2.3077265270200362
2392
1.9731935244476368
2393
2.675121949151709
2394
1.795698435169342
2395
2.394274154518815
2396
1.7061866192805692
2397
2.201436797037802
2398
1.5977417386668773
2399
1.6848325159010025
2400
1.9212233774001493
2401
1.6151634588794006
2402
1.5878013436159422
2403
1.9153317667322747
2404
2.562803202709403
2405
1.8453655265086908
2406
1.9094588405520745
2407
2.2522965239730293
2408
2.1549145024035496
2409
2.274037910326018
2410
1.9231047375903336
2411
1.9184677163618364
2412
1.7449640609757167
2413
2.552084754478252
2414
1.8155775661966316
2415
2.7328481488396625
2416
2.511809911883272
2417
2.1436557399670733
2418
1.7956095254935054
2419
2.0122008836817247
2420
1.8868038888805734
2421
2.193013117660736
2422
2.1768313419834
2423
1.6467961934960642
2424
1.7855680140293213
2425
2.55692734543977
2426
2.693232780656803
2427
2.501917953394276
2428
1.7332753961055902
2429
2.0022709077522296
2430
1.977379815584393
2431
2.4317283707763258
2432
2.6731844685923365
2433
1.990847011915388
2434
1.9060731553134593
2435
2.0123088985344104
2436
1.867418631418273
2437
2.1585044430258042
2438
1.8700938159700842
2439
1.627725441679024
2440
1.8803969654871946
2441
2.185308476734638
2442
2.3056495250985622
2443
2.1809112903051306
2444
2.1819866210910237
2445
1.9433384388304211
2446
2.2937376814052666
2447
1.7291497780232061
2448
2.237341754222475
2449
1.7516010122015147
2450
2.2662443631193345
2451
1.7861656305253006
2452
1.6136234575139166
2453
2.092493162563174
2454
1.9720071057881794
2455
1.7284212311356149
2456
2.4100389877060113
2457
2.3085133642535145
2458
1.986217254912213
2459
1.882785707542897
2460
1.8638041933773475
2461
1.9331900162521036
2462
1.8629986964552099
2463
1.4883296986073324
2464
1.9214881517426554
2465
1.9096506097126502
2466
1.9706627887257213
2467
2.195994278552609
2468
2.000815378456074
2469
1.964665569950599
2470
2.050060125607956
2471
1.7390243066139777
2472
1.922162407523816
2473
2.3963353181348386
2474
2.023817835779606
2475
2.1712003825134554
2476
1.5781210123291396
2477
1.9768509887622132
2478
1.7781034789696977
2479
1.8453148907522285
2480
1.9011105975378244
2481
1.690120813232123
2482
1.8035935917006025
2483
1.8411216701377
2484
1.953439573071174
2485
1.7560460995330684
2486
2.6827596418047466
2487
2.338013049645372
2488
1.6443732603083359
2489
1.7410847173870612
2490
2.254334512203323
2491
1.9729678086407265
2492
2.045849954659298
2493
1.932243907708811
2494
1.9179492149490613
2495
2.4126246224333374
2496
1.792484013192218
2497
1.6168984265672675
2498
1.7834299493441523
2499
2.112283809546418
2500
1.9015277211258885
2501
2.0270653000154377
2502
1.8916764344669619
2503
2.603472958924655
2504
1.6325388537584635
2505
1.5545071855777208
2506
2.2245822544093494
2507
2.014536750560318
2508
1.786741667702065
2509
1.9058575015649724
2510
2.0313991492349226
2511
2.315804244339776
2512
2.0772380852519863
2513
1.7867158825697618
2514
1.9151625329524415
2515
2.015598858217105
2516
2.563574554556771
2517
1.7935134028552675
2518
2.0719932781761616
2519
1.6466341033612764
2520
2.7515941141617013
2521
1.6885847647043641
2522
2.4378711497680094
2523
2.409350284334102
2524
2.30191429237295
2525
2.0480669107279157
2526
2.4947003974440056
2527
1.6586540181337237
2528
2.234533897833202
2529
1.8810998269924577
2530
2.0828170998496303
2531
1.8248277792887475
2532
2.0984519467176987
2533
2.145320739635968
2534
2.322004033789781
2535
2.4422904950617883
2536
1.8444728054871509
2537
2.149098829292333
2538
2.0522475909831805
2539
2.074945494304812
2540
1.867301702736482
2541
1.8552359870180484
2542
1.69338756650521
2543
1.98567178174578
2544
1.7453620236274405
2545
2.750965823465194
2546
2.0412101642078384
2547
2.100041347120721
2548
2.546967981278235
2549
1.7113561063521188
2550
2.0703328161888837
2551
1.692807943068977
2552
1.6111532990618824
2553
1.7028945009473975
2554
2.669666210470212
2555
1.9847038206662762
2556
1.8863782847984873
2557
2.5523216878242136
2558
2.594149806374939
2559
1.7914032555396495
2560
1.822632146294466
2561
2.3017897102435176
2562
1.84761169253098
2563
1.9390964580129058
2564
2.2080659762368726
2565
1.6901594242341553
2566
2.4340697452302993
2567
1.818865039197344
2568
1.6707214620321345
2569
2.71563603597865
2570
2.433108962363582
2571
2.3044103732515877
2572
2.1783662760984326
2573
2.4070593763075903
2574
2.3350391876192576
2575
1.8011875090325309
2576
2.3095727572058053
2577
2.1468328907850127
2578
2.4907508344877822
2579
2.09686441226437
2580
2.3548529041357815
2581
2.0117014605277364
2582
1.8451536802119306
2583
1.939562469627798
2584
2.6452879981794286
2585
2.0760630284276114
2586
2.091524193992003
2587
2.030536073509175
2588
1.827430902409207
2589
2.4845608098187726
2590
2.726425656812045
2591
1.9382506070842365
2592
1.6404391061847723
2593
2.1046464609845286
2594
2.0490367884683702
2595
2.237829129176951
2596
1.743958553177842
2597
1.9905041957383391
2598
2.303808657412913
2599
1.958485842820197
2600
2.3270366954438466
2601
2.1267125730527843
2602
2.2132125787703822
2603
2.703940603223759
2604
2.049810814571546
2605
2.356664805160695
2606
1.580386087520298
2607
2.0073370583332313
2608
2.3196631099852794
2609
1.8733757440992984
2610
2.0493607043190973
2611
1.7162426475355157
2612
2.3961568850404475
2613
2.4271495883812224
2614
1.7011697700145025
2615
1.8514682996038132
2616
1.8711871210679418
2617
1.9811391597325865
2618
2.687635575434249
2619
2.1427299197080765
2620
1.6979696218822855
2621
2.533692083326923
2622
1.7775716900118061
2623
2.5300376352699647
2624
2.095459341170984
2625
2.246784195451595
2626
1.7802383830242374
2627
2.3827851421768655
2628
1.9314490746989403
2629
1.8009000605682282
2630
2.287588916940667
2631
1.7189083993299485
2632
1.9178651158089346
2633
1.570230684394621
2634
1.7278990326409753
2635
2.008965706684783
2636
2.515693751128036
2637
2.0901136830930422
2638
2.089036423793804
2639
1.8582956503192138
2640
1.7729747897224217
2641
2.197434845367413
2642
1.6671797672343696
2643
2.042662459837355
2644
1.7294134303040558
2645
1.891674173838115
2646
2.2183870040497427
2647
1.9850352615461535
2648
2.4848501888003445
2649
1.7122423837660454
2650
1.6719616418257748
2651
1.9767082048715725
2652
1.9341681085377125
2653
1.7120930960864862
2654
1.6854811113814714
2655
1.8891342458100895
2656
1.897842793439486
2657
1.8129402779596018
2658
1.7789844779404245
2659
2.0595803475621857
2660
2.164613880547296
2661
2.993253342064941
2662
2.4475784172759174
2663
1.8916948350408698
2664
2.6583739398181154
2665
1.5614912331513282
2666
1.8264403240431604
2667
1.5738903354897873
2668
2.435208383507175
2669
2.608892086056097
2670
1.6874754852806237
2671
1.8080121849035171
2672
2.007237101466296
2673
1.9627769661620487
2674
1.8194579855504422
2675
1.7773591067165926
2676
1.657555125368075
2677
2.767343004628823
2678
1.8398059411235457
2679
2.3450268573094055
2680
1.895852702732858
2681
2.579293334583834
2682
1.834184675423884
2683
2.53845189413841
2684
1.7470167536793222
2685
2.4509901324564334
2686
2.4783405775663665
2687
1.9980585750084259
2688
1.962719310025948
2689
1.980335452721659
2690
1.876365540352053
2691
2.012519189793076
2692
2.250351191634882
2693
1.8675902413073087
2694
1.6571916277846908
2695
1.8875171521132037
2696
1.689602251357951
2697
2.4738184920263144
2698
2.206695716362018
2699
2.5604532588083337
2700
1.7056682797738587
2701
1.911317532639645
2702
2.3519721472549806
2703
1.8558469390025203
2704
2.0204911928991813
2705
2.4230544195717103
2706
1.8605679317475698
2707
2.3674449206575097
2708
1.8232906902787265
2709
1.8683485633425667
2710
1.8070570171841822
2711
2.4105172611508356
2712
2.2079606612103495
2713
2.101422057793033
2714
2.453540805723455
2715
1.7491342773614313
2716
1.6689311994920917
2717
2.0941506050442826
2718
1.7654655427373545
2719
2.1091195427115927
2720
2.3421807797688987
2721
1.552044816016453
2722
1.7794737533951228
2723
2.972766336783564
2724
1.9570795603424231
2725
1.7508346718838044
2726
1.8913835234555583
2727
1.950481792093395
2728
2.5219658550634265
2729
1.8160045183791924
2730
1.6289003098223207
2731
1.8348940848837678
2732
2.449470740293032
2733
1.9795313576890219
2734
1.7906898803246305
2735
2.5970265374772117
2736
2.512285387675024
2737
1.7380196241587336
2738
2.504361677921722
2739
2.686440349430895
2740
2.2910536356572404
2741
2.573113193524422
2742
2.18520795365363
2743
2.1710134525496283
2744
1.8441675737055525
2745
2.149051560905608
2746
2.3899128393650457
2747
2.7344380269595865
2748
1.7997752634404829
2749
2.051377738481275
2750
1.9486137009808686
2751
1.945269045000845
2752
1.6344516245340353
2753
2.0469630360963733
2754
1.8154053838269923
2755
1.8812566320848496
2756
2.0813285854522414
2757
2.2050686621017936
2758
2.016390967228763
2759
2.1859142066532398
2760
1.668024270337664
2761
2.0359704370061564
2762
2.3356588360548782
2763
1.8319725565441847
2764
1.6972397870859661
2765
2.2167298178645853
2766
2.817444763955901
2767
2.447080602617618
2768
2.5943466120756478
2769
1.5948951212843951
2770
2.384261004746737
2771
2.5628583552690416
2772
2.366148962233458
2773
1.541222961429872
2774
2.64719783593484
2775
1.876627762733103
2776
2.123560567253974
2777
1.7683704422928945
2778
2.028431710137845
2779
1.7589121779055328
2780
2.1109984376685373
2781
2.8060150870372724
2782
2.5513070341098056
2783
2.581628532539998
2784
1.737901857401215
2785
1.6974799963186953
2786
1.6424358441831
2787
1.9714876708292983
2788
1.804154964771902
2789
1.5760139870920415
2790
2.0091702610166005
2791
2.7385916642740993
2792
2.0313333823499273
2793
2.0022919438618607
2794
2.74221564531605
2795
2.3907826491497626
2796
2.2768893675866577
2797
2.51061697757421
2798
2.109794079522123
2799
1.906219880417738
2800
2.401422698849096
2801
2.4341580144806088
2802
1.8668800635245966
2803
2.6417795749587523
2804
1.8696713698161835
2805
2.2543064862937667
2806
1.5699181404559728
2807
1.6964164268902717
2808
1.9819256401996859
2809
1.7413936013620865
2810
2.569619696252123
2811
2.1323865769421557
2812
1.8130497850087126
2813
1.823076366379814
2814
2.081680676558144
2815
2.944955221994045
2816
1.8362861118109899
2817
2.4251317040795763
2818
1.749518811192435
2819
2.2922611726102664
2820
1.9388028118915854
2821
3.059464752665993
2822
2.419101505627173
2823
2.0670438744941837
2824
2.40717792755144
2825
2.3391264328335817
2826
1.784354701386335
2827
2.019642435615199
2828
1.8406965057725686
2829
2.1248948903620586
2830
2.7408241475850974
2831
2.047795793213666
2832
2.3215252204764503
2833
1.8202192835353155
2834
2.3701327011279227
2835
2.7399199764447175
2836
2.2044263799603305
2837
2.68976252337556
2838
2.4485875273846966
2839
2.0134338200085384
2840
2.2631587651854272
2841
1.7296314966953303
2842
2.5623880173214553
2843
1.9037964754712777
2844
1.7529723869697753
2845
1.5954062493497545
2846
2.6741690073565425
2847
2.5468319213423642
2848
3.1584781711428214
2849
1.7941771978185967
2850
2.0439493489983573
2851
1.8372422661767513
2852
2.242527873544598
2853
1.6921729569724955
2854
1.608822879298293
2855
1.8200578910734455
2856
1.7952645433562524
2857
1.8805036237396437
2858
1.7585547623065354
2859
2.0730573507330115
2860
1.9066063862881226
2861
2.0928750873588315
2862
2.059419825500267
2863
1.7707595309001527
2864
2.730926953206263
2865
2.1541662847647483
2866
1.687666102989272
2867
2.157003033393622
2868
1.65456289979789
2869
1.6285198673616776
2870
1.651601492365668
2871
2.7935860321851154
2872
2.0200264897947586
2873
2.1729170912709206
2874
2.136438155594641
2875
1.8429353187777238
2876
2.047592814370333
2877
2.564360038974773
2878
1.948880823873894
2879
2.0862608231934012
2880
1.9686385311876746
2881
2.685849914167912
2882
1.5221707027365647
2883
2.435627638417111
2884
1.8542071433419376
2885
1.909233471018787
2886
2.108616272595557
2887
2.65589855315323
2888
2.3836682232275828
2889
2.0589044136826646
2890
2.1589094601562753
2891
1.5677657306297716
2892
2.2895858966894798
2893
1.9705985869554896
2894
2.7108977443493387
2895
1.5671045695929615
2896
2.1765892355341987
2897
2.022718896956094
2898
1.5126455911083687
2899
2.2255445513753465
2900
2.6237380159292223
2901
2.287727942368479
2902
2.1442024901005756
2903
2.344556891333096
2904
1.9416696727404836
2905
2.057195745581543
2906
1.9650200541951195
2907
2.1533549108456596
2908
2.5452518276404463
2909
1.8342714385195809
2910
1.9687475238131413
2911
1.8427623987165278
2912
2.0686861105066976
2913
1.9416218841631632
2914
2.149094404783613
2915
2.382097766706936
2916
2.5471301552172854
2917
1.882221804271756
2918
1.819151288674385
2919
1.846451432746366
2920
2.1138530565814415
2921
1.5409161770746267
2922
1.6750377791773507
2923
2.611202269065841
2924
2.1291767521365657
2925
2.016039494633687
2926
2.1573318247164095
2927
1.9083391625348716
2928
2.008653781018056
2929
2.285507503502265
2930
1.587464192139651
2931
2.2019798462399454
2932
2.391109235686623
2933
2.2201399999606846
2934
2.604598300009808
2935
1.7780547702770857
2936
1.681097232975477
2937
2.1877983381989567
2938
1.6303148528411575
2939
2.1526021877306936
2940
2.926379443767068
2941
1.735295631243351
2942
1.6410284020744514
2943
2.2811027529226937
2944
1.626234897636482
2945
2.335711061414384
2946
1.947639632576479
2947
1.925578619367094
2948
1.6458711678753255
2949
2.1748981476046327
2950
2.1070511341592244
2951
1.53314810347145
2952
2.0133415618774673
2953
1.988240785999059
2954
2.214198546893417
2955
2.4149916701534564
2956
1.7604017848376596
2957
1.8763874313325
2958
1.9118861577673287
2959
1.9199406264341263
2960
1.7464082743306892
2961
1.5572586354757072
2962
1.9340544196836718
2963
2.6591759580096825
2964
1.6159725948751809
2965
1.9236728177142979
2966
1.747997174476812
2967
2.537812788498105
2968
2.0915567650370983
2969
2.046335083231794
2970
2.2340460657391104
2971
1.7018400522643697
2972
1.9407223039664938
2973
2.173718509745661
2974
2.17994044950117
2975
1.9389193179975508
2976
1.8181697421131877
2977
2.0543669755790597
2978
2.2487972510676397
2979
2.2176095458351957
2980
2.6549229215383985
2981
1.499980057552862
2982
2.8206111093480577
2983
2.459911504078029
2984
1.825246932847973
2985
2.133643278964349
2986
1.6852777879920275
2987
1.8926243992301488
2988
1.966813335304358
2989
2.182691301275398
2990
1.61869392852787
2991
1.686658770326861
2992
1.6212631716760604
2993
2.552705466581062
2994
1.892975212984666
2995
2.24456256100982
2996
2.036178646559376
2997
2.1222621156082067
2998
2.099887544173896
2999
Mean MAE: 2.056507296825252
