nohup: ignoring input
0.33333333333333337
1281
427
0.25438472931288564
0
0.18463778218818278
1
0.32816994344550343
2
0.44310682307155735
3
0.14172124656203713
4
0.14455106303062873
5
0.16196135447493692
6
0.11736571361469367
7
0.12606706906935314
8
0.2442760318339689
9
0.21849122913695845
10
0.20268941848417735
11
0.2389866861207087
12
0.20070576982684515
13
0.17391771667771447
14
0.20013040420705586
15
0.16833837320730954
16
0.17355881911761753
17
0.2500280180967183
18
0.20905460431442272
19
0.17789798329737389
20
0.2952177475474642
21
0.16450974332946292
22
0.18287329658904977
23
0.12651298178724105
24
0.1482845242811071
25
0.2124600991566547
26
0.29596458484837845
27
0.23114736470270067
28
0.16036375084380416
29
0.13584720077019283
30
0.1486313663487069
31
0.26938015077436156
32
0.1270564412848531
33
0.18032147331993356
34
0.3398468605805357
35
0.19844078653791788
36
0.20072047328962356
37
0.12994130138409743
38
0.15821851289780023
39
0.19490638292430676
40
0.17449001046793683
41
0.12900186897709293
42
0.37337570282779897
43
0.21279128873841774
44
0.20579809700529006
45
0.20595029727708442
46
0.41101821348011636
47
0.20144087906874183
48
0.20911186663293557
49
0.15573251742172883
50
0.16730468166157655
51
0.272747310050054
52
0.16724121718899418
53
0.32435696337594166
54
0.21740737129425355
55
0.18297677098869303
56
0.16012644254916117
57
0.24480964175780365
58
0.23169222205718187
59
0.15731000834486172
60
0.4805897745955261
61
0.12303159910642453
62
0.18268399073883776
63
0.19530488651838185
64
0.11565753949429458
65
0.18464121382287135
66
0.16063684366005365
67
0.279194781431477
68
0.14220645714008567
69
0.20251503584148978
70
0.14091269232444378
71
0.19107052096905994
72
0.22991980745363907
73
0.1339350584746596
74
0.1332167948757056
75
0.2273823943325981
76
0.14017577454987137
77
0.15163528342983906
78
0.17186574844943617
79
0.2956365330555256
80
0.1573071959303246
81
0.15974285931020504
82
0.19948446320421898
83
0.16458410926330255
84
0.23317910719335277
85
0.1820000321884384
86
0.218970715056771
87
0.27735536145553596
88
0.19160300893582496
89
0.21385162922698053
90
0.15169008643122645
91
0.20086796739324825
92
0.20878446987887922
93
0.22627590683965826
94
0.18828037204685907
95
0.6057938186178026
96
0.22734105022252543
97
0.17602129511320563
98
0.1956318476408443
99
0.21265621394580012
100
0.2519278093920991
101
0.2045267582774403
102
0.1568296799394003
103
0.22755709581256137
104
0.19452974961644195
105
0.18376320385149364
106
0.14376729310804817
107
0.16307471716578767
108
0.26060941627385653
109
0.15316388736302108
110
0.18496490950384867
111
0.18951106170903273
112
0.1817165287047526
113
0.18225560786352843
114
0.16238878129483586
115
0.21516424523634886
116
0.1314328857623309
117
0.14807160735884178
118
0.163464091381796
119
0.22647683151893125
120
0.21100691713033665
121
0.20855724586912988
122
0.25344530262111703
123
0.1889392787777101
124
0.14630581546404386
125
0.1583163506064628
126
0.12571904716890636
127
0.14852027782990063
128
0.24902172183707083
129
0.13084605257533205
130
0.2154866513736585
131
0.18061281549948682
132
0.22292698640891376
133
0.16730674038888618
134
0.16400001914949644
135
0.24033715579238235
136
0.29247987024123706
137
0.17844432227696302
138
0.2020217378843212
139
0.2257934641658222
140
0.1739308172835316
141
0.22519645954643094
142
0.2958448276303162
143
0.15909826428133333
144
0.1603888102945237
145
0.17549691564852216
146
0.18225087764290157
147
0.16846454776853584
148
0.18059861658693688
149
0.1398085496732765
150
0.20056593832948927
151
0.30079884957173003
152
0.14041918867510755
153
0.16270005546975477
154
0.222465454251812
155
0.20115755094010335
156
0.17824905199690114
157
0.13066657279001526
158
0.1844743133095031
159
0.3321542866951636
160
0.1407886651438929
161
0.15055296380839805
162
0.2441780623729176
163
0.1699229296457884
164
0.18678265240226982
165
0.1911126922125025
166
0.17401143504954564
167
0.273764947647943
168
0.309645868870104
169
0.18232361849665168
170
0.21644951980411606
171
0.17785535721356355
172
0.17994952034765543
173
0.16798998013043565
174
0.16958673413310252
175
0.14310556948692518
176
0.16658526917600996
177
0.18964232995545688
178
0.16156648118380404
179
0.19075672587526424
180
0.2607099838608913
181
0.2630153378428043
182
0.30757064576559484
183
0.17790892361615512
184
0.2616536976239838
185
0.1768771522740988
186
0.20271182228978918
187
0.22810053021186255
188
0.20184339822894695
189
0.14912510236032434
190
0.16956814639256443
191
0.151283250213722
192
0.21270874634306752
193
0.24803391853978524
194
0.20747740902586467
195
0.15625365235614558
196
0.13982828302596018
197
0.19201522694354906
198
0.1883461635613406
199
0.19814986924696482
200
0.17201910253094976
201
0.19856932534670996
202
0.14690742162806866
203
0.14686196106943097
204
0.16541235905426263
205
0.12440191871783116
206
0.18386946771074547
207
0.1278092382084367
208
0.18220102055195433
209
0.18921067088332172
210
0.22032956950235064
211
0.1390166355444818
212
0.13731611404183772
213
0.285539055686358
214
0.21924273845074174
215
0.17789188212324666
216
0.18173028693251184
217
0.16136923346423035
218
0.12790707658185316
219
0.227870804779773
220
0.19148730834160266
221
0.18118603059699567
222
0.26940323816030964
223
0.15357669828167653
224
0.1763395620716154
225
0.1463841047831338
226
0.21053108171187018
227
0.18586331051755806
228
0.1723976345067681
229
0.18617123658159124
230
0.13918750188783557
231
0.1658949095570201
232
0.14734897224997776
233
0.14145385683749245
234
0.13857344805245114
235
0.17977209599290753
236
0.18488165102597925
237
0.16258063306001933
238
0.14212241543003556
239
0.22722453774736484
240
0.2971481520382673
241
0.17952426053185253
242
0.22223123952874455
243
0.2135631117708259
244
0.16089029812743413
245
0.13971477281022426
246
0.2703897197834941
247
0.2531529485016326
248
0.24608651661149808
249
0.2302702070486176
250
0.14387019596714987
251
0.212687497529767
252
0.11430658889822373
253
0.16241485309301246
254
0.20410875864499758
255
0.17719380789460382
256
0.21863366679925597
257
0.1640199420117285
258
0.21098637241877577
259
0.12436352236940244
260
0.1131042198561995
261
0.14901797113071832
262
0.19434073949809225
263
0.14331709532607642
264
0.19561361685568282
265
0.1752989944784665
266
0.255915359965375
267
0.2024538411666857
268
0.20190324119912048
269
0.16383520507871419
270
0.23813480958563746
271
0.12084226034467302
272
0.18718501667866508
273
0.16508029475722844
274
0.18146374728849987
275
0.917444278314629
276
0.19761671329338518
277
0.14877560317881833
278
0.18207490692363787
279
0.12846637514144646
280
0.2291109681024161
281
0.37670294341621535
282
0.26624391434072725
283
0.18421530914622036
284
0.16953621828248658
285
0.23609270976932592
286
0.12977879240255435
287
0.13463248409983147
288
0.17547953453459664
289
0.22149647155850472
290
0.19248760729190972
291
0.16077960186243884
292
0.17871782868024985
293
0.2081533627386068
294
0.12959126677914642
295
0.6342437989632527
296
0.1769849566003123
297
0.19469624405724562
298
0.20675462400314806
299
0.21464233263875118
300
0.15182264540693918
301
0.2597081557395924
302
0.19332919951153166
303
0.12520141103651683
304
0.2162528105982342
305
0.1313525115753159
306
0.15021012607606607
307
0.16616441170177132
308
0.19320295223955267
309
0.1494224079290409
310
0.18389061608901267
311
0.15935296664896817
312
0.20805259749671248
313
0.3035824857252096
314
0.13988511096829595
315
0.16951934066504662
316
0.1995902672222683
317
0.26273114720479035
318
0.1923775409985967
319
0.15255196107221247
320
0.22601179087787066
321
0.2518039855602186
322
0.17152104822360364
323
0.18539449002441077
324
0.18638151736871786
325
0.1768480409982714
326
0.26051189798537105
327
0.16637154668223975
328
0.18179039732460292
329
0.26497132047011795
330
0.23592533051900863
331
0.1384166737423557
332
0.17424549920097038
333
0.15766165890129455
334
0.15795861271355788
335
0.16489388838096897
336
0.23899389537112373
337
0.1972940218309065
338
0.15360555387745808
339
0.17945489828649164
340
0.15765197229450478
341
0.21416222589264133
342
0.17947856716726568
343
0.237815516274526
344
0.46021924861436064
345
0.1264827777373376
346
0.2112129647685433
347
0.1688072468767209
348
0.16253353231747683
349
0.16260701424999288
350
0.13415435273588916
351
0.1493833327052666
352
0.23187655012459982
353
0.18920232433676032
354
0.15892483747313305
355
0.24626426883591657
356
0.2046251387040413
357
0.17896630706990996
358
0.17828729196917434
359
0.26243125002488576
360
0.2871030549441381
361
0.24315176120837098
362
0.16304524959312391
363
0.1923971378290038
364
0.13168376523347605
365
0.26434512317569003
366
0.146426614959306
367
0.1948231155419501
368
0.32241031647363844
369
0.18325778178627813
370
0.24077960366814471
371
0.1929626526597223
372
0.22763717172895226
373
0.18917185282270982
374
0.1414201814473392
375
0.2071928390049105
376
0.16455171570991728
377
0.2006416778534128
378
0.13755533739413128
379
0.21272613646092334
380
0.15618596796470727
381
0.18948985637877996
382
0.21510613558982172
383
0.14361240256441343
384
0.20900696783786332
385
0.14639286716045508
386
0.291337599710964
387
0.1411492064841664
388
0.15026301164748154
389
0.17624632143206861
390
0.18671627151906756
391
0.17212906960071925
392
0.19985410649640947
393
0.20937549050814425
394
0.27612874111197583
395
0.15394078709452033
396
0.227533599147803
397
0.1414947674655214
398
0.155026751312151
399
0.15302973604782127
400
0.1388436230342599
401
0.14760767056674554
402
0.30232869930692724
403
0.19576942154598023
404
0.24094839657952838
405
0.1423522630977962
406
0.16577141706447826
407
0.45229168418238386
408
0.19389451811945144
409
0.14764621681833623
410
0.1735770804013033
411
0.17999044970095437
412
0.15958549037397954
413
0.15954980746115435
414
0.22045561589082868
415
0.24333604123714841
416
0.1729425938667635
417
0.13673010059930601
418
0.12424873090035395
419
0.16455926939402923
420
0.16105425254203193
421
0.13975483857356225
422
0.5385719381980416
423
0.21899554484793973
424
0.1331089613427637
425
0.15179231038436755
426
0.15349133335406873
427
0.2691770394544321
428
0.13425303702261035
429
0.21373939668821718
430
0.1551747319956505
431
0.589122700896141
432
0.15970040482015607
433
0.1842911066271181
434
0.422806378648776
435
0.16592249661773628
436
0.1468581626441263
437
0.18364016692017934
438
0.23282927862542593
439
0.16133135054383638
440
0.34030533088497716
441
0.3577677917889155
442
0.20208150344146864
443
0.1542988654357245
444
0.1980915231883295
445
0.15205210821384213
446
0.45542714389929007
447
0.22464629674757428
448
0.36832852090972584
449
0.3153902656755002
450
0.2713004526330123
451
0.16641806105695583
452
0.18036798355774417
453
0.3110074747393805
454
0.1691254476020082
455
0.1825364512051017
456
0.24988211252757994
457
0.2065038627977078
458
0.1339595062053184
459
0.19491158656329782
460
0.15018591244871438
461
0.3161174104394911
462
0.17063447483356572
463
0.20916058183064423
464
0.20291317417355936
465
0.2518061465220502
466
0.16753205455584055
467
0.2510047354149858
468
0.2198396193717081
469
0.21417593361960963
470
0.16376945638121712
471
0.146492709401682
472
0.21587376847088247
473
0.25848379530729987
474
0.15716463313995815
475
0.27728462738514376
476
0.21055409791202537
477
0.1768724459115307
478
0.15543697213497804
479
0.22805187519093922
480
0.226927384780344
481
0.19645419658742852
482
0.18839551388333617
483
0.24373836998530723
484
0.17154910232176748
485
0.18732181123571962
486
0.18805804751219157
487
0.18541297536528328
488
0.2894980572887756
489
0.1707722019426456
490
0.2661861028535832
491
0.21646699287206192
492
0.151414280748026
493
0.14313357639925073
494
0.208781455412707
495
0.15567788919691036
496
0.17485672044357906
497
0.3197860590109176
498
0.14151931240382537
499
0.20163933986191943
500
0.14827954450885036
501
0.2309039176575022
502
0.22537547067591868
503
0.268858367243668
504
0.1853656133962468
505
0.1871291921985609
506
0.2876462409078985
507
0.14369950097722137
508
0.23682082984405603
509
0.1587166683069243
510
0.17020559147216124
511
0.18981894102507563
512
0.20099944110760845
513
0.17552297812189885
514
0.16927425659363413
515
0.13322664292937528
516
0.159580855818989
517
0.19083024961467268
518
0.15625514125725443
519
0.13735427590292287
520
0.23335551194770923
521
0.17447629696681477
522
0.18215748081470526
523
0.21561002922620148
524
0.1664290018908264
525
0.2873186795173837
526
0.1978048927127769
527
0.15383322236116906
528
0.16399374421772786
529
0.13789492868132644
530
0.15092949489985202
531
0.1629621198069048
532
0.19489125183741612
533
0.19206667523601195
534
0.2002691056512093
535
0.16905509816198636
536
0.2359078757212037
537
0.17749220220764717
538
0.3190586014646382
539
0.14911482816303742
540
0.21802601335852942
541
0.3381770187147737
542
0.13833339145087
543
0.25629683368635153
544
0.2450118044531107
545
0.18321493756932739
546
0.30221530692825405
547
0.16046876917264088
548
0.29010898177168837
549
0.21276849515738996
550
0.19048408639881545
551
0.1454268184196266
552
0.1228961680073172
553
0.201561698375984
554
0.1983290455507383
555
0.2780609640942341
556
0.2052245922223498
557
0.17438438446544577
558
0.17392618246260172
559
0.17524617128178108
560
0.18318844894007033
561
0.22108935177434755
562
0.1602264614391053
563
0.17604853240343435
564
0.22901846885641933
565
0.18540536179796296
566
0.21063370182863214
567
0.1995962390125097
568
0.16624658009212934
569
0.2157649859014827
570
0.1426199701854567
571
0.5391137509813728
572
0.12720104299842178
573
0.22584673829101518
574
0.1234114756478594
575
0.19300751544257314
576
0.25201567499804256
577
0.2009206868094549
578
0.13509614486063048
579
0.190220231802829
580
0.1896931354455837
581
0.21055732317184261
582
0.11886118522435826
583
0.2037689740952273
584
0.1571529569523604
585
0.18049137111260471
586
0.24323009702258966
587
0.19182467700177186
588
0.1215126903704811
589
0.15280023851564936
590
0.1776761062087237
591
0.13256900989910705
592
0.287642801894657
593
0.18596622953033362
594
0.15507858414606165
595
0.12116946296857399
596
0.1571602593590784
597
0.28073817497141396
598
0.16936322280305505
599
0.22792840227868078
600
0.23577845153684185
601
0.24944904903369702
602
0.15371094466692534
603
0.174564837270296
604
0.23672473126444224
605
0.13756267111078332
606
0.1889113296815137
607
0.4103063065548959
608
0.1581113320916087
609
0.1653340929329504
610
0.12070878738727851
611
0.16676795565672675
612
0.2725852063306885
613
0.16209420932786234
614
0.23010298387771633
615
0.2829487603230413
616
0.2781099517310493
617
0.25663735774797275
618
0.20654320404605067
619
0.17906174995184568
620
0.532353699591838
621
0.2535040689878262
622
0.14504465548286663
623
0.2715645198216625
624
0.12315385821966195
625
0.21418260636538508
626
0.13554897062181642
627
0.17868346314786393
628
0.16940581913075134
629
0.16545293404400327
630
0.22752874960378505
631
0.15356027313534684
632
0.21507169599871007
633
0.23885153394013195
634
0.18706659252667163
635
0.1631230551905631
636
0.17447160429893546
637
0.23890496765821267
638
0.15715461947689144
639
0.18586753647675996
640
0.37100353284437854
641
0.2119228051956163
642
0.11466688167816963
643
0.39353361794044467
644
0.20193315695068478
645
0.1403920736681763
646
0.18394170942312063
647
0.21403873651975996
648
0.1686973194097811
649
0.15185499387643323
650
0.1392556574012278
651
0.21766824227454948
652
0.19330999403269897
653
0.17227672050656212
654
0.2034363805301494
655
0.19529330967514458
656
0.24464138426965593
657
0.18691309777572818
658
0.30742841041455965
659
0.3078700613155708
660
0.21837983706609637
661
0.142656585821834
662
0.16321461073112672
663
0.2817858875997916
664
0.48625738080805625
665
0.26230716562817696
666
0.15804534035732887
667
0.14836003910642756
668
0.15900665125808258
669
0.22859308269809714
670
0.17250390968831672
671
0.1677367063639001
672
0.13754487536592525
673
0.25629410390676327
674
0.2644624633601176
675
0.19802614879128663
676
0.13610615459900427
677
0.19272075555017157
678
0.19441236282906982
679
0.1826052677338805
680
0.14712122628765992
681
0.16330832314011004
682
0.19501101875436305
683
0.20195401984784514
684
0.1686417868934915
685
0.1924547979460729
686
0.15984842832914264
687
0.14999167159127644
688
0.1294092973098252
689
0.24641589324265165
690
0.13754998042617542
691
0.21239247539333114
692
0.22049453760922608
693
0.23038193478799138
694
0.16595752511890208
695
0.16856040809640166
696
0.22014885167211146
697
0.24496954442437882
698
0.16668448920633522
699
0.1633846868606974
700
0.13494533705979905
701
0.19362120386871523
702
0.17589914228245987
703
0.15120514663395365
704
0.14838272443702177
705
0.17044163302935145
706
0.1209949893106827
707
0.23884423046280553
708
0.1588505315644821
709
0.14270678601324022
710
0.14764928261763724
711
0.18855261562886783
712
0.24080126008392844
713
0.20310477773228935
714
0.2105048019056921
715
0.2510261518678266
716
0.19198735567534678
717
0.17077569601734388
718
0.14978314013776248
719
0.1868994977323077
720
0.24909693052895923
721
0.24978052600361972
722
0.20878222008274994
723
0.1472760626392913
724
0.2225631164007301
725
0.11599739288800824
726
0.19207112183308908
727
0.14970347766347766
728
0.2042806847477291
729
0.24087707194585903
730
0.15179308363430466
731
0.21014994616269317
732
0.17391612022629768
733
0.2310767495521886
734
0.8611981472405779
735
0.16405218303666996
736
0.1770346579543843
737
0.18941673184518756
738
0.35070650696146977
739
0.16652732437842527
740
0.11126137327230394
741
0.36749778996684895
742
0.2369395787920493
743
0.20405630501977204
744
0.31398681435568415
745
0.15622874571220569
746
0.20788755924347946
747
0.37170633808126324
748
0.6684179640977386
749
0.13808315645881866
750
0.16686487770421868
751
0.16591401392529417
752
0.8267615638103925
753
0.2228420376223431
754
0.14519627439258434
755
0.1814793315722493
756
0.17730174784985248
757
0.2685400746214595
758
0.17688490594213993
759
0.23889510376013212
760
0.21517694372240498
761
0.298307779498413
762
0.24057146372873153
763
0.29250960135548065
764
0.1689590649648417
765
0.17987035828129636
766
0.2049700010877423
767
0.14771570615007287
768
0.12036950462341157
769
0.1897135316879296
770
0.2507418537020318
771
0.21612301680381166
772
0.17626597975480476
773
0.15552326370047032
774
0.3085638974737291
775
0.15611373171169782
776
0.14712658316271024
777
0.10529742268487183
778
0.2073874199430548
779
0.20410407091758917
780
0.4538660841560016
781
0.13134941486255192
782
0.1549003238571422
783
0.2266934716769194
784
0.30416177561071495
785
0.22763183263687436
786
0.35335140457159114
787
0.20638112715114912
788
0.12687339098210573
789
0.19083978151098452
790
0.16713971100291133
791
0.21949982029700205
792
0.16278386351197785
793
0.15720394956733416
794
0.29553012809372625
795
0.15997757256556996
796
0.19040369433175267
797
0.16648618974433788
798
0.13260913594193485
799
0.36027589692840245
800
0.20931332547653775
801
0.2100736309961386
802
0.17636625616076493
803
0.17410449955539228
804
0.20016020113731614
805
0.26401792927764894
806
0.19667806459429535
807
0.1542798848214444
808
0.1764680450653542
809
0.2261746699649395
810
0.2624733938526106
811
0.2786789930148256
812
0.21496688206488565
813
0.19259840532045333
814
0.17792851090033207
815
0.17507482136900612
816
0.16945331866184618
817
0.14044931633615762
818
0.1931808970539556
819
0.23886656158862893
820
0.19487077034278508
821
0.22917280481508231
822
0.2881008587119763
823
0.13816965781014712
824
0.1757694069588782
825
0.1747085214842938
826
0.1640030926810417
827
0.1733148289973863
828
0.3198368572073953
829
0.18837867736107858
830
0.14662771796574076
831
0.2330233444603291
832
0.23180129623726825
833
0.2230259207696802
834
0.1766513951445132
835
0.12728229075993616
836
0.15024928902703208
837
0.21179686271583376
838
0.16809630757000799
839
0.18632144480964674
840
0.1947584673802224
841
0.2044272942428293
842
0.20073554615354863
843
0.17983169468663865
844
0.21486768997163555
845
0.14927895187051574
846
0.19285008401079712
847
0.1295855446262311
848
0.22752063837434774
849
0.14591917565063123
850
0.1799057532246648
851
0.11765280644847613
852
0.16462964294361412
853
0.17994107529303
854
0.2441938840269228
855
0.2538841544810442
856
0.1882016325878602
857
0.15693565559756056
858
0.13187408765144013
859
0.1960121207317704
860
0.1767994358917675
861
0.12709181864649077
862
0.15559311729382963
863
0.1698481363869047
864
0.17405825367557246
865
0.12252855797598279
866
0.14958918768194496
867
0.1397911885285189
868
0.17522534366113995
869
0.1720892991433628
870
0.2142670530192151
871
0.1882796864530984
872
0.22631009645410807
873
0.23469752343821002
874
0.15558817988945894
875
0.42896305606534785
876
0.14630379843420166
877
0.1375206344380216
878
0.1566654085884411
879
0.11984642000748931
880
0.269979062863604
881
0.1328422989422279
882
0.1225038227146618
883
0.17539588375464493
884
0.2798350744853411
885
0.21328429525263562
886
0.16703043671861778
887
0.16577796777006304
888
0.16339671277079937
889
0.29365401933814106
890
0.19805187719217116
891
0.2000779929340582
892
0.12386338067323079
893
0.14429455095559282
894
0.23757415553069308
895
0.14445627928044746
896
0.17801348059663077
897
0.2178712513872745
898
0.14392914066688936
899
0.19662746867654468
900
0.22837556587254604
901
0.12413651663148173
902
0.2876077854981412
903
0.1648850922361982
904
0.14506755933144375
905
0.1752904975736931
906
0.1446741994881298
907
0.12984456912249326
908
0.19599185092780738
909
0.18136439770541854
910
0.21926631175492745
911
0.23649405947251786
912
0.2134470945007302
913
0.15692252013020477
914
0.15631932166358553
915
0.18459112037520364
916
0.23367616348888925
917
0.20568279363833392
918
0.18762318576460543
919
0.17922779192836552
920
0.15811164015167672
921
0.17455552683872633
922
0.15928444289891946
923
0.16302789523269806
924
0.184365656358515
925
0.19008941776199678
926
0.4672190030548147
927
0.208149397518697
928
0.18088342561004792
929
0.3497409532400671
930
0.14375634172861124
931
0.20737377113542474
932
0.17227287935793462
933
0.16277937388865565
934
0.1429470663594171
935
0.23656810350378876
936
0.14480075668396825
937
0.22947492631207214
938
0.2132194500591824
939
0.2177485950012756
940
0.1634325808783442
941
0.23645230715697832
942
0.1366314362600284
943
0.15243590975992188
944
0.19246792859375836
945
0.21117297990477973
946
0.1694661668033357
947
0.1840761549977345
948
0.1545109955997285
949
0.1625020050179585
950
0.15450473254052474
951
0.19575016630963227
952
0.20550150823607058
953
0.15450853901522937
954
0.19621879443493856
955
0.3931485906370361
956
0.13911460192115072
957
0.22412042089245818
958
0.22054304614367928
959
0.2102206890748177
960
0.20851168479552015
961
0.1445527305468326
962
0.25352104711606427
963
0.12966302906241303
964
0.18304770706630605
965
0.11734764567242145
966
0.13382751878639765
967
0.22505048818199092
968
0.166274671048654
969
0.17975659667863364
970
0.21391435639311007
971
0.14251815633262566
972
0.17014169772721335
973
0.17803756161421366
974
0.13869842897704704
975
0.11582107681372505
976
0.20835247314032362
977
0.2218967133784471
978
0.20611280054997497
979
0.2479000875418186
980
0.13892830062050435
981
0.23202899373440994
982
0.17354016939391956
983
0.15640148119458736
984
0.2069002189453351
985
0.16318757964414257
986
0.2640424001712246
987
0.6694599728681794
988
0.1726030293055105
989
0.1617248146827027
990
0.19301722579397032
991
0.34285865965293216
992
0.19440005350887948
993
0.1892544636498778
994
0.1310113673499131
995
0.14341671130963277
996
0.1733923114454835
997
0.1427836742084213
998
0.17224512561363203
999
0.17272276533753306
1000
0.1781829750850616
1001
0.16345117251737187
1002
0.19594446905134363
1003
0.27812580039818985
1004
0.3826520688011355
1005
0.17495017032337595
1006
0.15911037703057815
1007
0.18046330961812806
1008
0.15175427856984094
1009
0.2080835170224312
1010
0.22881885545424524
1011
0.2034622947787449
1012
0.21314815055946684
1013
0.19698254675548912
1014
0.13939160222929628
1015
0.14153790450333534
1016
0.2049195279952097
1017
0.20158414281165918
1018
0.23156564888802472
1019
0.25613246657927863
1020
0.24329794326188828
1021
0.17339369719164358
1022
0.14343755905972577
1023
0.20975799369409498
1024
0.18878668701896345
1025
0.208205954293761
1026
0.2173563255014117
1027
0.16154597726110076
1028
0.31832655961914613
1029
0.2649721212127004
1030
0.2073046842860295
1031
0.30666986059359724
1032
0.20159811463957863
1033
0.17353764137928107
1034
0.25602362284770463
1035
0.2566806317463354
1036
0.19956950945700838
1037
0.19444304010723742
1038
0.22368251168698075
1039
0.3891614940713143
1040
0.1974431977340489
1041
0.2099315094446527
1042
0.22041915539547677
1043
0.19061506202337453
1044
0.22532429235981524
1045
0.156905284065944
1046
0.15815161594808694
1047
0.30501140270731625
1048
0.1660792905913401
1049
0.22464985109292523
1050
0.2450560215610093
1051
0.2503416011937367
1052
0.18150161534623577
1053
0.16946204076729535
1054
0.22754572889798128
1055
0.20136155985725393
1056
0.16698600674061048
1057
0.21135374777271002
1058
0.14656165748421524
1059
0.18190483589303996
1060
0.35573648398682167
1061
0.20622637311863462
1062
0.14417432144440842
1063
0.16968128887994308
1064
0.18410399007568728
1065
0.1680948157959839
1066
0.25385976281378686
1067
0.20090941965968234
1068
0.24192107237579225
1069
0.23924939657530458
1070
0.1494480878840784
1071
0.2699043943431955
1072
0.17168251472323653
1073
0.2990081773864959
1074
0.19401296734369822
1075
0.20279639601819335
1076
0.1454072154232652
1077
0.15742953626426723
1078
0.2068797785964218
1079
0.22827083994862307
1080
0.20517325613904783
1081
0.24259788137322724
1082
0.13740141258812216
1083
0.1850845484624647
1084
0.14058394098539453
1085
0.17824054441752943
1086
0.14473432682008813
1087
0.21076831843042254
1088
0.18267001355659282
1089
0.1623033158563592
1090
0.13999405808443022
1091
0.16757862671512735
1092
0.29385244139938715
1093
0.22156005589928318
1094
0.17355780710929072
1095
0.15022993763612336
1096
0.19766557248719188
1097
0.2108925110066989
1098
0.16391799682190755
1099
0.17555721359648238
1100
0.13452114441189986
1101
0.23230053485513852
1102
0.23949872965333419
1103
0.2617585801271857
1104
0.19729451677526805
1105
0.17026444888650874
1106
0.24683133415558056
1107
0.15367763916230634
1108
0.22990830268489926
1109
0.14229981747565387
1110
0.6432730413638541
1111
0.15999340145515847
1112
0.12577128306458546
1113
0.16449755622477313
1114
0.13470993657901606
1115
0.1643913116536256
1116
0.1478601883037062
1117
0.13775610933147298
1118
0.14048349134293714
1119
0.2705801329026264
1120
0.15964522395528025
1121
0.17400136067167607
1122
0.1327485836668416
1123
0.1849533073793364
1124
0.199697193207494
1125
0.1862268273931991
1126
0.2674077632252933
1127
0.25434203087729396
1128
0.23070761515199945
1129
0.15562353316434857
1130
0.17438919107603357
1131
0.18951890912048766
1132
0.17884039527307158
1133
0.2326597046067877
1134
0.16778260631863853
1135
0.1570503865668997
1136
0.18982273420184187
1137
0.220329945370148
1138
0.19873986236967672
1139
0.16873369114133976
1140
0.1457267891743393
1141
0.16433915530406762
1142
0.17869884099415326
1143
0.12933250275130678
1144
0.17939177563606815
1145
0.17007284989951663
1146
0.21535957441856507
1147
0.15630055698478273
1148
0.32114543741694995
1149
0.18953202134793812
1150
0.464306491575174
1151
0.15784690239198482
1152
0.20174925839540858
1153
0.32515741561581984
1154
0.21135247732847567
1155
0.13710885583420654
1156
0.7250301419961859
1157
0.18883125683133284
1158
0.47938607909891323
1159
0.17344815431519991
1160
0.12417518067488424
1161
0.1614315285336996
1162
0.2694657948105283
1163
0.15282936263337266
1164
0.20152987011999351
1165
0.16602633255633767
1166
0.2129354280154798
1167
0.46507555525056626
1168
0.21124197169286457
1169
0.1932290530143268
1170
0.112934210830076
1171
0.15930275113745837
1172
0.17483431835410781
1173
0.17304129472281374
1174
0.14939644095725438
1175
0.17851040679452243
1176
0.19945405160668353
1177
0.19006307737671177
1178
0.1509446599057467
1179
0.19373122914797208
1180
0.1810688024611905
1181
0.2812181079497768
1182
0.18304185791293004
1183
0.24554859617157646
1184
0.16204131854422082
1185
0.14285226701948073
1186
0.16714541779938108
1187
0.2915862578734967
1188
0.25052521888618673
1189
0.256708776693644
1190
0.19516225328075457
1191
0.22487943927769183
1192
0.32470655083710226
1193
0.12041337409246289
1194
0.17914635463451362
1195
0.2527133335696758
1196
0.21735889870572547
1197
0.14427032595833655
1198
0.1373980483353872
1199
0.1721344638086238
1200
0.1648053398363126
1201
0.21466410980277223
1202
0.17039839465234385
1203
0.15628438294529423
1204
0.19044041041373044
1205
0.14197079167565724
1206
0.4800991896826811
1207
0.12102987693973354
1208
0.2831039093226014
1209
0.1661664284618953
1210
0.16112166733508387
1211
0.2023169799889178
1212
0.13443283034671102
1213
0.17022244768773373
1214
0.22225508657494325
1215
0.15496137676485044
1216
0.1849789995933609
1217
0.20150278205988728
1218
0.19953026639513421
1219
0.1515944323988857
1220
0.1447252639935196
1221
0.1370513415298432
1222
0.20262306498175697
1223
0.19330368777231555
1224
0.23845226990064797
1225
0.1816785118011921
1226
0.2010004304504899
1227
0.16497665759635305
1228
0.25310631930291666
1229
0.14918825136077482
1230
0.26415883057209033
1231
0.19055767206362906
1232
0.22324857171640927
1233
0.12326006030191751
1234
0.22677381068035496
1235
0.22696625058210523
1236
0.21881857383466014
1237
0.2151407569754519
1238
0.17065864808522735
1239
0.21131606139243672
1240
0.16515584085259105
1241
0.12905773389613034
1242
0.21139734795313386
1243
0.19421111430871005
1244
0.17377705055932405
1245
0.14225268835327065
1246
0.16432228721388834
1247
0.22609012111134213
1248
0.21615370528024516
1249
0.16749528867119556
1250
0.13850402756507382
1251
0.18172216463498395
1252
0.20151842483388122
1253
0.27809839775320827
1254
0.1584039851517725
1255
0.18404596154949845
1256
0.16824921130190834
1257
0.13627514653503414
1258
0.12477411494695469
1259
0.18005763029378974
1260
0.16526067175910988
1261
0.2671451647366288
1262
0.14326728410898681
1263
0.2197285660192266
1264
0.1431888695630851
1265
0.1428457192500804
1266
0.18763607758320786
1267
0.35179344591719713
1268
0.14961908058633025
1269
0.18403700918740343
1270
0.17890515938681814
1271
0.15612558531896834
1272
0.2079222839555211
1273
0.17294043336385048
1274
0.18466633654759834
1275
0.15072225228213396
1276
0.21903733495444286
1277
0.13856341973996908
1278
0.1171541932465339
1279
0.2315944503214712
1280
0.1752389470376144
1281
0.23232831493135353
1282
0.24484810282714323
1283
0.21319419570831843
1284
0.2457564959719726
1285
0.16118812192596882
1286
0.16900600856383582
1287
0.19202321436913466
1288
0.19673508088333644
1289
0.237052575989693
1290
0.21785604536258552
1291
0.17190366823544978
1292
0.19110440632295259
1293
0.4054454385121691
1294
0.18334449272492448
1295
0.19015029962218122
1296
0.19817419921695625
1297
0.1992025124284272
1298
0.16756997330227216
1299
0.1711924269742834
1300
0.3666648446697978
1301
0.1734960176456651
1302
0.14474031316875238
1303
0.3812827927337075
1304
0.1718559235825213
1305
0.12840851952631047
1306
0.20902880215637476
1307
0.19123667642753286
1308
0.1337880005013547
1309
0.23063654949455112
1310
0.13519489836714502
1311
0.2131079729018812
1312
0.15915718611092464
1313
0.1758130770156522
1314
0.16205519060409662
1315
0.2655900520470976
1316
0.1935465705581265
1317
0.14815409020234654
1318
0.12808756189420697
1319
0.24844612458733706
1320
0.21649498275435233
1321
0.23084126601099011
1322
0.13616909198511942
1323
0.5173736457611415
1324
0.16147027783358422
1325
0.17847231883681036
1326
0.11302100236567202
1327
0.12753294721467556
1328
0.2217476845527262
1329
0.186551919129868
1330
0.18629323675532805
1331
0.20236023100828046
1332
0.14784041728535233
1333
0.14135639934785837
1334
0.1764347787180844
1335
0.1823163414315052
1336
0.187622981338359
1337
0.248245975149166
1338
0.15969588298176407
1339
0.13935504042368685
1340
0.1781244763411783
1341
0.18460755967489278
1342
0.12668892770863877
1343
0.31873010901732524
1344
0.1502891963673964
1345
0.2140737565402622
1346
0.2325153226400022
1347
0.19421190224027243
1348
0.16353024752377457
1349
0.20758436070095618
1350
0.14332412056294924
1351
0.12275780146169987
1352
0.1812629907815943
1353
0.1266868811515363
1354
0.14231575755927275
1355
0.275317141144247
1356
0.16452853085668948
1357
0.20581012396784684
1358
0.32210486127828586
1359
0.16919625209137776
1360
0.1985244212411755
1361
0.16093989830392433
1362
0.2178302830210646
1363
0.13861657333656385
1364
0.21348463854218022
1365
0.18527689829826585
1366
0.15445754488919408
1367
0.15536993811675928
1368
0.19600688316927053
1369
0.1607204987681295
1370
0.18130663535989128
1371
0.14729059526706725
1372
0.19991263984874735
1373
0.2634371365643362
1374
0.13387875013367406
1375
0.20774087164857924
1376
0.1673386659118383
1377
0.17124834984223436
1378
0.14972850831967938
1379
0.30285490886169053
1380
0.19468974007661874
1381
0.18175190137294805
1382
0.3598095346808659
1383
0.12754300166603838
1384
0.17902802305671683
1385
0.22315813415186933
1386
0.11750889076821917
1387
0.16559841504311815
1388
0.1806105770452743
1389
0.12808295886514293
1390
0.17618122774541967
1391
0.25068533732510545
1392
0.16400630180789103
1393
0.18859337622497938
1394
0.18724767752380356
1395
0.14456414933573533
1396
0.14197136201999935
1397
0.26210880451783736
1398
0.1594583381892738
1399
0.19162850622387367
1400
0.20494384865785914
1401
0.21355578212976475
1402
0.13787448161492566
1403
0.15533493468479864
1404
0.19499057451923826
1405
0.34051103657719717
1406
0.11448604437244805
1407
0.28686817523673763
1408
0.19965170541029553
1409
0.13982400593639457
1410
0.1973656300766913
1411
0.16260291609284805
1412
0.1322221327349371
1413
0.15956751604744554
1414
0.19902509250843262
1415
0.20705422506516447
1416
0.18917328550441528
1417
0.14218145144133465
1418
0.17053156483266127
1419
0.169291144230341
1420
0.12989302811755293
1421
0.18681753876630722
1422
0.21923038429682642
1423
0.19579258274805467
1424
0.17507753443131588
1425
0.1874902237663882
1426
0.21253672833863269
1427
0.14947407520885775
1428
0.1976282636301422
1429
0.16893667743184027
1430
0.18328760779796202
1431
0.15016782177104282
1432
0.1711059677883573
1433
0.18644140414377505
1434
0.16163377124099215
1435
0.2530137751127631
1436
0.1826670684076018
1437
0.16889324337337597
1438
0.2133006822767568
1439
0.1481322556622619
1440
0.19826100492680288
1441
0.1899221129703443
1442
0.2532960811792687
1443
0.1456666626757289
1444
0.16271490858554788
1445
0.22137646236721417
1446
0.24891379694192042
1447
0.1612880652513641
1448
0.19643081928507497
1449
0.18280886874035812
1450
0.14369929424390368
1451
0.13558809654774537
1452
0.24087559447640824
1453
0.3451410434394384
1454
0.17010547662212713
1455
0.1456817091924554
1456
0.20999199922806916
1457
0.16511087937575777
1458
0.31604264203374455
1459
0.297522807302537
1460
0.15021338704531903
1461
0.3256658399911336
1462
0.2081032109008801
1463
0.28716315695705424
1464
0.15366875988008202
1465
0.18153479974736356
1466
0.17824336496979534
1467
0.20217095051108092
1468
0.26849757587656053
1469
0.12659817750448174
1470
0.32399536870161
1471
0.13834680162206753
1472
0.19936791986061364
1473
0.1759893695838235
1474
0.23756555357161546
1475
0.20705946000213496
1476
0.1493198071475584
1477
0.15555909082869984
1478
0.19525755988524807
1479
0.2567122078478749
1480
0.15143283229592994
1481
0.14076237268228034
1482
0.18029143893169064
1483
0.22853266312601
1484
0.3759274770556685
1485
0.17314385935574056
1486
0.2682895182088075
1487
0.14123876149462497
1488
0.24265710116100017
1489
0.16915634059638773
1490
0.16969901489007774
1491
0.8199514352316181
1492
0.12951723891424013
1493
0.2273007138446805
1494
0.17678463590653518
1495
0.16669844063018063
1496
0.22862842507932601
1497
0.22683096615697773
1498
0.14564424102257048
1499
0.12870558629765008
1500
0.16055874657929445
1501
0.1431226974370355
1502
0.19337957367167005
1503
0.1487039008968027
1504
0.19121336443915316
1505
0.2207512506920393
1506
0.1490606044821537
1507
0.16962212612095648
1508
0.24026635171843297
1509
0.17211567858037738
1510
0.27628698339289814
1511
0.1482295185604621
1512
0.22815059329946605
1513
0.15520737676955806
1514
0.14441422417641958
1515
0.12821195641143374
1516
0.15218573437154195
1517
0.30080030320361373
1518
0.15669488083373212
1519
0.2288276914019715
1520
0.13521445746140642
1521
0.17315443413938827
1522
0.11573289456978339
1523
0.16300244338131104
1524
0.30318073227511516
1525
0.1780669581458809
1526
0.21584228116149087
1527
0.2200359694755633
1528
0.21529502102220033
1529
0.2843669291056467
1530
0.22447320112320224
1531
0.16470365598544512
1532
0.16369444310766784
1533
0.2054623940416234
1534
0.19663909044203348
1535
0.1517179396521863
1536
0.19006342148651173
1537
0.23435777907587668
1538
0.15459648194052247
1539
0.2473527195426405
1540
0.18989852741796553
1541
0.37774320210518014
1542
0.1385787975873672
1543
0.14810805254005788
1544
0.1653613909799516
1545
0.2548163691021372
1546
0.13693376587772443
1547
0.21777283386687882
1548
0.14912202084708995
1549
0.1616359571757867
1550
0.16214735999535368
1551
0.14659843496013286
1552
0.1679587266825817
1553
0.1369636393214692
1554
0.23112862018458347
1555
0.15177249500188095
1556
0.1537779266255822
1557
0.22237859173144242
1558
0.15530031854692572
1559
0.22811630056643842
1560
0.19176803295038078
1561
0.17477882095546002
1562
0.1739280429602691
1563
0.12440436814304669
1564
0.1748763230423152
1565
0.14185804933385765
1566
0.18016737202075878
1567
0.16406793770441624
1568
0.26561183020416784
1569
0.21491881700420448
1570
0.24468978636202307
1571
0.1508702791300356
1572
0.1381640933977797
1573
0.1938384530871373
1574
0.15086817108934997
1575
0.25173085987008353
1576
0.26617400281270504
1577
0.14576988018503073
1578
0.18880851025604917
1579
0.2674868986089716
1580
0.2029228006209792
1581
0.20031016176656252
1582
0.171433600699295
1583
0.2310943311231835
1584
0.3481464282112134
1585
0.2191426093534884
1586
0.1715190613577313
1587
0.15453088560281764
1588
0.17392225224544644
1589
0.17836039680017604
1590
0.25461905586110795
1591
0.14871952713773148
1592
0.1616941291221181
1593
0.18619248008953093
1594
0.32671951536779004
1595
0.11941727371296355
1596
0.16323758346887934
1597
0.15261546617755684
1598
0.42839488765572215
1599
0.20486307499001224
1600
0.3478669418219972
1601
0.19466701169606881
1602
0.15580392081831154
1603
0.12850972868525146
1604
0.1717876395551025
1605
0.1594461839207493
1606
0.14185300717996888
1607
0.21700615694320943
1608
0.16029035356391447
1609
0.16692082524752272
1610
0.17587611520077176
1611
0.17659112358520637
1612
0.3496474562751082
1613
0.19670469930347814
1614
0.16160659030004385
1615
0.1650552244240816
1616
0.19778735747305778
1617
0.3085434875366081
1618
0.1657770678983877
1619
0.1575865018418467
1620
0.22111168042303936
1621
0.21621491868601464
1622
0.1651519076337731
1623
0.1577610748088609
1624
0.14469034764584326
1625
0.2127771837511266
1626
0.2539276667532287
1627
0.2570320806016328
1628
0.216621800162457
1629
0.16981901313825065
1630
0.19502080871993432
1631
0.21598580254148933
1632
0.170636826765381
1633
0.20467703502247986
1634
0.1404971888902622
1635
0.16571638793265608
1636
0.16705171718935288
1637
0.16829469344086642
1638
0.1778319267697602
1639
0.16743886012648193
1640
0.18222085757038312
1641
0.19214995346313127
1642
0.15830674213631765
1643
0.12748811179690384
1644
0.15766587393424691
1645
0.302484891866617
1646
0.17126833871357763
1647
0.16631366731236985
1648
0.17178714597525144
1649
0.18436619181953579
1650
0.1798448732127449
1651
0.16126716831430365
1652
0.2017420833083756
1653
0.15323953055249928
1654
0.24913859509872097
1655
0.1404441891036325
1656
0.20225952764227106
1657
0.2392469996246593
1658
0.1506164961814997
1659
0.2031881169319672
1660
0.18743970236187926
1661
0.1564574205042226
1662
0.1836755458264232
1663
0.3924837172944829
1664
0.18027635941927805
1665
0.25027067805904646
1666
0.17693208229898352
1667
0.2969703822065698
1668
0.14638939668479348
1669
0.27172356407418663
1670
0.14701113367852064
1671
0.18383419540407675
1672
0.2321841090566612
1673
0.1749418523995481
1674
0.12572457675234897
1675
0.16740300346648576
1676
0.15241688897951633
1677
0.21544952834820674
1678
0.23118242944584008
1679
0.2141852153303398
1680
0.20133606476337118
1681
0.17998839903327382
1682
0.19168185553134828
1683
0.1513469720342261
1684
0.21617511078875398
1685
0.2411265749195853
1686
0.26665925223228776
1687
0.16420700766567495
1688
0.16540964593098603
1689
0.12759656858564541
1690
0.14876615538557203
1691
0.2703423912809124
1692
0.24385424023037858
1693
0.16425399439752986
1694
0.3859206270739303
1695
0.21416790991225124
1696
0.20037424233606604
1697
0.2968191109273576
1698
0.26972719702745795
1699
0.12080680391801694
1700
0.13937694021289548
1701
0.14033537341300162
1702
0.24903498849813877
1703
0.17256329010767843
1704
0.15836052360286143
1705
0.27857572660649976
1706
0.19050174428599617
1707
0.14541992297821796
1708
0.20574536015851777
1709
0.1524110718235404
1710
0.16685481905918162
1711
0.2008779748113914
1712
0.28415636253855286
1713
0.14901719271880057
1714
0.19872078887586433
1715
0.2636968123461681
1716
0.36585479280013167
1717
0.13075530463904383
1718
0.23460117857411125
1719
0.17860132439484144
1720
0.24161735192885733
1721
0.3511475378821722
1722
0.25132123981701027
1723
0.2938707476059618
1724
0.16818001568803198
1725
0.1712991109948831
1726
0.3136524914123151
1727
0.1558144450432536
1728
0.12642067561472214
1729
0.21295934748683268
1730
0.15658892577732786
1731
0.1618136586080367
1732
0.17199375982611237
1733
0.15779996225563236
1734
0.24826446790250145
1735
0.15734805143012087
1736
0.16303570083310145
1737
0.13021171950812474
1738
0.23431243056852824
1739
0.23904984373353932
1740
0.1720142291036837
1741
0.2164749482581767
1742
0.1742071130331758
1743
0.15590965877780752
1744
0.13107309247437088
1745
0.22679675010763548
1746
0.4446612321176435
1747
0.17505421555497902
1748
0.33741558346572265
1749
0.21452762778410903
1750
0.17746031466892012
1751
0.18941761136157265
1752
0.17531873943284265
1753
0.268459223588854
1754
0.15910566369893578
1755
0.16200355533574268
1756
0.11853601330763176
1757
0.6893812414935547
1758
0.12196119111816904
1759
0.15530810558728086
1760
0.24604916184671516
1761
0.16955209335844232
1762
0.15628564313224658
1763
0.25757622738833374
1764
0.2236107473776135
1765
0.14889916013290408
1766
0.15270447273554447
1767
0.17557835676174435
1768
0.2508770125285717
1769
0.22745104539213085
1770
0.16038954466213964
1771
0.23918723985364734
1772
0.18165417520835545
1773
0.13654982138211924
1774
0.1765442711423313
1775
0.15489984012004346
1776
0.1821778754179749
1777
0.13650194317459594
1778
0.2026507531702658
1779
0.1728498012060171
1780
0.16459681809971805
1781
0.15543634396782546
1782
0.16114360159075022
1783
0.221588814236116
1784
0.13499802937700234
1785
0.31023132622707206
1786
0.26198683312595056
1787
0.20877131306831367
1788
0.2433985459477105
1789
0.17572361623919744
1790
0.2062640551225934
1791
0.19994486025845343
1792
0.1536216915913826
1793
0.13141576703455224
1794
0.20981395949094392
1795
0.16851048829146573
1796
0.14764564608441846
1797
0.13347266746528932
1798
0.13951446537546622
1799
0.2055315995268816
1800
0.16778431431480526
1801
0.2014290846194127
1802
0.17815399169345747
1803
0.23156307191574646
1804
0.2618086891690716
1805
0.1993485447074723
1806
0.759835132302299
1807
0.2048872308864954
1808
0.2029832223384644
1809
0.14334180717061673
1810
0.19209170831946457
1811
0.20641158370742418
1812
0.23212750569632307
1813
0.19238033989434217
1814
0.21619470358120327
1815
0.18140348028061082
1816
0.15048263527715958
1817
0.27129311055397415
1818
0.16348245155140895
1819
0.2417813023961661
1820
0.20272128684744253
1821
0.15119700766296432
1822
0.2007528149644838
1823
0.2059626877400126
1824
0.16700040634410723
1825
0.18617954110033463
1826
0.1452496217823946
1827
0.17764482570863865
1828
0.15434816600320417
1829
0.22133740935855695
1830
0.21150288588468139
1831
0.24586821530302105
1832
0.1937395631203349
1833
0.20181100966028395
1834
0.3102250288335221
1835
0.18443296924224858
1836
0.1860415525265424
1837
0.33340853117245667
1838
0.21304449343739823
1839
0.17868722448113236
1840
0.1475344929151295
1841
0.19717260717838742
1842
0.2121483267641567
1843
0.14175714356020766
1844
0.19773531680623666
1845
0.19250184279981922
1846
0.13867172285829046
1847
0.23780275665381317
1848
0.17719076348043478
1849
0.13492919011642973
1850
0.15106660434856162
1851
0.1565647304769315
1852
0.19783764970559858
1853
0.1476654062331438
1854
0.14618908836334765
1855
0.14145798584198582
1856
0.15891869517230392
1857
0.20908274633931914
1858
0.14258950489692818
1859
0.20623413687534414
1860
0.18358125039857834
1861
0.22566749756232313
1862
0.1761123771623492
1863
0.20266256844633418
1864
0.19203543798391326
1865
0.17837661149936274
1866
0.24232604711169792
1867
0.2709556638761474
1868
0.28650175056217253
1869
0.18539482197816884
1870
0.17232055659289489
1871
0.17413798724019042
1872
0.21585092836367917
1873
0.23438433562122957
1874
0.2770151185741168
1875
0.17549728860795158
1876
0.12480620961420161
1877
0.1723640166389101
1878
0.16573877082012461
1879
0.15180204432010905
1880
0.1608848582990924
1881
0.2348736195214037
1882
0.15576704224711477
1883
0.17340352210685314
1884
0.15683719620674527
1885
0.1604801453213329
1886
0.1717660250895007
1887
0.9360953565785525
1888
0.23238432325476396
1889
0.14640838546555437
1890
0.17417859500793687
1891
0.23577025209759495
1892
0.2269780259404632
1893
0.2614761337215482
1894
0.14604219258937903
1895
0.1283908531106719
1896
0.32420476151839916
1897
0.11659953553267892
1898
0.17206127793368267
1899
0.16677373984210736
1900
0.22114924744560277
1901
0.1487848096497707
1902
0.13709043288908754
1903
0.13808883731040703
1904
0.24971178296914356
1905
0.1559168420809607
1906
0.18226604171397398
1907
0.187723600492264
1908
0.3207913074694521
1909
0.14476327908676329
1910
0.20143916181371202
1911
0.13429949566703714
1912
0.17245961412606287
1913
0.14918530695254498
1914
0.2028102766218918
1915
0.23358052207633964
1916
0.1608611783997109
1917
0.1757545414459244
1918
0.17187811863072028
1919
0.13261216185774258
1920
0.21675975499238767
1921
0.26826650621403886
1922
0.17790503279757516
1923
0.24834887944457315
1924
0.13756819652070357
1925
0.22014303092771048
1926
0.23046044255412113
1927
0.13952528250066573
1928
0.21088805861176554
1929
0.11803561322244148
1930
0.24032934720977392
1931
0.20333155007466017
1932
0.1285168810802919
1933
0.25756530633313035
1934
0.26567550796427997
1935
0.16469523168696
1936
0.1468641280270707
1937
0.17529328041261508
1938
0.1487284140219925
1939
0.1570301142168067
1940
0.147898628823465
1941
0.3527398188008012
1942
0.16775517253369585
1943
0.14728474470931568
1944
0.18424804107519432
1945
0.12814327262547764
1946
0.17099886956742452
1947
0.17358039314887197
1948
0.15774744735199886
1949
0.1656831853314319
1950
0.26376946560169806
1951
0.2267669244160603
1952
0.17047395538052976
1953
0.21641552578162565
1954
0.13594384729521156
1955
0.28890266386287095
1956
0.14896408063195424
1957
0.8474514836267933
1958
0.18712133117591673
1959
0.14263499819325426
1960
0.16422755598300406
1961
0.15973802399863785
1962
0.17940442214140503
1963
0.17015647727243213
1964
0.13002256091159342
1965
0.14949524178853238
1966
0.1344482460094974
1967
0.17381203089868175
1968
0.15481346847733096
1969
0.3887698709583447
1970
0.21944730775140533
1971
0.5554642966971104
1972
0.14464964075515652
1973
0.20524016834274156
1974
0.24190926719447248
1975
0.17663339442425746
1976
0.23764630507003456
1977
0.20939692717583783
1978
0.2014558740231521
1979
0.1926896826300728
1980
0.1549983257564342
1981
0.14380855002050758
1982
0.17870592577735833
1983
0.21065326223372405
1984
0.20373905559920355
1985
0.18271304621281428
1986
0.17997326929839513
1987
0.17034041962363797
1988
0.17509595800933808
1989
0.19313722866408853
1990
0.1313171883450921
1991
0.14672702134455723
1992
0.1971755216382698
1993
0.1709636005046735
1994
0.16000033693172386
1995
0.1786985081063045
1996
0.1589730315862892
1997
0.1379193922552089
1998
0.1862810362638984
1999
0.14146240517079806
2000
0.172099754609815
2001
0.21625663221973052
2002
0.20538961773165115
2003
0.1503292685367221
2004
0.2502953157383547
2005
0.1277416621564342
2006
0.15286422805072344
2007
0.18829297271922088
2008
0.1374029816636581
2009
0.16045308698082655
2010
0.34746371964472134
2011
0.1860987663210211
2012
0.18753536492597714
2013
0.1477065211065936
2014
0.1938523438693156
2015
0.34601129517126183
2016
0.17784735088158135
2017
0.17357330240436966
2018
0.16536621830638645
2019
0.2089800268564862
2020
0.20572019037765366
2021
0.15655367628146863
2022
0.17736782954105745
2023
0.14423373598868594
2024
0.19150106521048538
2025
0.16676663677539078
2026
0.2314439850620497
2027
0.15983666446979444
2028
0.41921806941908707
2029
0.22294720035369617
2030
0.17271005573715983
2031
0.2147472679355811
2032
0.14117628686913533
2033
0.2900347195531597
2034
0.1657704659430603
2035
0.1816068839051174
2036
0.19772818038426826
2037
0.2200596088732465
2038
0.16224318211563293
2039
0.1315406010713288
2040
0.14759917514251342
2041
0.1350140198685424
2042
0.16595978824214674
2043
0.2175715319312272
2044
0.17806539498603471
2045
0.23052459491708222
2046
0.16335848536319156
2047
0.18447409652037017
2048
0.15930859033879036
2049
0.17513001179202303
2050
0.25781615799767504
2051
0.2026837587554567
2052
0.23029594305867
2053
0.32267221286229675
2054
0.1469209917798616
2055
0.20083278599149695
2056
0.30561182714533636
2057
0.146101116702105
2058
0.15834020510401842
2059
0.18999054712765093
2060
0.12097608269746403
2061
0.14572456319300806
2062
0.1363811242490809
2063
0.22196453417201917
2064
0.24534907587543112
2065
0.16856605659500332
2066
0.21732235440556194
2067
0.15436109128520134
2068
0.27941285808834265
2069
0.20852305904894286
2070
0.2686878707062618
2071
0.14418271162852242
2072
0.19861078217621367
2073
0.1587122015640939
2074
0.14042687833548195
2075
0.18825322599243946
2076
0.13126708729120562
2077
0.2977027434106183
2078
0.15166400449148137
2079
0.25583837152555655
2080
0.2681374427207743
2081
0.17458738241101823
2082
0.22528544947716886
2083
0.16535431202354384
2084
0.15452152572788327
2085
0.1664159961952625
2086
0.1715295687068934
2087
0.24685940785359767
2088
0.22933658743522867
2089
0.2285873906424778
2090
0.15731380437976913
2091
0.2676737229245993
2092
0.2677175165495888
2093
0.23044972886556267
2094
0.16764264409887503
2095
0.14433309121127716
2096
0.15847334984646266
2097
0.1513985655933552
2098
0.18661339370335692
2099
0.12493976736505479
2100
0.28077872538182985
2101
0.18931698360995405
2102
0.14410476829284094
2103
0.17018737235187528
2104
0.2220510811497863
2105
0.21197860459409507
2106
0.15978198976535174
2107
0.20370709870092507
2108
0.15458601342083994
2109
0.14401704896732356
2110
0.16319682692142753
2111
0.20581062669637837
2112
0.1068788223773157
2113
0.1967776049566261
2114
0.15246794168921818
2115
0.1935634187176568
2116
0.31361574815283644
2117
0.1603953260368501
2118
0.21964176895601414
2119
0.19148434213249962
2120
0.19306412486838165
2121
0.2485147648216971
2122
0.23687841297240025
2123
0.1527190153899547
2124
0.292907797274488
2125
0.19090124000506398
2126
0.1928749478575374
2127
0.17932665421185875
2128
0.16526129183589708
2129
0.14730205775904362
2130
0.19084879749240619
2131
0.22098284382963193
2132
0.27462881893343716
2133
0.20997657445108428
2134
0.15187260124545282
2135
0.14191292449617093
2136
0.20947621647654285
2137
0.11640425449047383
2138
0.12636778846504726
2139
0.18402957286
2140
0.19192340365275892
2141
0.13637380770351099
2142
0.14766435139343032
2143
0.19439706731432768
2144
0.2382639871810225
2145
0.13966040347944234
2146
0.1763665142265496
2147
0.17419510175935327
2148
0.17214432799939194
2149
0.1286778540727365
2150
0.21559797187866436
2151
0.15578450560094692
2152
0.2023882254840101
2153
0.18092679452290394
2154
0.12288086124206787
2155
0.1641104753864868
2156
0.13837826626044586
2157
0.16498351415610304
2158
0.16993706717285875
2159
0.12467341518729601
2160
0.1530168889063761
2161
0.1757241792328969
2162
0.21787745388000207
2163
0.16189584818229183
2164
0.1433619495789018
2165
0.19897876692353667
2166
0.22163281194825005
2167
0.22312937112594775
2168
0.1760618304122183
2169
0.2238820156507854
2170
0.25854493100575887
2171
0.21158046949333204
2172
0.16018054647011962
2173
0.2065623350957947
2174
0.22404606479654385
2175
0.15453490679229018
2176
0.7078830982816418
2177
0.14582172666055762
2178
0.19985272118139893
2179
0.16796178372016674
2180
0.15709845262262395
2181
0.3263079028975962
2182
0.1358713011299051
2183
0.21590235504745492
2184
0.16193297301223558
2185
0.1650086130358477
2186
0.1636714799033897
2187
0.20898720633721335
2188
0.21775046997542896
2189
0.1774486356571425
2190
0.16689583012542922
2191
0.20417269025596513
2192
0.24671863404723593
2193
0.12094061720385753
2194
0.22570036735002408
2195
0.23621354612080034
2196
0.21557308415380189
2197
0.2396187847097159
2198
0.14560123910720907
2199
0.13642827783809766
2200
0.20210860436716385
2201
0.18290434689513496
2202
0.23435410412710783
2203
0.13387491693021758
2204
0.16661475978429777
2205
0.9564927952505695
2206
0.16922813377606255
2207
0.46099778448773204
2208
0.19762657133861222
2209
0.12310451450396187
2210
0.1425308341818264
2211
0.18838014801364988
2212
0.2081921680295661
2213
0.18529651262672492
2214
0.16232879933792682
2215
0.1411125305112791
2216
0.26460519643640606
2217
0.1530170910141577
2218
0.27274694969956903
2219
0.16928719276482418
2220
0.1627807926131999
2221
0.1600472851279094
2222
0.1291125342120242
2223
0.1628382437492072
2224
0.1729898499453041
2225
0.17164907988314684
2226
0.14859048023049704
2227
0.16289088306899227
2228
0.16776420952061685
2229
0.22533622181117113
2230
0.14900873054333671
2231
0.22256630201140407
2232
0.155486283612777
2233
0.21769267358548142
2234
0.1773808006297105
2235
0.15988228520619308
2236
0.2362632393753177
2237
0.19035490125569743
2238
0.15133767097325168
2239
0.23429460468397054
2240
0.17217182393275662
2241
0.13454284050681267
2242
0.39619011900538287
2243
0.22086662093756104
2244
0.223382815261079
2245
0.2479593545013718
2246
0.17088800252945444
2247
0.17825522097108995
2248
0.20177385292465133
2249
0.14698503904448404
2250
0.20520712030750174
2251
0.14956559261531138
2252
0.14235750230083413
2253
0.2157423456987173
2254
0.18724469863657608
2255
0.14937213809581945
2256
0.1896019915822507
2257
0.1344237457075639
2258
0.28328734103876085
2259
0.14437511559109134
2260
0.13537824145931346
2261
0.20069610884090416
2262
0.7639530330049236
2263
0.2666065901234917
2264
0.17262523919283015
2265
0.19059036712996277
2266
0.16981653065242808
2267
0.23715832472263781
2268
0.20002233267625283
2269
0.3086242962575424
2270
0.8213911101902075
2271
0.1607747972543112
2272
0.21040553635412398
2273
0.13520561802481998
2274
0.15829720172991021
2275
0.24970360060172553
2276
0.14609727344260143
2277
0.17567766070162322
2278
0.17884300562247765
2279
0.17659507423575144
2280
0.31446317043462474
2281
0.15591870752892126
2282
0.28741875753709306
2283
0.1498580247618335
2284
0.19114428347817303
2285
0.17242428441915622
2286
0.2492745682963176
2287
0.3028101210848251
2288
0.22649595129887592
2289
0.22045268039099322
2290
0.13436443760865566
2291
0.2686414197841699
2292
0.18667146872166002
2293
0.16514208752708465
2294
0.5002552003417967
2295
0.19005822946543485
2296
0.1858719002378264
2297
0.28279440143547846
2298
0.19546108555462252
2299
0.22555511426583918
2300
0.14009653865102029
2301
0.1471215710947989
2302
0.1535626964698746
2303
0.2856619540379502
2304
0.12626678709581377
2305
0.2813328378436889
2306
0.1532822190535982
2307
0.14694979798129276
2308
0.1420284910379804
2309
0.15950734305395275
2310
0.1479435980733196
2311
0.2771837331515656
2312
0.15601254711617188
2313
0.15007420095418933
2314
0.15479129297061145
2315
0.2396757134704427
2316
0.18824933243341543
2317
0.17639801401516456
2318
0.17361356094976926
2319
0.4225065572876053
2320
0.15476554589698446
2321
0.21785253434966884
2322
0.2833434005861163
2323
0.1446308696964078
2324
0.12930787217164713
2325
0.16955423006850529
2326
0.14881405016637272
2327
0.19899762612498237
2328
0.11975871648729496
2329
0.31211045660026654
2330
0.14659599142944563
2331
0.15797778595075315
2332
0.20678358472106598
2333
0.15871368190389226
2334
0.23443334792622897
2335
0.18406436133228737
2336
0.28319549203441013
2337
0.13736875298300058
2338
0.14223705531326772
2339
0.2688645179196625
2340
0.23811081488457694
2341
0.2842418476007226
2342
0.2610005807323368
2343
0.13323384450880374
2344
0.2847731752074483
2345
0.25165782509320456
2346
0.15376304429000198
2347
0.35418156707286397
2348
0.22746193017152916
2349
0.212257282830772
2350
0.12580086126371842
2351
0.1533954290640408
2352
0.15366252448907325
2353
0.26953559955128953
2354
0.18565927956741773
2355
0.25099424708243834
2356
0.2462568664124153
2357
0.14239572654918425
2358
0.13318645102657145
2359
0.32535790789451907
2360
0.1435414723244899
2361
0.178736817559531
2362
0.13899294477991436
2363
0.213053532876015
2364
0.14437273963159777
2365
0.17859780500768063
2366
0.20582473295606088
2367
0.22353107167500896
2368
0.2763344300930096
2369
0.19406025109003655
2370
0.16091870837583147
2371
0.29818755500077454
2372
0.2634535878773257
2373
0.21102634141070828
2374
0.33522602407509405
2375
0.16027337036576264
2376
0.22741727427697783
2377
0.1784221891237185
2378
0.15388229723790117
2379
0.14976449532641697
2380
0.19547214030206722
2381
0.14201315718609084
2382
0.1460677697864692
2383
0.3365758886730622
2384
0.13823841214082663
2385
0.20816640428669778
2386
0.21458550868721687
2387
0.19289662658235177
2388
0.18061033389831121
2389
0.405790455247196
2390
0.16392250756865437
2391
0.1698486498385955
2392
0.1357917978104124
2393
0.16865059191332085
2394
0.23172481642629328
2395
0.16833592304133804
2396
0.2001353249308026
2397
0.14778273989042812
2398
0.1728640542596135
2399
0.2771126255672118
2400
0.47837690718614634
2401
0.19640852252112223
2402
0.15971285436487917
2403
0.1527401078274577
2404
0.13723114844929582
2405
0.20885205111528665
2406
0.24040724398564917
2407
0.14791563763548987
2408
0.16663658655301544
2409
0.21595789259703457
2410
0.1585727207635715
2411
0.21609248615001667
2412
0.2751746327170886
2413
0.17349093290045242
2414
0.17523468625104577
2415
0.18798007556549537
2416
0.32928957886458143
2417
0.1950146404401895
2418
0.1857590118751018
2419
0.18922059927022686
2420
0.15063245320682675
2421
0.21853559820368848
2422
0.28269007782304545
2423
0.24275624896546555
2424
0.21872065639019764
2425
0.1729435291663439
2426
0.14919000404117833
2427
0.1323030409376381
2428
0.1801831368926292
2429
0.13752154455615317
2430
0.1245585100571654
2431
0.17346770925173208
2432
0.23104345289602712
2433
0.2335876478099058
2434
0.156582727803782
2435
0.31465694113418086
2436
0.16176070526469383
2437
0.1989315472341254
2438
0.16696766950575817
2439
0.1425807312199238
2440
0.13819288086805012
2441
0.16980049362301328
2442
0.29330766870205693
2443
0.17505628016951894
2444
0.7005663463516012
2445
0.2318170798127629
2446
0.17153630127588232
2447
0.18757583655843454
2448
0.16515499477492024
2449
0.13157080104416366
2450
0.20006163010569492
2451
0.19275090727159636
2452
0.24134432888746135
2453
0.1797212838252915
2454
0.21920807167095363
2455
0.13302523456620155
2456
0.18254206191618902
2457
0.16039579943467328
2458
0.1621926153182698
2459
0.2051693808660791
2460
0.16569434709699762
2461
0.12396630797519424
2462
0.17309009711002576
2463
0.18179479369286783
2464
0.17727936129665087
2465
0.16222483460723555
2466
0.2484605954112426
2467
0.13086786765431513
2468
0.21039458451552412
2469
0.18641372267159556
2470
0.14181127545448674
2471
0.16649712989070467
2472
0.3148880204206953
2473
0.3958989528418887
2474
0.7373186705919899
2475
0.2043139572494784
2476
0.18791174405417524
2477
0.18524635220752086
2478
0.13809624961600053
2479
0.1625866713848977
2480
0.13069819583627834
2481
0.18840238139317575
2482
0.2548508787762796
2483
0.24629211767837458
2484
0.14744941471726597
2485
0.2807927731428058
2486
0.14340854484866283
2487
0.16263912922507012
2488
0.22092717516425445
2489
0.12158599278204288
2490
0.17386180134113013
2491
0.15499808657881498
2492
0.3923739841375012
2493
0.11209659066290116
2494
0.18629690515033817
2495
0.17549431394916448
2496
0.17621605170458077
2497
0.13168897549336905
2498
0.1565899306261593
2499
0.17133895262608273
2500
0.17142606509922473
2501
0.1866205438648071
2502
0.2914663270763262
2503
0.22873333972409057
2504
0.2771911035560441
2505
0.2508931119051709
2506
0.21048379324112468
2507
0.1651929747294438
2508
0.20712284123537233
2509
0.22868072394090727
2510
0.1463232529110171
2511
0.795674982790718
2512
0.17422408083860375
2513
0.26100225539897304
2514
0.2707359424861742
2515
0.1578053116948352
2516
0.2701630521034221
2517
0.18298282330301957
2518
0.15547831938903098
2519
0.26263136534329146
2520
0.19247438806774805
2521
0.14634193763458028
2522
0.21537645737963965
2523
0.16839393194562577
2524
0.15296236814596761
2525
0.1608321092012211
2526
0.16808231638600263
2527
0.16285107554739697
2528
0.13233611492965947
2529
0.18811547598967598
2530
0.3298676274431551
2531
0.14869824879111868
2532
0.1811119505996201
2533
0.5412381842101454
2534
0.17616577650751467
2535
0.19051363639814411
2536
0.12460838084322957
2537
0.30914454586482015
2538
0.16822150926971804
2539
0.24514635518465902
2540
0.16295613467591713
2541
0.15698624588620216
2542
0.23242538306772528
2543
0.1569155068431379
2544
0.25913779507544665
2545
0.12754570843020607
2546
0.2624108827818447
2547
0.25855699561765205
2548
0.18683706045869258
2549
0.17306908433805
2550
0.22843953403644945
2551
0.26885998616804097
2552
0.2668992110492591
2553
0.23390778780303279
2554
0.18648407618417648
2555
0.21619459197327065
2556
0.15333399083180493
2557
0.20840929613751769
2558
0.15839366087357248
2559
0.21176187158316423
2560
0.2828540979540602
2561
0.1580955363050338
2562
0.24500816146920953
2563
0.12997779781802676
2564
0.14470916856991334
2565
0.32754003788065583
2566
0.2127381252436188
2567
0.15140399858072606
2568
0.29829375157082
2569
0.18045716917047386
2570
0.15710768687349422
2571
0.40953842812667396
2572
0.20722979518016882
2573
0.801931291345203
2574
0.21454854177456356
2575
0.181394416204844
2576
0.19762785327235205
2577
0.21268372582849024
2578
0.6338934255115809
2579
0.13526131670310382
2580
0.4060121447200309
2581
0.1448207826867955
2582
0.1784665267458902
2583
0.16569215714583516
2584
0.14489931022988772
2585
0.14799806213424202
2586
0.3211407701853467
2587
0.2231258201821817
2588
0.40172875210836584
2589
0.16956189345489456
2590
0.20683904342487022
2591
0.2476934536004636
2592
0.1708227653272497
2593
0.1780604186251861
2594
0.21441168663046023
2595
0.15152595602431604
2596
0.20017359721473274
2597
0.2692854683668826
2598
0.15697638828372903
2599
0.1816856148741052
2600
0.157237889540232
2601
0.20423982721367454
2602
0.16349444775784555
2603
0.17308355652601054
2604
0.183921685669053
2605
0.1869235224167291
2606
0.17733477115898486
2607
0.1884915702399252
2608
0.1577429572688502
2609
0.11891341836755354
2610
0.15529332460675146
2611
0.5269490507987292
2612
0.18159277538406263
2613
0.20861025338708108
2614
0.15012674390238603
2615
0.22717942318754328
2616
0.15240712394381614
2617
0.16007210331267815
2618
0.20044961453444438
2619
0.37379079151501154
2620
0.1937803694307898
2621
0.17484132139161343
2622
0.1582969196689754
2623
0.16686962727380142
2624
0.2645331571011538
2625
0.19664430198860638
2626
0.13346953421105043
2627
0.1841835148995667
2628
0.2226407823165991
2629
0.13654945112892805
2630
0.29840109336449516
2631
0.1260671411881831
2632
0.12170269062064978
2633
0.1654087941819079
2634
0.15321252018787848
2635
0.14921286139025405
2636
0.18356817663407188
2637
0.20524550244901105
2638
0.4201512069929367
2639
0.15781314888535528
2640
0.14241291517916158
2641
0.2601584878997074
2642
0.3085331857677434
2643
0.176321385751721
2644
0.23036313040985093
2645
0.20617926311672802
2646
0.24625701863269803
2647
0.13924010850469373
2648
0.27326568764805664
2649
0.22724916762712638
2650
0.4273393721086217
2651
0.18282924770653
2652
0.6957967516781418
2653
0.22127753124536803
2654
0.13989153003062926
2655
0.13953033638217863
2656
0.2963699440964202
2657
0.1780075831206282
2658
0.13182987512375524
2659
0.2098881141638267
2660
0.1369362048984034
2661
0.18427867235181578
2662
0.133974927562098
2663
0.23935111979876816
2664
0.1493690410647336
2665
0.27865190467239104
2666
0.23109142332619154
2667
0.207823774953773
2668
0.12969844863566735
2669
0.15757062413731085
2670
0.15278622154439464
2671
0.2676280193038451
2672
0.19871988699877788
2673
0.2572410769800851
2674
0.18615396704533868
2675
0.1418608314315151
2676
0.22803584692534187
2677
0.18332595668782253
2678
0.15016325868450453
2679
0.13274865104762204
2680
0.2001000328149528
2681
0.17252924450432913
2682
0.18143339338098752
2683
0.21995191573314896
2684
0.22736337263530837
2685
0.22167828059905326
2686
0.15176610437239907
2687
0.21734714163948515
2688
0.23717760209093436
2689
0.16167268017908093
2690
0.14701991955327884
2691
0.18655842640450576
2692
0.17643963071334928
2693
0.15335423489845684
2694
0.26751403980098465
2695
0.17394936663601812
2696
0.33622411389326723
2697
0.14278474903661603
2698
0.23952121647295715
2699
0.15288006273461532
2700
0.16461647238782556
2701
0.34658798122859547
2702
0.21743259829055267
2703
0.13043701578314368
2704
0.17454553725589808
2705
0.16651488107183954
2706
0.6040445071684921
2707
0.18582532991745174
2708
0.2185049265184219
2709
0.1455165549195609
2710
0.14313599973331675
2711
0.1816202948597101
2712
0.17713886949279034
2713
0.2511101193816969
2714
0.24452702222819575
2715
0.2761868799298607
2716
0.15158052221703616
2717
0.15212938524706168
2718
0.14587113459634346
2719
0.18601970020560624
2720
0.2440627101757466
2721
0.18815034522720064
2722
0.20956735088185832
2723
0.5318351637488563
2724
0.16587289923476614
2725
0.1805864997347372
2726
0.1395861178899586
2727
0.2132147998599471
2728
0.1587201618625999
2729
0.23771041586614772
2730
0.13682623185374318
2731
0.14068867034299345
2732
0.15901740896378003
2733
0.18705044322837447
2734
0.17479517115735338
2735
0.19609452233099922
2736
0.23900482072377227
2737
0.16052220095089365
2738
0.1141342513845949
2739
0.19789144253364452
2740
0.1643016706050797
2741
0.1440301689281154
2742
0.1959936344930173
2743
0.13816744792283375
2744
0.15927276861715295
2745
0.21920733606670295
2746
0.18525847655868474
2747
0.16410790872759387
2748
0.17069452627664658
2749
0.14609282137868992
2750
0.14868982381467638
2751
0.17116946617682038
2752
0.25915750984106506
2753
0.20601494664071965
2754
0.1367208237313672
2755
0.16632547635362982
2756
0.15273776875866055
2757
0.141678844164373
2758
0.11959086649910425
2759
0.11891060983553793
2760
0.14858841012847632
2761
0.1457360366631536
2762
0.16341591370194936
2763
0.17282344146762038
2764
0.1564033643329305
2765
0.18628257547482197
2766
0.16394586078340567
2767
0.14560244022797864
2768
0.40419757077468466
2769
0.28041800230979297
2770
0.13260791859758003
2771
0.2087486787386908
2772
0.2274998723293322
2773
0.24425355813966976
2774
0.15103620155527744
2775
0.18733550334163607
2776
0.17617983687174155
2777
0.13086345087274326
2778
0.3364056481363869
2779
0.1313663251323258
2780
0.27049958329010254
2781
0.16084192397511363
2782
0.19486818836932468
2783
0.14263369793678457
2784
0.1837995945553003
2785
0.19298057333532928
2786
0.15195484569021786
2787
0.2443767096068435
2788
0.25686143355298185
2789
0.21212597829762403
2790
0.17810198159273527
2791
0.1776370609497982
2792
0.1985734080975897
2793
0.11541008900528263
2794
0.13858561090803506
2795
0.1396448417766032
2796
0.1942653573509537
2797
0.1510713768830362
2798
0.15126277147267017
2799
0.2085141014177835
2800
0.24435467211604997
2801
0.7771927335694502
2802
0.3569679919611609
2803
0.19365177565399125
2804
0.20229508634508586
2805
0.15147753198870745
2806
0.23916437397745163
2807
0.133673737779312
2808
0.12355506240136145
2809
0.1568742288666563
2810
0.17927515499209715
2811
0.44575949833154405
2812
0.2114335500882491
2813
0.15702178779687956
2814
0.24019521545245562
2815
0.1559026705551218
2816
0.1336611911139315
2817
0.1950084381809095
2818
0.20919281655146466
2819
0.13761305068850346
2820
0.15393353609895424
2821
0.1706339459923006
2822
0.155764845758391
2823
0.2315098674535414
2824
0.16083321585113675
2825
0.14544905075960407
2826
0.18917337004809995
2827
0.2156260194323889
2828
0.20267533377211155
2829
0.11038490587426632
2830
0.16602626742883023
2831
0.14539032075587144
2832
0.17840734172777636
2833
0.17935063957117411
2834
0.27636963062604636
2835
0.21533853243210377
2836
0.12916832405577042
2837
0.16171989190296396
2838
0.17301184216651155
2839
0.23156446786424467
2840
0.19575964914109553
2841
0.24387587657548904
2842
0.15935766476309512
2843
0.17086597222428307
2844
0.2981204405708986
2845
0.27687696876550816
2846
0.14978428938038824
2847
0.17431462278916685
2848
0.13888122464269273
2849
0.21269300467160726
2850
0.1364590844991286
2851
0.2174282483881794
2852
0.16725612309112903
2853
0.1494227974712702
2854
0.21707589766141144
2855
0.2653196008925054
2856
0.14633124188237284
2857
0.2775297542002474
2858
0.16181924184136023
2859
0.15097477597862144
2860
0.2308239332848439
2861
0.17025262114278156
2862
0.21331449950647924
2863
0.1822089281735305
2864
0.21883652582324897
2865
0.16030992332881489
2866
0.233590306391698
2867
0.19451969768006655
2868
0.16908968019169704
2869
0.15451711399993343
2870
0.23272047271214555
2871
0.15208296204413785
2872
0.1605474961315093
2873
0.16225802712748233
2874
0.15368549413054258
2875
0.15009204005393484
2876
0.17902963113774734
2877
0.17502714253056983
2878
0.11512782748433333
2879
0.22187829987655236
2880
0.1456861608933927
2881
0.16226005934159965
2882
0.2098105494297837
2883
0.19509715282351103
2884
0.15498890490557737
2885
0.18903149228693344
2886
0.17551463175568857
2887
0.18243959832757628
2888
0.17686475801718998
2889
0.1828897477620723
2890
0.16210970756512136
2891
0.16766139144849504
2892
0.165536183464974
2893
0.16744040156748446
2894
0.1631873642120524
2895
0.19865303718805294
2896
0.19547263681062285
2897
0.1695658837198425
2898
0.2535588116944904
2899
0.17551171275222197
2900
0.25125463936022535
2901
0.2385139501325141
2902
0.13131680846409913
2903
0.31084196056957364
2904
0.14475623110029864
2905
0.1781628065067879
2906
0.3141822047897493
2907
0.16613250971543253
2908
0.2061766118260925
2909
0.2725387785391874
2910
0.2175726030580832
2911
0.19296668058719543
2912
0.27019478727278046
2913
0.19213518049968423
2914
0.13174883154531458
2915
0.22813878199626683
2916
0.19432372055518157
2917
0.14422063515641118
2918
0.25816987804854186
2919
0.1660428305212029
2920
0.14799794332531568
2921
0.15641112015408049
2922
0.21573191927257668
2923
0.13663909556666917
2924
0.19586298405864225
2925
0.18767554046755514
2926
0.2279259140691943
2927
0.15592249185974832
2928
0.1529104576026876
2929
0.2095393054011222
2930
0.18704150235147504
2931
0.1574763389433209
2932
0.13844771050821217
2933
0.1819659349259588
2934
0.18647407647033262
2935
0.15433096831967627
2936
0.2570088159395518
2937
0.3513783144601574
2938
0.2889242298860932
2939
0.18698945122924238
2940
0.16496328515061398
2941
0.26259777760371
2942
0.16215925213919113
2943
0.18663985130800456
2944
0.17053019568578381
2945
0.14166301796516964
2946
0.2051309378992179
2947
0.13514962458060042
2948
0.15891266562807968
2949
0.18944636849586863
2950
0.20595680018216594
2951
0.18348442970077938
2952
0.1435323639956661
2953
0.17465350713995784
2954
0.1413515418037116
2955
0.1705527315830204
2956
0.20849101590010566
2957
0.17412314305185375
2958
0.20218327614393175
2959
0.2028263038454983
2960
0.1500587263196968
2961
0.15868893008018203
2962
0.46719631310362403
2963
0.20884463208532786
2964
0.19223152940621932
2965
0.24823372341692537
2966
0.12733462754738867
2967
0.19122542364583495
2968
0.3310315451623615
2969
0.2219217683595162
2970
0.15330641201913947
2971
0.2410616476579831
2972
0.14124979555654119
2973
0.11468584779821012
2974
0.21902236385112486
2975
0.2850479310011154
2976
0.2354936826303855
2977
0.1281650977665653
2978
0.14674537544457175
2979
0.14580116796644482
2980
0.24987837271525853
2981
0.14007568899387957
2982
0.16465132944256364
2983
0.21070344058715615
2984
0.17596064006122974
2985
0.15628350599937754
2986
0.12214533645392844
2987
0.1446471986398067
2988
0.20317246658179305
2989
0.17531197240915536
2990
0.1679025052477204
2991
0.15877816409574558
2992
0.15510055681885598
2993
0.19038806137353517
2994
0.15311823355926796
2995
0.2297175099767081
2996
0.192921142519772
2997
0.2971195050344491
2998
0.1740030390466234
2999
Mean MAE: 0.2005996808857655
