nohup: ignoring input
0.33333333333333337
1281
427
2.697852287676289
0
3.1560140822767817
1
2.26781486219332
2
1.3871035626573713
3
2.789372554524836
4
1.1233816123342901
5
1.7013950984049067
6
1.4595503438822857
7
1.6372729449676717
8
2.020358188455329
9
2.120991639451297
10
4.084478148618219
11
1.3473029371523026
12
1.7005484766085388
13
2.0640566666212576
14
2.623517817944125
15
1.051974320457425
16
3.380928285457015
17
1.4007444350714051
18
2.1914397868892466
19
1.798815502249222
20
2.500050640805684
21
1.6170264968453376
22
1.9606342895284605
23
1.9082857852114652
24
1.3976037002316029
25
2.643918101404782
26
1.7266004510484112
27
2.0488349471057012
28
1.9123386375255174
29
3.000961341484542
30
3.548332137312261
31
2.356030018421328
32
1.4999845224928565
33
1.838979000402668
34
2.872091285563973
35
2.2446006886674965
36
1.0064737074083756
37
2.7008241681115175
38
1.1086765453862821
39
3.0546752826689367
40
3.015962406885864
41
2.5180960570897923
42
2.084116919548527
43
1.154156849653692
44
2.37644570320622
45
1.698850584462561
46
2.2843886302514385
47
2.5791528234006456
48
2.2068901096594784
49
1.432064248105978
50
2.6624808281526886
51
1.9481330621259998
52
2.7178115386054866
53
3.505970989506141
54
2.015803104326763
55
1.4199141118044885
56
1.0381787622283778
57
3.5773145049867328
58
2.5476734858334513
59
2.578538365573613
60
1.8804488752892639
61
2.3683485728011453
62
1.3856657946653161
63
2.4277288904367325
64
2.7364133707013507
65
2.2026141001015707
66
2.224559480496287
67
1.7966161368982212
68
1.0221233997452333
69
3.2177589567546616
70
2.811491053401466
71
1.7186504436721168
72
2.8559834108273394
73
2.4530474010612235
74
1.7393343135416677
75
3.8955006787039763
76
2.330533378126384
77
1.0611339466922232
78
2.8845937629170275
79
2.136204956216585
80
3.139130909889564
81
2.0157728870992084
82
1.1278409874130078
83
1.3358687936086333
84
2.2534906809652457
85
2.980430418204156
86
1.8086410271101039
87
1.505609728093038
88
1.931097256081898
89
2.188372438521448
90
1.6442675566167246
91
2.0380084551862776
92
2.1175294451450983
93
1.1647419894723214
94
2.307051894981218
95
1.6982246228333693
96
1.8174231797588594
97
3.6870078212653055
98
1.3088743259943503
99
2.7913720628321115
100
2.859343194703588
101
2.682510495239588
102
1.8425359012162883
103
3.2735093019891663
104
2.817269080436777
105
1.874584481585887
106
2.894286308030815
107
2.461012259868082
108
1.8882089330454375
109
1.2115649383717773
110
2.793478428596901
111
1.22303022658382
112
2.969659013380824
113
1.0455492993743625
114
1.7295370143441053
115
1.7813962425641947
116
1.564036063475597
117
1.6848764532912603
118
1.286128580257607
119
2.655315613651154
120
3.6839227763034468
121
3.42905867300796
122
2.673998852529495
123
2.4660363326041277
124
1.9012894140904222
125
2.64433756324175
126
2.1221062735895106
127
2.961213237401632
128
1.1200926069171981
129
1.503610790467757
130
2.392311948007395
131
1.465529335632741
132
1.1961683014104743
133
1.5159751591693487
134
1.85558302638391
135
1.8444932144569408
136
2.6678164168690763
137
1.155829654746517
138
1.6863756069390978
139
1.4069157016305622
140
1.8003642550616015
141
1.4044092705917113
142
1.1392459638964785
143
1.906911005639188
144
1.2689365817086589
145
1.4071145205849103
146
1.2111887514071737
147
1.8872654346308881
148
1.3720105092942
149
2.9764972348824923
150
2.4370703578701765
151
3.0374585709225372
152
1.508276673250921
153
1.0821368731251968
154
3.409272187455558
155
1.5895126379475988
156
1.358844475650319
157
0.948290983011918
158
1.814547750468399
159
2.8624712011073883
160
2.0870259272390665
161
1.564586262482763
162
1.6133423481293927
163
3.1238194912001
164
1.5167136335965068
165
1.4440876660295274
166
1.3894550185104828
167
2.609345078490569
168
1.1944463838392878
169
2.201984832049857
170
1.4999299310189407
171
2.974366083395713
172
1.184431341827491
173
1.532451531146369
174
1.519499049923092
175
2.1114409926456608
176
2.90208162811334
177
1.0816436108057306
178
1.0651904661016933
179
1.7782502804068412
180
2.3436660689099074
181
2.3621359279006633
182
2.8959407047948234
183
1.0165404426557942
184
1.617315270382975
185
1.8501524572372314
186
2.3522176036322096
187
2.7565438497117305
188
1.6707913277640087
189
1.7597501679022092
190
2.2404864551959207
191
1.564436852680828
192
4.179703119025485
193
3.50714980703889
194
3.353845116224122
195
2.8101886208148694
196
1.058458137848902
197
3.214402591119734
198
2.806249623213001
199
3.6715399327345954
200
1.8481849911851524
201
2.23954500541444
202
1.9949843229627342
203
1.7943197259463428
204
2.9471237409860627
205
1.0975625575102232
206
1.1457931371543382
207
1.9269910449177565
208
1.080792794355923
209
1.0907991845691427
210
1.4661359532764902
211
0.9159474527075175
212
3.16398131973112
213
2.1419069795973833
214
2.2237766582229535
215
2.390495802951447
216
1.0856597123659057
217
1.8219623644320615
218
2.2526588865803436
219
1.9010879714202187
220
3.6140895108795714
221
3.22469302742282
222
1.7136499459142704
223
2.715675338484933
224
1.7624191582311113
225
2.8149895447491233
226
2.6326469119781892
227
3.063624329876618
228
2.8257345131477276
229
2.7226462818845962
230
2.9827394787038086
231
1.4881190015124701
232
3.255550155294131
233
1.4381360330129431
234
1.0471262067193745
235
1.887867290289608
236
2.026577136468632
237
2.1451917231677293
238
1.6088090827321622
239
1.7468870333791635
240
1.912234857828465
241
1.3772890647124307
242
1.1490627159181093
243
1.716344294843851
244
0.9964496615322548
245
1.256250070419701
246
1.5791660574156876
247
1.3255440522430169
248
1.7997533898442015
249
1.2631559993900532
250
2.8657786502660474
251
1.2163335108154834
252
1.2277691545792857
253
2.3556434095221968
254
1.5854255728483884
255
1.0049938232066207
256
1.491881261497589
257
2.7080993092784493
258
1.3346585926545347
259
1.361838163556094
260
1.8117332665777595
261
1.7508002546732746
262
2.2776454678042843
263
2.0494023290184065
264
2.315161461793854
265
1.4283609112390836
266
2.57546614903264
267
1.6606266489168116
268
3.1772467436321037
269
2.480383960310287
270
3.300008193779872
271
1.509415653011284
272
1.7350518705630038
273
3.155300369139732
274
3.1567694863887334
275
1.2539209655581554
276
1.4336570356269809
277
1.2521503522698916
278
1.112576512669162
279
1.9908071185053595
280
1.3940590160998216
281
2.428735048187835
282
1.9874460276944272
283
2.309060391792609
284
1.1491190708215488
285
1.186456726125218
286
2.5530553292417175
287
3.2011798019836646
288
1.320427766447032
289
2.458658087032799
290
1.5414458915589357
291
2.051307724139011
292
3.2375296795331536
293
2.817447099577033
294
0.9402524730920249
295
1.7206106575006936
296
1.4788064571091117
297
1.2510355903972412
298
1.2259813411569247
299
2.04418019755651
300
2.5470447163378793
301
1.6858324798940205
302
1.3151542790105544
303
2.2012274976100614
304
1.2644016534744316
305
1.6965057853635745
306
2.377874041534054
307
2.0596375067060935
308
2.4152884870429303
309
2.354995438639822
310
1.25113656929014
311
2.4101239068262825
312
1.2880406002028886
313
1.4438471804416637
314
1.0360256820293194
315
1.5207976951585211
316
2.479862815072703
317
1.875895147318553
318
1.0782066354401687
319
3.0611989518755363
320
1.7085619623308284
321
1.530317854486707
322
1.8997647979099723
323
2.304985813484905
324
1.8424981150424065
325
1.4516687531246402
326
1.5192820822195707
327
1.6880651233817097
328
1.7622743635593843
329
2.6863985567327853
330
3.7414660411423104
331
1.7570873479585496
332
3.2183705590082776
333
2.3653059257102784
334
0.9480507471538504
335
1.6972707649140157
336
1.9394004987298272
337
2.1521126373487256
338
1.5566025051146097
339
1.8821924906521224
340
1.5512390294718073
341
1.6085239768819004
342
1.6599875137990026
343
3.1580319438282918
344
1.6192784861702507
345
2.2638718108353535
346
1.166675928568347
347
3.0566764959453745
348
1.1394418884769706
349
2.710786007296476
350
3.4328904512130727
351
1.2892064030169263
352
2.9820093683373545
353
3.0230627485845982
354
2.3381692995760526
355
1.0177405795105405
356
1.3124756219217877
357
2.2338739293588903
358
3.098711560449741
359
3.2101111290626614
360
1.2673607860105705
361
1.899343041830751
362
1.1719542676664183
363
2.396511838175337
364
2.4447076950809423
365
3.10457172157785
366
1.4950725159382443
367
1.9579945901138092
368
1.5378922945804245
369
1.7345067965168408
370
2.4334897423385833
371
3.575482406324063
372
1.32268115784762
373
1.8562421096915354
374
2.2786368588337225
375
2.460464766676542
376
1.4948929332450043
377
2.8928502404345626
378
1.2845019751999232
379
1.701306857585953
380
1.647543300574162
381
1.3857408494996475
382
2.6804065881619894
383
2.422839775168211
384
1.8647338319492166
385
1.1594158891194053
386
2.624659602698132
387
1.2242215413792492
388
1.63844996992839
389
3.4164094658690654
390
3.0526815154386138
391
1.4912168452616787
392
2.8448716400114886
393
1.3100311019509003
394
3.831078053670296
395
1.6594116087020605
396
2.5877247553228764
397
2.733235539307904
398
2.683567592001862
399
1.7711074432931593
400
0.9644712642014266
401
1.277353109636488
402
2.4165256650885834
403
2.578625824738562
404
1.4572949130312887
405
1.492858583490016
406
3.6378000108621524
407
2.1719159957664216
408
2.332269866481213
409
1.2352687241095046
410
1.2620200246392177
411
1.545561123748432
412
2.212559912008983
413
1.1094231980969322
414
2.779735143363493
415
2.6119529514980515
416
3.1577550729916717
417
2.1564361092969184
418
2.604028362810622
419
1.0713352048639189
420
1.425717584344624
421
1.4267399292486196
422
1.2533873484423628
423
1.2251206566443507
424
1.1399848438312425
425
1.7388228374433363
426
1.6248988301220644
427
1.6487935026975893
428
2.423943340712502
429
3.260665811279072
430
2.1545802779860552
431
1.4326250387638488
432
1.6958798319271229
433
1.6431530225662678
434
2.4036327746829937
435
2.7096375146195504
436
1.0723411413323785
437
2.820875420905487
438
2.1438094748404435
439
1.5777337335408768
440
2.662495813797155
441
1.352810484286982
442
2.7949582037280316
443
2.2844763941113886
444
1.5673049457770662
445
1.421514436735624
446
2.3602880211784227
447
2.1378959073695127
448
1.615033254332278
449
3.6095497229640623
450
2.4225412276889844
451
1.9389261418284924
452
2.314975612411148
453
1.453835313042569
454
3.4136161537757777
455
1.5563847255034262
456
2.2575772569174952
457
1.4499688434870595
458
1.4277216879745995
459
3.3386690207197205
460
1.0110938413534776
461
2.3541775946958663
462
2.7968294022859204
463
2.638802723974831
464
1.8131549761381793
465
1.5296418345843803
466
2.226774693265704
467
2.355261172041758
468
2.16572594061689
469
1.611538915410513
470
3.049493316156438
471
1.0930264738617925
472
1.6685269098797526
473
1.9367721936553188
474
2.3098952279651463
475
1.613984699646171
476
2.0173697884530206
477
2.3683130770060212
478
1.7155929831038321
479
1.7366813867238247
480
3.4834903498425147
481
1.3595728528527906
482
1.2773914449782708
483
4.096357488413708
484
1.8997346058114546
485
3.3745898458108043
486
2.813332405333885
487
1.531332707337518
488
2.1589656324095055
489
2.4850381682994658
490
2.3921303308408284
491
3.7768815166960272
492
1.3400800023969635
493
1.0478663493767448
494
1.3681466306354624
495
2.5254881211188724
496
2.2057996893567706
497
1.4013809529171863
498
1.698209310367452
499
2.0795496117513728
500
2.4300850163190777
501
1.8435871314919143
502
1.9069956132429051
503
2.2225471512679644
504
1.3899262712592124
505
1.4967724517097536
506
1.8495905579842278
507
2.3292998600898644
508
1.2414043735545095
509
3.4393935050624784
510
1.0582540539310892
511
2.037806664500095
512
2.7115207004742063
513
1.892119555181641
514
1.5544571134649443
515
2.545741146054257
516
1.1748468756238533
517
2.5932774876631797
518
2.2686687174975284
519
1.4068338050571214
520
2.661546234405574
521
1.038945211307538
522
1.3948085880987386
523
1.6625144812104733
524
1.6750090647368703
525
2.2301899507931853
526
2.7045476117369436
527
1.863582523568549
528
1.6709533404473813
529
2.407425637483864
530
2.0557021307558547
531
1.387679786239975
532
1.9378947785611607
533
2.632728324746801
534
2.7665131002130297
535
2.6365574840314907
536
2.437407850442745
537
2.2029779697975616
538
2.2879963756655446
539
1.1869333233021422
540
1.0705851211427149
541
2.143635874921963
542
2.1685565474041364
543
2.2610113916095718
544
2.0020783766378516
545
1.1436938284658105
546
2.2529267058916465
547
1.750011050157827
548
1.0409471518470217
549
1.8789305476549802
550
2.0245818926656716
551
1.551530153227338
552
1.6603989775610901
553
1.4751379930314794
554
1.3108156815620229
555
1.2451809985767448
556
1.9402329334165982
557
1.0719325293382844
558
1.68592171373711
559
1.8995627620291378
560
2.888938301736297
561
1.8336936257577054
562
1.5965608076059286
563
1.4664459536480543
564
2.2050694961417827
565
1.5833044179494034
566
2.838554210729261
567
2.5872534434346437
568
2.1278633087861643
569
1.9795754078124461
570
3.4227130121243525
571
1.7399533252190258
572
2.1230178325341185
573
1.7590129167826696
574
1.7843971342538794
575
3.2305770469693127
576
3.593925752063951
577
1.827137897034341
578
0.8260804822862992
579
1.1682506011900298
580
1.4754748074255213
581
1.722838584903185
582
2.536569638001645
583
1.5615189164195569
584
1.8822153869089104
585
2.827618702382105
586
1.382123236253382
587
0.9659620756413649
588
0.9760839778704017
589
2.5974280769896283
590
1.7019711238111486
591
2.4509199701918503
592
1.7561679416836247
593
1.1886902688770595
594
1.1559254902209322
595
0.9071711613985853
596
1.189260449493003
597
2.6146782587374937
598
1.3652136383919717
599
2.334012706543102
600
2.969606627903545
601
1.7289581218501413
602
1.1798781507461873
603
2.9199331795034014
604
1.9624294471640527
605
1.0306768099021102
606
1.4743421738484968
607
2.992673155392899
608
1.0697650606179803
609
1.2140565676519717
610
0.8868887932531957
611
2.2392450046475347
612
2.1296234889595644
613
1.314339598706154
614
2.3432673530356576
615
3.238537696179089
616
1.7393887697348505
617
3.0759311607341546
618
1.6919098941881952
619
3.517983573942128
620
2.7540511269317465
621
1.141192573252674
622
1.3866313670783903
623
1.9031080802682805
624
2.808260561098396
625
2.3048567900431984
626
1.4988588648241408
627
2.033896053758079
628
1.792933132609783
629
2.0898428343034445
630
1.449057184214457
631
1.77318924230083
632
1.1088429019151316
633
2.544103548757025
634
2.508015494504714
635
1.3126981583747872
636
1.6096071574479802
637
2.036555320039125
638
3.196148167906462
639
2.334758448054102
640
1.5466643651245526
641
1.6610143961257349
642
1.1228260648933748
643
2.3362157734803493
644
1.7804674053600535
645
1.5958880825882134
646
2.5894697123121353
647
1.8487930491066602
648
2.532688755833975
649
1.1153282583518214
650
2.6751652204401544
651
1.4537518111637149
652
2.6425597656450313
653
1.8126323726552966
654
2.563512280928599
655
1.1991590653118516
656
2.6180671071053103
657
2.268050041993548
658
1.9277443745466116
659
3.0809832189987336
660
2.522676013385213
661
0.9868380767505601
662
1.9139378409053702
663
2.0985775867379983
664
1.2851314032723327
665
1.9620237455527818
666
3.1749116185850452
667
0.9941505265973798
668
1.9028286646071069
669
1.9664662501350674
670
2.4010842996731965
671
2.890431574084555
672
1.7292793722120108
673
1.9735492544158406
674
1.367080684275672
675
2.3568117109880964
676
0.9573837702231978
677
2.5641930319064614
678
1.2529943766957685
679
1.2105365031083073
680
1.3053191352121225
681
2.1211754117250288
682
1.326787155894724
683
2.1716542497062656
684
1.0787419871766908
685
1.912757655655938
686
2.0293909750366113
687
1.2508750943828835
688
0.9546286575019614
689
1.2280714450544241
690
1.3660231904384368
691
2.2953579720721264
692
2.6989574780134897
693
2.7839110670317417
694
1.349051489734967
695
1.733386417088771
696
2.8144322623685407
697
1.193509711759408
698
1.6304999765707955
699
1.2033669722002465
700
1.9939765278278225
701
1.1257989191865143
702
3.4883463336045466
703
2.283088590695636
704
1.5653035556883432
705
2.022966078665308
706
1.1812759735978309
707
1.3232162856490834
708
2.8460893192929966
709
2.6938656761601316
710
2.05856746612893
711
1.2062501980161602
712
1.3607449566665084
713
1.376070119491219
714
2.1864380108987462
715
1.8922445230915015
716
2.7706331733448675
717
1.3674369493008822
718
1.3233549966986273
719
2.1160179837385726
720
2.91920207106511
721
1.6028382093117224
722
2.559471712549327
723
0.8532905110975775
724
2.067381631309169
725
0.9324199894193834
726
1.6536284829799104
727
1.6137556361497927
728
1.5390504919450356
729
1.9079351190579088
730
1.2166660647698773
731
1.7998883755929527
732
1.4710069168713766
733
1.2822695292214792
734
2.1262205671875596
735
3.107635850357735
736
2.134723072416187
737
1.3641833317690215
738
1.6006046361589725
739
1.0630822849721908
740
1.9962093511286372
741
1.4870845555545305
742
2.9997994560693977
743
1.5797683769270223
744
3.1622698138661463
745
1.492537892201783
746
1.7094332344362368
747
1.8101369215068106
748
1.4476859275134484
749
1.4316040507202226
750
1.132172388836892
751
1.9857959072295324
752
2.1349531312728764
753
2.9608947236665397
754
1.8838062738964252
755
1.909079361392542
756
1.4115267499054054
757
2.2641974143758197
758
2.3038351968175186
759
1.9223243914627628
760
1.49833020064458
761
2.294807482842772
762
1.7817751767162462
763
1.2574327449901768
764
1.3957600421828043
765
2.464788159421278
766
1.8602218913063198
767
2.762558727316274
768
2.079419885448494
769
2.2136744327269313
770
2.4950418108984995
771
1.1982720883081457
772
1.2049949389786285
773
0.9252492981396595
774
1.8370294527496602
775
2.6195360399867793
776
2.5345453475639825
777
1.2760632406993424
778
1.3179160513040575
779
1.079454617968806
780
1.2999299406536113
781
2.964103191772036
782
0.9886262610803541
783
2.6134056473782192
784
1.7272670648712551
785
1.2612470746844906
786
3.066472615499624
787
1.986025819593728
788
2.4600703582330237
789
0.9619355255176641
790
1.0466586907498026
791
1.6999487878752788
792
1.8612785633958988
793
2.0283967072798306
794
2.33561317201689
795
1.7599196767607297
796
1.2909476097523123
797
1.6708596801873572
798
2.8683691813715337
799
2.359728958394936
800
1.4050862068484815
801
1.6167754970497914
802
1.5670112588799376
803
1.2167243336406084
804
1.6522940136306097
805
2.105282263288199
806
2.7318225365406885
807
1.4048253571115346
808
1.2368480700168996
809
2.85375496067049
810
2.2713540660487412
811
1.748640377132199
812
1.2612883906731132
813
2.104334554478522
814
2.0637928056834713
815
1.705864449527415
816
2.189833039958854
817
1.6774936011699568
818
2.6344483992082144
819
1.6785569663005735
820
1.2942529512638077
821
1.4809649300721812
822
1.2479189779753261
823
0.9826755948546829
824
1.851628235828504
825
3.101815491502836
826
1.2301816239198355
827
2.9106543692533844
828
1.7091915270972704
829
1.7335326770850767
830
2.8576956504368884
831
2.0773925965697146
832
1.831352570026019
833
2.563679492741257
834
1.688048376344278
835
1.0989197270073099
836
1.829025752903843
837
2.7601828785095814
838
2.600194117924633
839
2.2387370531316315
840
1.3572746720469573
841
1.275687366953417
842
1.2125682385384138
843
1.4621480468790486
844
1.7343479715099022
845
1.0741974610077032
846
3.194788344705371
847
1.6514102619106226
848
1.1892211008228166
849
1.6312254454345063
850
1.6015891006975613
851
2.1134860628779073
852
1.1815199459977794
853
1.4311659723018362
854
2.0386289858849582
855
1.6644383121387267
856
2.514634785582807
857
1.9476662465103363
858
1.3396812142748498
859
1.5548724975041202
860
1.5584827734249396
861
1.199650950022945
862
1.3737892366915792
863
1.4895971728151116
864
2.3817046374439594
865
2.3808132038947942
866
2.0776831268094003
867
2.6924157358528604
868
1.4274503422258884
869
1.5892520866513826
870
2.8011094709948487
871
1.4203629859441307
872
1.1382289802338479
873
1.9499022894486178
874
1.3925289858377945
875
1.9853519765513121
876
2.1853186255590242
877
1.6266316932855995
878
2.47076900207597
879
1.1444787177071103
880
3.5197301971445114
881
2.4306497404880987
882
1.1875735914936032
883
3.7368572342085398
884
2.0602873330086364
885
1.5165033682410791
886
1.6800003889573767
887
1.5134083937102383
888
0.986625683983595
889
2.736312177655491
890
1.0148863687585343
891
2.1367945991774118
892
2.064483525827872
893
1.7369503966318047
894
2.3028904073950875
895
0.8833268792365204
896
2.025937106757745
897
1.456071331133076
898
2.25278447383438
899
2.3230236238029613
900
1.6960889892824567
901
2.001923239926247
902
1.8505475301269958
903
2.0403798555421138
904
1.3160516008561791
905
1.0097113241268163
906
2.6021760149449773
907
0.9847935047056846
908
2.6239915112959276
909
2.6429775623063456
910
3.5549646425302264
911
2.5880351939721082
912
1.6902486871142903
913
1.6333211644561245
914
3.075193777632415
915
0.9706450528092545
916
1.3192496724602585
917
2.6202682974317013
918
1.0298627040703394
919
1.215208208128933
920
1.514501307708674
921
3.1003389190600275
922
2.0869311162166357
923
1.2838146090412572
924
1.2034414902716943
925
2.8395089130230935
926
1.7838798725549023
927
2.574114382920686
928
1.8300303100003992
929
1.515688230851149
930
2.771328818024118
931
2.8898285841201177
932
2.7590150170323113
933
2.6440274228850753
934
2.185301198325092
935
1.346847682199429
936
1.3515345493940671
937
2.1861861154047815
938
1.8350322444998928
939
2.6748583108637094
940
1.585526949717147
941
2.17846897721457
942
2.7350645745354747
943
2.746973795878259
944
2.344363388088002
945
1.5568310938952312
946
1.1500129514900324
947
1.3593291378750731
948
1.4051686771690495
949
2.241835583666883
950
2.3559182842985598
951
2.4346213459888513
952
1.4578145735290076
953
2.5767779876479193
954
1.3726357440926555
955
2.148864946880915
956
1.4894797432624884
957
1.3617713211655933
958
1.85413529908433
959
2.0620927892233762
960
2.005626385091096
961
2.7510883559540167
962
2.118129568984203
963
1.6313186578961194
964
1.7006015103500396
965
1.7804653951702623
966
1.1438864179375952
967
1.6567307240237
968
1.2629886521653808
969
1.0563653896501328
970
1.7338124193728521
971
1.4284691583041165
972
2.7404144231814995
973
1.7344046742965722
974
3.3160654315376266
975
0.9852555697186993
976
2.53576081125959
977
3.095727591715059
978
2.5109735586589967
979
2.186092457705112
980
2.202650281760413
981
1.2650153679844536
982
1.0238567866635135
983
1.060919748767555
984
1.165591258297675
985
2.289381633594489
986
2.1658105179039873
987
1.457354728932364
988
1.1552823112905592
989
2.0163866015249727
990
3.751417700394772
991
1.601409193431543
992
2.9105536730247588
993
2.29453224048495
994
1.2615377809656747
995
2.9821672790372866
996
2.83056760303247
997
1.5398095528120692
998
1.2603501938943886
999
1.012447960011719
1000
1.4017106466272706
1001
1.1818916423120107
1002
1.2309713961928619
1003
1.824975616607017
1004
2.0123951258222474
1005
2.301320166927246
1006
1.1134397470025956
1007
2.0151579518336056
1008
1.5910221317942572
1009
1.026228933434767
1010
2.2332794777909086
1011
2.0638544981943014
1012
2.184299133118072
1013
1.240038767089283
1014
1.179942772346044
1015
1.3998806483176902
1016
1.6424796964609343
1017
1.3800140932932323
1018
3.5879876289311263
1019
2.9251178866109133
1020
1.7726578726534603
1021
3.5718018615831575
1022
1.7071721780103963
1023
1.1990564367081564
1024
2.7570163241798404
1025
3.0201311261815063
1026
3.2653315962806517
1027
2.6942462061942782
1028
1.8627688274387955
1029
1.8668595361214306
1030
1.7328164161422481
1031
2.3697854594125127
1032
1.7573968450156234
1033
2.667576817922608
1034
2.3348807829374025
1035
1.7139639818195804
1036
2.4073383066308245
1037
1.1875031602409956
1038
1.2116902059960433
1039
2.0972310378975183
1040
2.403120033432203
1041
1.510958450030473
1042
3.2531830737822545
1043
1.257467933940495
1044
3.589594593019463
1045
1.2825209937869546
1046
1.2023962885937565
1047
3.220773666357404
1048
2.584604126547942
1049
0.920712795279476
1050
2.1144965095109582
1051
2.247021798346361
1052
3.3208609604459594
1053
2.354557816406767
1054
0.9509895857251148
1055
1.2043969677060218
1056
3.0679940273162583
1057
1.414498699863975
1058
1.7927276027309986
1059
1.999864531058189
1060
3.0724431553772997
1061
1.2383990715747004
1062
0.9368642225189381
1063
1.7895571261289296
1064
1.6366658668096448
1065
2.723441824205884
1066
2.177014141691284
1067
2.0319603829685353
1068
2.8919433652382245
1069
3.34593244812454
1070
0.9994320788025611
1071
3.179223240195581
1072
1.5519366769508645
1073
1.6355858942929125
1074
1.4321833802722543
1075
2.2100886668263637
1076
3.109792370686145
1077
2.401784375822193
1078
1.314915436623494
1079
1.916652226686205
1080
1.2933343079434314
1081
1.4458228036020215
1082
1.0225361586617738
1083
0.9075176976686654
1084
2.786586086623963
1085
1.3834503763241468
1086
1.8169794464191424
1087
2.172143605011222
1088
1.1539466226848083
1089
2.9476797443242093
1090
1.9931276053319562
1091
2.3226574035358922
1092
3.043630055226542
1093
1.6885326696145184
1094
1.497116623481774
1095
1.88881435845572
1096
1.1005688339575528
1097
2.676418011631843
1098
2.053922867880863
1099
1.4927973816630895
1100
1.1336771485037715
1101
1.8297342259778107
1102
2.138451674063381
1103
1.2961567237030618
1104
1.6075702374140732
1105
3.502568547474801
1106
1.5151084841707079
1107
1.0800759846101164
1108
2.0640948879517205
1109
0.9466421755853158
1110
1.997956979263814
1111
1.482269109024598
1112
1.866629402379601
1113
1.5273699945639836
1114
2.2175428595247175
1115
2.976635246036775
1116
1.7132447166410678
1117
1.5057286922312887
1118
3.1995037476507755
1119
2.1024138647037294
1120
1.5886223989821022
1121
3.035061171231855
1122
2.393643045757748
1123
1.1976552792788968
1124
2.15582510727267
1125
1.9914111967287698
1126
1.6315905940345716
1127
1.3966198506550533
1128
1.3622920483210852
1129
1.9348416669487911
1130
3.3575508928722306
1131
3.31823267951296
1132
1.2074500701710804
1133
1.2265987045841729
1134
1.2201658115554102
1135
1.928003695148017
1136
1.2275358186960756
1137
2.4264200267312717
1138
2.7605202420468626
1139
2.2198878406823597
1140
1.6732196854950026
1141
1.624489165478172
1142
1.1266077166296211
1143
1.1405858258754797
1144
1.7668405163267853
1145
1.874644103752484
1146
1.8979389168395373
1147
1.0917905231212235
1148
2.7893333000385185
1149
2.745706877364364
1150
1.557275874145372
1151
2.513152272180187
1152
3.1637800586581157
1153
1.3511345050700412
1154
1.1585027776857182
1155
2.103401047387712
1156
2.0070981676142905
1157
2.7609212407643535
1158
1.2472249978643757
1159
2.280832347821125
1160
1.749309922581768
1161
2.5762665867741026
1162
2.1517596887184767
1163
0.9989234804522035
1164
1.378722465385004
1165
1.4961453735681178
1166
2.436438005014986
1167
1.234882307015594
1168
2.284159817319028
1169
1.1316279795337716
1170
1.6177134794380403
1171
1.4626914428234967
1172
2.167289872760739
1173
3.258117584467777
1174
2.2392764190282333
1175
1.049339976035504
1176
2.288268936693015
1177
1.5150478756313233
1178
1.3311558116621958
1179
3.1158005197184004
1180
2.568018619933979
1181
2.526135634622583
1182
2.0557098021599622
1183
1.0372668110885084
1184
2.796070829087916
1185
1.7108633372462991
1186
1.152127940285368
1187
1.61543992034573
1188
3.0884742563582828
1189
1.7957299022843112
1190
1.645761454378564
1191
2.964555073808275
1192
1.1989630400638838
1193
1.0422668275230986
1194
1.9239414221296185
1195
1.1291100292269771
1196
3.2465488431391414
1197
2.882378863957256
1198
2.440379885373875
1199
2.970281763000148
1200
1.219502871326456
1201
2.8265911334327187
1202
1.1283760323118486
1203
1.3769852586615048
1204
1.661846928115851
1205
2.438335013714377
1206
2.529682646324357
1207
0.999090630150533
1208
2.243768286907354
1209
1.7097005704301462
1210
1.6938527293272876
1211
2.3178343920813926
1212
1.0522011512840297
1213
3.064750934353587
1214
3.15902754954336
1215
1.4979758379466181
1216
2.1491762595725925
1217
1.4151443457947688
1218
2.0614126643848256
1219
2.676139300411229
1220
1.3500707966862577
1221
1.3512915436509851
1222
2.1606890070172726
1223
3.7792177857787568
1224
3.1859038575397918
1225
1.5918395990390077
1226
2.024635336789622
1227
2.569510713338759
1228
1.408060825960471
1229
3.628185512705719
1230
1.7534476871497913
1231
1.143627790444296
1232
2.1908144063680575
1233
1.7173348566109206
1234
1.6450619512560882
1235
1.2336055887613901
1236
1.5694777809790434
1237
3.121277985221036
1238
1.0251426296935224
1239
2.3751109356012754
1240
2.134152825498066
1241
0.897113233521346
1242
1.3746298850687328
1243
1.1278846490764474
1244
1.7157607390716851
1245
2.832168322774415
1246
2.1011252702089087
1247
1.8653554545840474
1248
1.2599017578960936
1249
1.3753737581053778
1250
2.796131628665699
1251
2.101643721446228
1252
2.6648852607986098
1253
3.7696276121506633
1254
3.4817492085864834
1255
2.5023155115799116
1256
1.1259467095529074
1257
2.43678657326623
1258
0.8768629886742189
1259
2.181810516343454
1260
2.184365947544915
1261
1.8793814719162787
1262
1.2163318134024632
1263
1.1487481236242183
1264
1.781234251695194
1265
2.6290219045930256
1266
1.5673548209168633
1267
1.5624615885615258
1268
1.349251795352095
1269
1.9925955092960164
1270
1.2191056051677223
1271
2.71772951225278
1272
3.276968875804085
1273
1.8552679931162395
1274
2.3200671945808673
1275
1.4272751496863938
1276
1.0815004668129844
1277
1.3769200645714064
1278
1.3287020725154663
1279
1.7827349101410832
1280
2.954181114720851
1281
3.760751121770726
1282
3.0393897384562005
1283
1.3739872778188555
1284
2.0702089724971278
1285
0.9409110942207831
1286
2.8502895092085057
1287
3.080654099468392
1288
3.4981152827310127
1289
1.1649913111870045
1290
1.2809766538978415
1291
2.1928314855371296
1292
2.2167842507661857
1293
1.780419464759119
1294
2.6159698686274186
1295
2.542667949560351
1296
1.7862663713373117
1297
3.066154690524612
1298
3.039737799340935
1299
1.1828234894946745
1300
2.210985817818693
1301
1.1573842951309952
1302
2.22292338156434
1303
1.4860881930768906
1304
1.3898794256948854
1305
1.3453219057740828
1306
1.4830373996135713
1307
2.076518163105731
1308
1.8392634999889075
1309
2.0607525089336867
1310
2.3593747057147567
1311
1.2894175967252521
1312
1.1099155848844033
1313
3.4274111367343068
1314
1.6844290814357794
1315
1.464701368788141
1316
2.6058788432954563
1317
2.027635105344475
1318
2.8613725270588573
1319
3.550107650416504
1320
2.5999698851441555
1321
2.3785224866915273
1322
2.799547667926076
1323
2.1019791069388494
1324
2.1293826579503645
1325
2.328752301782084
1326
1.3634015133761415
1327
1.3248587200024362
1328
3.978258158278372
1329
3.2834140553135143
1330
1.282778025595165
1331
2.7407344502492936
1332
2.116379946316645
1333
1.0464430402028562
1334
2.298861320507647
1335
2.881378395413658
1336
1.354503523808936
1337
2.4206967572568323
1338
3.0859233391917074
1339
1.1016765061460696
1340
2.5985657964091486
1341
2.560385702975236
1342
1.373582144553223
1343
2.834301538839694
1344
1.1247660877710322
1345
2.192545759968505
1346
1.5275910683547762
1347
1.5382944663536544
1348
1.497194123073021
1349
2.0058201795710646
1350
1.149855630006473
1351
1.623846407327916
1352
2.3735975408879537
1353
2.171450559354461
1354
0.9066462956343861
1355
1.6262113925599986
1356
1.9032992943046625
1357
1.3779552326594564
1358
2.5042233745350813
1359
1.9214157684092317
1360
2.6344801719388125
1361
1.6898521088686898
1362
2.5404530039718005
1363
2.6367919992923308
1364
2.86060374172997
1365
3.305269038145795
1366
1.8463894335960755
1367
1.3875289038369492
1368
2.4502271121332964
1369
2.609045132358664
1370
1.213943827243902
1371
1.1269098283641519
1372
3.771388094830272
1373
2.422345429609561
1374
1.2942963901986229
1375
3.4076389742259936
1376
2.304852590562531
1377
3.194288208425844
1378
1.4238820015196125
1379
2.7535351198267364
1380
3.220775617215445
1381
1.9941877290923065
1382
3.0191893973263255
1383
1.8992065658138921
1384
1.2260448162475512
1385
1.8320567953303164
1386
0.9835508958578708
1387
3.2105574095117424
1388
3.2654413976010916
1389
1.1386191663465899
1390
2.467696237342207
1391
2.6618096234003525
1392
2.192093982137478
1393
2.6614526282809594
1394
3.147647062533767
1395
2.78861096047748
1396
1.6149245383581836
1397
2.2329333132088967
1398
2.6971070640146837
1399
1.4611667189455864
1400
1.1037380632708578
1401
1.6127067407008095
1402
1.1248497063092557
1403
2.4306351675447666
1404
1.5124224616473543
1405
1.583325552783053
1406
0.9329141052977851
1407
2.419912459466322
1408
3.5024187601218517
1409
1.7494889530069397
1410
2.488771264828983
1411
2.5129402266614296
1412
0.9186924491146884
1413
2.594526694155838
1414
2.9391140452038282
1415
2.0525822711134767
1416
1.8610193845710274
1417
2.237008142509558
1418
2.7881712227096282
1419
1.6854178309971908
1420
3.0155887356389637
1421
3.0124982343748785
1422
3.0583633283259535
1423
2.581310628860643
1424
1.6014945043607787
1425
2.8294501957524147
1426
1.1034615031062676
1427
2.1225619342941506
1428
2.7851286195599965
1429
1.3457147715142392
1430
1.4850795877927232
1431
3.0605259473118167
1432
2.167982809628851
1433
1.58912468926883
1434
1.2307377067429146
1435
2.045643532772251
1436
2.35368480547649
1437
1.4858396583664644
1438
1.9166235981775637
1439
2.946648786008262
1440
1.190042242985827
1441
1.0969545185183263
1442
1.8012062388573207
1443
2.5073131448207566
1444
2.992377558364641
1445
3.0907679779566326
1446
1.162317640413101
1447
2.8199642041384547
1448
1.1722712121914838
1449
1.0492837396591062
1450
1.3149434853270836
1451
1.4820383849535392
1452
2.412239562778237
1453
2.9618809706686102
1454
3.432640719258241
1455
2.312942529711502
1456
1.9874491769120215
1457
1.5618925148269205
1458
2.819253002994205
1459
1.7655916754495518
1460
3.667270582081327
1461
1.2598686357981077
1462
2.102642213742198
1463
2.773676508459852
1464
1.26908640794284
1465
1.5688850423814515
1466
1.1135225514468905
1467
2.8295180931647335
1468
2.6574844941002707
1469
2.1504207598706633
1470
1.6374316668183224
1471
1.3228845202910648
1472
1.6738547655236402
1473
1.1529044086054963
1474
1.5728690175675195
1475
1.329380706934797
1476
1.3719445268368309
1477
1.7744990065016821
1478
2.256541120219003
1479
3.814539166146534
1480
1.8787354059648296
1481
1.046725789294222
1482
2.516327080300774
1483
1.8077907885726205
1484
1.8100561003022975
1485
2.7811562530632874
1486
1.6867502928360352
1487
2.6939422709666436
1488
1.2906547718916757
1489
2.4784576491830577
1490
2.3561106779201544
1491
2.1880801420948415
1492
1.4204382290595463
1493
1.774910337674499
1494
3.058509257007972
1495
2.4413754110755517
1496
1.7821299041567593
1497
3.239559874858543
1498
1.5959634442685988
1499
2.4048958330740753
1500
1.8632937037248405
1501
1.6892981211825477
1502
2.0405275276332207
1503
1.3462029724834252
1504
3.35169845836263
1505
2.2253330174935377
1506
1.2990157787462095
1507
1.4521223555479374
1508
2.074538940461096
1509
2.1903293216176896
1510
1.5987776904424844
1511
3.252821505012894
1512
1.8214905350030661
1513
1.059312144624477
1514
1.176586111993729
1515
1.7227652734304741
1516
1.7630639233901593
1517
2.392765390027127
1518
0.935173624053937
1519
2.318346887639579
1520
1.2651491881417811
1521
1.1234857191531622
1522
1.6566466123444386
1523
1.4868726993151093
1524
1.9628642569240995
1525
2.2208019872063165
1526
1.3950437674176606
1527
1.6652681475565798
1528
1.070754035016864
1529
1.632044683718384
1530
2.64469765266113
1531
0.957470724514556
1532
1.6586982205439684
1533
3.2688457963975988
1534
2.0869142802465883
1535
1.7420233965044913
1536
1.5881593209665585
1537
1.557239953339796
1538
2.457483166240718
1539
2.563979882537828
1540
2.0764721379863254
1541
2.6427536126356195
1542
2.3506569352542663
1543
2.1502893537638146
1544
1.5380610906880916
1545
1.4721810155131387
1546
1.3303706008485485
1547
1.426594428307357
1548
3.1540261867867025
1549
1.0557871421731873
1550
2.3960739114281995
1551
1.1455466543253954
1552
1.5705178113870977
1553
2.654233986521158
1554
1.9764149108991387
1555
0.9307557478136828
1556
2.6218212387205395
1557
1.6345244743045941
1558
2.9910161914133524
1559
2.672250462736953
1560
1.441425255736207
1561
0.9216844720786176
1562
1.0662228279577006
1563
1.0391118044204766
1564
2.2897664250340295
1565
2.7781726054278058
1566
1.005303946942734
1567
3.3516679355387486
1568
3.5772897572225806
1569
2.6363845571354343
1570
1.832542288286157
1571
2.3422098049442757
1572
2.628405929758608
1573
2.369140628692876
1574
2.0473085134917484
1575
1.9003455145987007
1576
2.7570354347835124
1577
2.533149641532585
1578
1.1423515209959616
1579
1.9014168906943922
1580
2.1760729201966007
1581
3.070153363817637
1582
3.4559623683645686
1583
2.8202538702885085
1584
2.720060638667652
1585
3.0471373635455072
1586
2.07662974811288
1587
1.1325158607751518
1588
1.734669580011632
1589
1.055753716493915
1590
2.5990760958720744
1591
1.875470631851402
1592
1.3007159385675966
1593
2.3542971323243402
1594
1.7263153436291754
1595
0.9451557129224525
1596
0.9622067647849334
1597
3.2065457755138658
1598
2.243435950128244
1599
3.461418376080657
1600
0.9933291512645562
1601
1.09108966514774
1602
1.369077280015396
1603
3.30827062724127
1604
1.7324427789935695
1605
1.5440639923378674
1606
1.4804886768018215
1607
3.2000318361228413
1608
1.5681843116975422
1609
1.3651463067625407
1610
1.6567362463315927
1611
2.2878530230089553
1612
2.813197217025766
1613
2.8834363279607107
1614
2.387363760299087
1615
0.9981028472205669
1616
2.1108729277760534
1617
1.689076979344818
1618
1.6859629466674257
1619
2.9650769824481142
1620
1.8118088149960352
1621
2.6514768086294267
1622
1.6423561559757962
1623
2.702567044231828
1624
2.7957386434267986
1625
2.612944362145845
1626
1.2649777743180415
1627
1.8251616033029554
1628
1.0389233407851477
1629
2.796952152192458
1630
3.3226339424176756
1631
3.800755788672132
1632
1.588286579411243
1633
2.0555174124501847
1634
1.4284164796815677
1635
2.274402480387553
1636
2.9810070912215014
1637
1.3811139866383197
1638
1.8635186995090554
1639
1.128193809013189
1640
1.925278917752481
1641
1.9327813859089127
1642
2.1088291676987
1643
0.8145274283016984
1644
1.7466783939338646
1645
2.6643215418251103
1646
2.0045754834016245
1647
1.087846777633569
1648
2.158086295073671
1649
2.6038804942902454
1650
3.4201780489924265
1651
1.1815698952406533
1652
2.1163190504634106
1653
1.9509037670631844
1654
1.3911736326648028
1655
2.949094290032711
1656
2.183670669383832
1657
2.4330647988263627
1658
1.7268675845220878
1659
1.9499091315233232
1660
1.464536676759492
1661
2.761991860176356
1662
1.4586813056617727
1663
1.0647073191669236
1664
1.4599418044470425
1665
2.1748567021790692
1666
1.726698219935754
1667
3.4646897511902934
1668
1.2939487665087663
1669
1.3108679246340154
1670
1.0460198372596827
1671
1.4786173705938916
1672
2.021866218467663
1673
2.152467336117922
1674
0.9108600166490757
1675
1.5298036383454254
1676
2.0068241260074124
1677
1.9314119035940098
1678
1.245885141579521
1679
1.1657768374266049
1680
1.3632583275431602
1681
3.027231755805662
1682
1.272419221933532
1683
1.3667460474621937
1684
1.4967415364530763
1685
2.615717396015404
1686
3.212503766903565
1687
1.5343138566236998
1688
3.375826565393343
1689
1.6219585223930995
1690
2.915908897186554
1691
1.9386452255959519
1692
3.2923162028617
1693
1.045131056065104
1694
2.494829523022923
1695
2.2820907710980545
1696
1.8792290739983415
1697
1.337648966504541
1698
2.1821353397559475
1699
1.9858178315404644
1700
1.7678225573415938
1701
1.9884258054674253
1702
2.3500859383281942
1703
2.8705941246215754
1704
2.4343540139731994
1705
2.0745919600132523
1706
1.0786232362374408
1707
2.767797672825468
1708
1.7447652190080865
1709
1.8256216406103585
1710
2.6046175186075553
1711
1.957173225975995
1712
1.387450907230142
1713
1.6107992892515834
1714
1.2346084499543941
1715
1.5589140797518755
1716
1.6798304652400087
1717
1.7045668824644684
1718
1.5130739641799793
1719
1.3420105004354907
1720
1.6747169086391118
1721
3.241020677893988
1722
2.192791125162594
1723
1.4421848552289718
1724
2.095512494244506
1725
1.5343878701729892
1726
1.366106328207348
1727
1.6784093365020505
1728
1.7891056160678498
1729
1.7847568969786343
1730
0.9746063495024317
1731
1.0341183483540957
1732
1.1892462799546086
1733
0.8766325530454382
1734
1.9137749319974302
1735
3.0121321720062
1736
2.777403355311238
1737
1.1376047700687204
1738
1.774657683396456
1739
1.1544642863413586
1740
1.9299334687684475
1741
1.5774126766323218
1742
1.7252460540746724
1743
2.9804244256902095
1744
1.1189935885035398
1745
1.6167368095546786
1746
1.9132909620214769
1747
2.0439562333971737
1748
1.693865221981703
1749
1.671887882031604
1750
0.8735679785733278
1751
2.404040332445937
1752
1.8879495294554953
1753
1.4982025647790616
1754
1.031246868977894
1755
1.4825033667430718
1756
1.9873144977033839
1757
1.922153104074181
1758
1.5684743599051365
1759
1.4591198628520812
1760
2.379217377563167
1761
1.0926005060075403
1762
1.4441524137176363
1763
1.6216552001320053
1764
2.1379839585237406
1765
0.9703492297942102
1766
1.682202118260323
1767
1.9985436144731081
1768
2.025954637407267
1769
3.0242641205102645
1770
2.0360158036812948
1771
1.2632972229752757
1772
1.1482780045590737
1773
2.4346210087902036
1774
1.8052234273266843
1775
2.486603912321947
1776
3.8281314352122577
1777
2.2006612894955464
1778
2.2506973745859944
1779
1.5284493633562803
1780
2.449012744835986
1781
2.828735093250815
1782
2.8067675556029754
1783
1.9494780507674374
1784
1.250983605773085
1785
2.2531129234974765
1786
1.092703114390289
1787
3.024954233446825
1788
2.590118787185618
1789
2.802038604735414
1790
2.8191844070060608
1791
1.6915431348209216
1792
1.7732563133736061
1793
0.8940782723590756
1794
3.6532532165882277
1795
2.9660692677137765
1796
3.0576707260463
1797
0.8813607320503495
1798
0.938838009302278
1799
1.8173858263226859
1800
1.7165328037050678
1801
3.8344130158118648
1802
2.8747721121125056
1803
1.4365703997184673
1804
1.2969339787428849
1805
1.035929307266357
1806
2.4609274951860614
1807
2.8895967520348287
1808
1.6338657655670952
1809
2.6153805395092538
1810
1.4483016350877556
1811
1.420120407568151
1812
1.172675458027673
1813
1.1391813471385246
1814
1.808098149895065
1815
1.0824878190460034
1816
2.1379452417178757
1817
2.7733130441281975
1818
1.9944157531258018
1819
3.0801532251960935
1820
3.143702786714717
1821
1.0181814543921968
1822
1.1121328325570556
1823
1.8123295013601501
1824
1.4805256346759765
1825
3.0852915222234922
1826
1.288127669299257
1827
3.4341460660126475
1828
1.0891673029993334
1829
3.5100753299660084
1830
2.5144040306603195
1831
1.4729320980082083
1832
3.7304010916205472
1833
1.57235040688669
1834
1.5745710319250683
1835
2.1150729815942557
1836
2.6025376990042055
1837
2.840657812086376
1838
1.3642919582654287
1839
1.4129103183153398
1840
1.0249951124000982
1841
2.0302677972049783
1842
3.0862887015455045
1843
0.855930518058841
1844
2.192070127697282
1845
1.4307111430962491
1846
3.0027034486644
1847
3.236489704646423
1848
1.4447891449464334
1849
1.4296932003112408
1850
2.5747693309953332
1851
3.330893102065614
1852
1.522980543628081
1853
2.102924568678771
1854
1.7351995777915947
1855
3.2925425816047205
1856
1.9354505097176955
1857
1.4049658532066436
1858
2.680810618184861
1859
1.4050580044180903
1860
1.421088143388468
1861
3.0909029261754277
1862
2.307656397226775
1863
2.3239453819085396
1864
1.739601801018263
1865
1.883778936323386
1866
2.2423721596067256
1867
1.7827301860874751
1868
2.6266607989553363
1869
2.8496263243887037
1870
1.4156444301562154
1871
1.9476159725728837
1872
1.6419341302694763
1873
3.677313857708195
1874
2.505565918953042
1875
1.753504778875225
1876
2.488409876224547
1877
3.6704306482610267
1878
1.2375271402554728
1879
1.4093205058083693
1880
1.092582344617174
1881
4.0480532884663525
1882
0.9626970298432307
1883
1.3901624261360137
1884
1.836626154166412
1885
1.1649465190168846
1886
1.4250047235687222
1887
1.6152118993245155
1888
3.509764306383911
1889
3.5951624602620504
1890
1.1912506558515559
1891
1.9837832688617942
1892
1.510339030882986
1893
2.1757775879012207
1894
2.399393932925572
1895
1.3006471056531144
1896
2.2375627422894504
1897
1.0032518910025523
1898
1.0931821790602707
1899
1.5302329639110963
1900
3.0798626430117673
1901
2.6110400375664877
1902
1.1638663315803872
1903
2.6329534037528317
1904
1.2722164839351624
1905
2.188412287145948
1906
1.5905206902274398
1907
2.1942018189872114
1908
2.719671843340892
1909
1.8511245690269829
1910
0.9765545800743092
1911
1.0397646731130539
1912
1.1124829057328387
1913
1.8910248325172005
1914
1.939327774538411
1915
1.231996854210499
1916
2.8090076555641477
1917
3.1420029736914072
1918
2.8033309865227993
1919
1.3552799070823054
1920
2.0425819470927435
1921
4.051184992824577
1922
1.409384299696129
1923
1.049947718083966
1924
1.3006046752640579
1925
1.3624733311113884
1926
3.3309427312553677
1927
2.4162282847138266
1928
1.7946972947188888
1929
2.514613955289271
1930
1.9095551573845917
1931
3.390266576887868
1932
1.0246086825412446
1933
3.7792437264685392
1934
2.900004058259055
1935
1.5353188153207993
1936
2.9105569612427376
1937
2.6318078064310653
1938
1.501142057063243
1939
1.7642663262300033
1940
1.1797276884384702
1941
2.600303292380823
1942
1.3214450477438082
1943
1.853010428771128
1944
1.912271360187652
1945
2.481653155890604
1946
1.8104107489247159
1947
2.4678847108710213
1948
2.516306245966548
1949
2.7401545908991
1950
1.5830268549572903
1951
1.8093952909138449
1952
2.1385199723724626
1953
1.8534435638610556
1954
1.1551877047470271
1955
1.024224830109859
1956
2.9393537624779715
1957
1.7598133286360518
1958
1.027423990544376
1959
2.9640851847104157
1960
2.211803819870859
1961
2.843222462302832
1962
1.8606605802803882
1963
2.024259018128691
1964
1.1907235800625653
1965
1.2638196956077101
1966
1.7444356601871793
1967
1.3739452233938723
1968
1.045765917237054
1969
2.1559443776831655
1970
2.0254393960425117
1971
1.4613380227553652
1972
1.7411584727156082
1973
3.1189237665516765
1974
1.6287919623640499
1975
1.9516008774046514
1976
1.8194001238986242
1977
2.343584322831442
1978
1.788364813349878
1979
2.2471961181333686
1980
1.6724385093173157
1981
1.0592609663292538
1982
2.4033810344295015
1983
2.7726937546192354
1984
1.769225380666289
1985
2.1671532844720343
1986
2.7553828677528696
1987
1.858296928842931
1988
3.403024032492899
1989
1.662146631436427
1990
1.2180704378732798
1991
2.050148918238974
1992
1.512004053983561
1993
1.6755445713481465
1994
2.5170994367332797
1995
2.4509143943985405
1996
2.5265919294785197
1997
1.6219560237848307
1998
1.2418667023826275
1999
1.2619897548854142
2000
2.558632329006068
2001
2.3416301081502184
2002
1.2966776931435167
2003
1.3586037443153334
2004
1.6491880659972196
2005
0.8987765033449939
2006
2.430624270338753
2007
2.1417074170099646
2008
2.080892830876085
2009
1.578465813089775
2010
2.3635414329527413
2011
1.8102037007295677
2012
1.164532834227229
2013
0.9786175069256807
2014
2.6232537018363042
2015
2.813338198549247
2016
3.2752697812258202
2017
2.6396305699891136
2018
2.727073069599701
2019
2.475964341973119
2020
1.1168994706617115
2021
1.4755153470047466
2022
1.5956127248584415
2023
1.7815307531614228
2024
2.965253391462062
2025
1.02929244138562
2026
1.1494738979401025
2027
3.2100781370831006
2028
1.7578789148765657
2029
1.0835650421731375
2030
1.4812161500191552
2031
1.8651169803235994
2032
2.493665528074882
2033
2.22420036887844
2034
1.4199534610877265
2035
2.757127439953888
2036
3.282632279447158
2037
1.8170941127289062
2038
3.0161601460559706
2039
1.7789870556772762
2040
1.1908663440095582
2041
1.1976193156658375
2042
3.0393720990351363
2043
1.8330115909524
2044
1.8532567648234415
2045
1.188321970503302
2046
3.0767002977303313
2047
1.7288660929257549
2048
2.0038824684227183
2049
3.1943705359818018
2050
1.9151126236428835
2051
1.242852692781574
2052
1.032024854850296
2053
2.045585551243401
2054
1.282009336621737
2055
2.3194046853384567
2056
1.7271108613712451
2057
0.9115519549423694
2058
3.2139945298123926
2059
1.7557021381527051
2060
0.8451625769392257
2061
1.1613831858133876
2062
1.1500360850481477
2063
1.8060069960943954
2064
2.1134602072911934
2065
2.2821930151913157
2066
3.1850021819169796
2067
1.1082671807981057
2068
1.5779260810275184
2069
2.5744752112352973
2070
1.6854292805683917
2071
2.7376558998883285
2072
2.7061686399835025
2073
1.3078974794096985
2074
1.52750571699168
2075
1.4818669519328667
2076
1.740992042493344
2077
1.7394914117500588
2078
2.8536811594872695
2079
2.9881888211702425
2080
3.261084065274881
2081
1.578298129766206
2082
2.0038767058906974
2083
2.8062093913756403
2084
1.843672410149649
2085
3.255131411260607
2086
3.063472342961003
2087
1.2970159431753816
2088
3.188274446196995
2089
2.4646905936953463
2090
3.2787760060481306
2091
1.2092808320293253
2092
2.7517671511578228
2093
1.923450355158773
2094
2.47552057404752
2095
1.6076772170439113
2096
1.8899603873516282
2097
3.244714178245306
2098
1.3351859740791385
2099
2.9172095971749994
2100
2.6873176496103177
2101
1.4633355806242625
2102
2.721967273340718
2103
1.379698181028986
2104
2.050907512146091
2105
1.3965650868756991
2106
1.6024780943090278
2107
3.226512871982748
2108
2.177415528956617
2109
1.3597336410140213
2110
1.8481882933020861
2111
1.657548674349457
2112
1.1007346365311592
2113
1.333004189537167
2114
1.5031183236176764
2115
1.2052152147168604
2116
2.9289053838007564
2117
1.4175084550248545
2118
1.0775665998835535
2119
1.9679385682129846
2120
1.02019382214273
2121
1.493283457542201
2122
2.4561072846839176
2123
1.251628486382459
2124
2.8258938268146645
2125
3.0236214230992275
2126
1.191274173874394
2127
1.8487061257650175
2128
1.1105335997908317
2129
1.115137859342435
2130
1.1266658760056856
2131
2.6773590337669058
2132
2.2478746887177583
2133
2.340029604415647
2134
2.22318720369359
2135
2.884017068233398
2136
1.1535487428798818
2137
0.8393451431213265
2138
1.164826227035378
2139
3.2862083710982506
2140
1.199409777379048
2141
1.2009392799684717
2142
1.7735379356910237
2143
1.2540402093721714
2144
2.905161675194124
2145
0.9106169311637761
2146
1.1916039559805625
2147
1.120095349615445
2148
2.882410564737244
2149
0.9903967896004604
2150
3.5879414139271346
2151
2.657802322037834
2152
3.2706361857841637
2153
1.1808684554066446
2154
1.596400899897916
2155
1.1539364189556884
2156
1.5018962005262881
2157
0.9291260672823038
2158
1.308214407506717
2159
1.293585522910425
2160
3.035313683470514
2161
3.3449161677084294
2162
1.2633551942908692
2163
1.9422181629432835
2164
1.7498075980589356
2165
1.188253633394883
2166
1.4224170206928035
2167
2.2747668285098928
2168
1.1421303676829908
2169
3.1329927739307237
2170
1.2020950954929368
2171
1.4597236657555157
2172
1.8138549584673473
2173
1.1607349935828324
2174
2.06824561045246
2175
0.9416154063262439
2176
2.467606916865814
2177
1.709614595424644
2178
2.4374460468033914
2179
1.8370236969968798
2180
1.698451479369074
2181
2.6620084118019247
2182
2.200613320653595
2183
2.4958693017710227
2184
2.6406368615267377
2185
1.9951108330118872
2186
3.3132660121635715
2187
3.1141737938143885
2188
1.121087093641025
2189
1.3230308277309337
2190
1.3011813272670743
2191
2.108418514363831
2192
1.3377140565165213
2193
2.1687978809138047
2194
3.3546447230886534
2195
2.6631639548995274
2196
2.296186454034752
2197
2.5259672739981953
2198
1.1781524984360976
2199
1.963967684441762
2200
3.371351925740128
2201
1.9537005092475541
2202
3.0944906729856365
2203
2.6091434629350108
2204
1.2166798887173236
2205
1.673277316815123
2206
3.1703152691092638
2207
3.5304641937912358
2208
2.615960526965886
2209
1.395156075037373
2210
1.5617154743231438
2211
3.1100973952188413
2212
1.3647128038559904
2213
1.0176159113629464
2214
1.5180975211600407
2215
1.1433982544271029
2216
2.5785123676617916
2217
0.9759615129868172
2218
1.024258858379779
2219
1.4653275701287212
2220
2.1741578154841945
2221
3.2601095172697754
2222
0.9720885017565488
2223
1.7541808179930936
2224
3.0333442731115055
2225
2.737115639583095
2226
1.4937105301672593
2227
2.9669393794779544
2228
2.1954756805910813
2229
1.1863731938662938
2230
1.9518132973587603
2231
3.1093732640702587
2232
1.6556128831288555
2233
1.8134302986411588
2234
2.228224995591007
2235
1.5085426852538435
2236
3.9425429486151806
2237
2.9599585449949304
2238
2.2351373326618305
2239
2.057146208864311
2240
1.0178693037597712
2241
2.164875355294639
2242
2.4530257083714986
2243
3.6533306229493423
2244
1.086093182282216
2245
1.8140653569395866
2246
1.0762427793971534
2247
2.2090924573434263
2248
2.747684234296957
2249
0.9836191519440318
2250
1.6910191678464355
2251
1.2787383791859754
2252
2.5497592265395754
2253
1.104159043421563
2254
3.2190653347935276
2255
3.1894561154821828
2256
2.477139511746912
2257
1.2655455458400235
2258
1.451444172066409
2259
1.1135752230318183
2260
2.157587691072477
2261
2.6513557489503996
2262
1.6586379738837376
2263
1.2698911424933763
2264
1.1360678496025554
2265
2.343966795351823
2266
1.2654782465968772
2267
1.3309547735450653
2268
1.1468400707541455
2269
1.7793027180800067
2270
1.9150528638106534
2271
1.276572622351188
2272
1.550319287853789
2273
1.321968948345289
2274
2.3633530182568947
2275
1.7790227117855906
2276
1.375813254822241
2277
3.339233871277565
2278
3.2611108772697293
2279
2.857931733769176
2280
3.116822806947016
2281
2.3535212067262825
2282
3.7634771662559627
2283
1.627166362430312
2284
1.1277248972345173
2285
3.306001225484496
2286
1.7443276641602203
2287
3.4049467366884687
2288
3.768365201875798
2289
1.6833761721855596
2290
2.285022793356887
2291
2.5158520112617277
2292
1.7227838361829515
2293
1.210856134539172
2294
1.6887151444389819
2295
3.0102466401873946
2296
1.1756937807296977
2297
1.9983395096633865
2298
2.8609857295239127
2299
1.464124404377801
2300
1.1798464239303164
2301
1.6576161053935925
2302
1.1187115142001798
2303
1.0924381278032431
2304
0.9659610161331597
2305
1.6316178487014232
2306
1.442244901366076
2307
2.8677762901599904
2308
1.2028194304819617
2309
2.2703847461946
2310
2.4544502018972354
2311
3.6693022688205197
2312
1.9292814186422265
2313
1.3119879555752079
2314
2.858380653354566
2315
1.7332998508536512
2316
2.4825024101265076
2317
1.7840828188097788
2318
1.0006103226923067
2319
4.09376135122331
2320
1.6973417699570823
2321
1.5170970673017237
2322
1.6135422751447948
2323
1.2003108771078093
2324
1.7584181942921426
2325
1.493301870840436
2326
1.129538984777593
2327
1.484662285169419
2328
1.7932952974971343
2329
2.955261858849223
2330
3.445591625745924
2331
3.0165812223689916
2332
2.7215584371375456
2333
1.423869050859529
2334
1.1330452557946922
2335
2.474935905837119
2336
3.507571813685423
2337
2.227516946687663
2338
1.221106479600056
2339
2.621380470919032
2340
1.2397822669347323
2341
1.2305691732227502
2342
2.439149488311549
2343
2.3685488001846458
2344
2.5028670526819012
2345
1.958798750190658
2346
2.382519051151684
2347
2.7517321188265997
2348
2.835622580930079
2349
1.3215666984060783
2350
2.488223208012922
2351
1.8992864208704945
2352
3.0159331356209442
2353
1.5803906118623063
2354
1.4365356171581458
2355
2.121463013598645
2356
2.1847765778377024
2357
1.561354618328825
2358
1.265456293203288
2359
2.0752692591151147
2360
2.613327072271496
2361
1.333417787953445
2362
1.0687996170181795
2363
3.4840400992804437
2364
2.726329478241175
2365
3.6744320106315262
2366
2.928443090320728
2367
3.2308490412678488
2368
1.4321221995667774
2369
3.2301694861538826
2370
1.3675600593775303
2371
1.3951231805995004
2372
1.6798467381621742
2373
2.552982247270828
2374
2.9130831299211586
2375
1.3010446362026897
2376
1.3250805568259436
2377
1.3952022036902638
2378
2.3405452268308498
2379
1.1157197332491777
2380
1.8664830018244636
2381
2.981619907589426
2382
1.6467580169975709
2383
2.4970871151778895
2384
1.8250328768187634
2385
1.0468211178969484
2386
2.3998457029318807
2387
2.5066921587115223
2388
2.3869896816120613
2389
1.798647378299123
2390
2.3461372822037294
2391
2.9800456125856307
2392
1.8689986727526182
2393
3.2315764625995826
2394
1.240376580378685
2395
1.2636604528125066
2396
2.1676538296170174
2397
1.9079325425838574
2398
1.460814332181481
2399
2.3193652690972386
2400
1.4849198757627282
2401
1.1133229164401532
2402
1.604652074326958
2403
1.0850812301899342
2404
2.8711281870620113
2405
1.9195327576765915
2406
2.1350028042433933
2407
1.2473140102713238
2408
1.8999584510940506
2409
2.3783369374947942
2410
1.5867551799921664
2411
1.0804426494575041
2412
3.195240010915832
2413
2.636761034507193
2414
2.288000335034648
2415
3.5254353456547682
2416
2.089342893840665
2417
2.246921668799321
2418
1.7595731212545094
2419
1.2831037813503794
2420
2.5199285677015517
2421
1.449906731000985
2422
1.5559767052904436
2423
1.2273721749634965
2424
2.242859003912063
2425
3.361156522951222
2426
2.8453776864501976
2427
1.1221681207573395
2428
2.72115299369817
2429
1.361023009753497
2430
1.2781218220534118
2431
1.1846402217903647
2432
1.991672110910561
2433
1.7128753776435852
2434
1.2493424066630612
2435
2.539999993423551
2436
3.068742447215168
2437
3.3866040463048166
2438
1.7685442050998041
2439
0.9592442359323989
2440
1.7626768566138562
2441
3.440554633587219
2442
3.3168657500425662
2443
1.781110069893678
2444
2.357786268730724
2445
1.4842272747728134
2446
2.103835306151004
2447
2.0296044332302174
2448
1.4489620560369683
2449
0.8987113030175452
2450
1.1772263160931196
2451
1.52006897508938
2452
1.461869766022479
2453
0.9442061667115734
2454
0.9937752541131106
2455
1.0189177852746327
2456
1.9713243615850236
2457
2.560296934859406
2458
2.6477392985871973
2459
1.459351410239378
2460
1.0240845404575043
2461
1.6713560626979695
2462
1.1032140119341904
2463
1.0828627074497383
2464
1.1480476644765996
2465
1.622582229976122
2466
1.603229910987937
2467
2.511952089052458
2468
1.8506452958246202
2469
1.9758942592371236
2470
1.058850290453632
2471
1.1164487606358016
2472
1.8506059343183077
2473
2.557858154225567
2474
1.5952104003450815
2475
2.9246772632999267
2476
2.692028267588462
2477
2.15139032564604
2478
1.3481349937641594
2479
1.4076869932032348
2480
1.8915463147387328
2481
1.0724951163971002
2482
2.142782399924496
2483
1.7096359044457186
2484
2.070552401888777
2485
1.955471430950532
2486
3.273463061505314
2487
1.7246074539959169
2488
1.6455442215860467
2489
1.0679890438118809
2490
3.122523352322477
2491
1.4868356467635921
2492
3.011843808695766
2493
1.2817384689965117
2494
2.340752324932492
2495
3.1093344559277867
2496
2.439482258931451
2497
1.1442878692117189
2498
2.470515671579942
2499
1.5058619911624744
2500
1.8016667280689496
2501
0.8634510554729018
2502
2.479140403014227
2503
2.2038476558799736
2504
1.5303355764477682
2505
1.5432178748966552
2506
1.4021136200517998
2507
3.22555564076452
2508
1.8181600733046563
2509
2.176006107919336
2510
0.8406082140048816
2511
1.6628884318458164
2512
2.645438274016179
2513
1.8429854081704353
2514
2.479042287743579
2515
2.3076478385657158
2516
2.0196212604613435
2517
2.054428164765421
2518
3.311681879301077
2519
2.259196842497764
2520
2.5937491905865317
2521
1.3786489503762904
2522
2.0937395365020044
2523
3.4435238384899907
2524
2.585140000951074
2525
1.5868036154579779
2526
2.734528440644219
2527
1.1679783027071962
2528
2.782938352976129
2529
1.9887140203497637
2530
1.809386250812939
2531
1.3564277718767328
2532
1.3800773571694243
2533
1.4121312725841753
2534
0.972765338828587
2535
2.4143222839049514
2536
1.2048960687671535
2537
2.1364683026777618
2538
1.3749799745945166
2539
1.2434249910069641
2540
1.196712276452013
2541
2.5443970280552812
2542
1.5794181170099735
2543
1.6143235849121957
2544
1.5605190617710682
2545
1.1780993111756919
2546
2.5279712154752394
2547
2.265127705936346
2548
2.495828482234829
2549
0.9373135792665707
2550
1.1412290192917376
2551
2.1047371891055984
2552
1.2974937180562347
2553
2.0697951503043654
2554
3.2189793209727706
2555
1.9483687372168275
2556
1.3760054170505733
2557
1.6877351118228834
2558
3.3511299578208473
2559
2.0216667418717105
2560
2.412640517357415
2561
2.93946922185214
2562
2.595822637499089
2563
1.3914082719129848
2564
1.2485621089454215
2565
2.6751116252006755
2566
1.9260515339117112
2567
1.1581014536998753
2568
2.4244458009435346
2569
3.139287029167472
2570
3.6760757213369297
2571
3.1049117343442965
2572
2.1823886744382137
2573
1.4762587512416172
2574
2.011520558257283
2575
1.05361064390996
2576
2.78811417773009
2577
2.753007832589269
2578
1.7986761385801786
2579
3.0744326797082877
2580
2.8825406666131625
2581
2.399336124582183
2582
0.9967240870033397
2583
1.0713808973486745
2584
1.1343053967095291
2585
1.7652601238748982
2586
2.113398119972082
2587
2.198427972554691
2588
2.2483734530821327
2589
2.177794618859904
2590
3.405980758809422
2591
2.5216322036893835
2592
1.6629407692498788
2593
2.792503345520564
2594
2.600236547986814
2595
1.1567155800861781
2596
1.3758919487311922
2597
2.2537930812035407
2598
1.8183979721187231
2599
1.0943543912246245
2600
3.539209591138974
2601
2.3214155511573495
2602
1.1809452480930087
2603
1.3140757013459188
2604
3.2753086026494933
2605
1.0369349392521616
2606
2.701762726480552
2607
1.1711220599375503
2608
3.1167510784667387
2609
0.9803232425783748
2610
2.415622009324705
2611
2.1149876415582662
2612
1.1531660827389172
2613
1.4078464664000794
2614
1.104349043355609
2615
2.116177591801765
2616
1.9055078192894144
2617
2.858842578982576
2618
2.523418135759463
2619
1.5347274279043022
2620
2.2633065690408083
2621
3.0428769689186126
2622
0.9703360507128427
2623
3.0253510165533766
2624
2.7391519623377785
2625
2.6816188663266187
2626
1.3247804594816808
2627
1.65020964121448
2628
1.8748501279893701
2629
1.9686483556557568
2630
2.6419084375478388
2631
1.376338389487423
2632
1.318889121125832
2633
1.9233790703731048
2634
1.9084203944380167
2635
1.2786619187894488
2636
2.6835004266430307
2637
2.4618024223960675
2638
1.2963672498659151
2639
2.480114024661605
2640
1.6865937265092112
2641
1.4054331362140517
2642
1.7128969954287216
2643
2.453303434972463
2644
1.5932389967262148
2645
2.57348392233707
2646
2.2137679559848333
2647
2.6939253614591205
2648
3.6075834514626393
2649
1.7278142828015393
2650
2.043550170302312
2651
1.1884520569983466
2652
1.488838471199514
2653
2.076622420018353
2654
1.0281336276881077
2655
1.4112022189369056
2656
1.621459508449209
2657
1.2445051805313057
2658
1.2637542515738671
2659
1.2900011666174247
2660
2.441513083834782
2661
2.6108867858334537
2662
1.2117890726276421
2663
2.595123718691288
2664
2.826048493235467
2665
2.9154225911849627
2666
2.133798854526825
2667
1.5120781209730574
2668
2.740542458184219
2669
2.5533578136975374
2670
1.9743671261681859
2671
3.4757387811278075
2672
1.9774738149056974
2673
2.6781166175056055
2674
1.2767259331040728
2675
2.23463701131509
2676
2.3705506489418053
2677
2.6659081860216682
2678
1.0466093286026446
2679
1.9773718170701182
2680
2.487479220292334
2681
2.6891465765614537
2682
1.3457783028616008
2683
3.1779559160671504
2684
2.7552837976614266
2685
2.5917225993540534
2686
2.098329173735999
2687
2.2226906513788185
2688
1.6689088575403754
2689
0.9249376546871568
2690
1.2248690186563633
2691
2.5197119001292902
2692
1.663113481501187
2693
2.4036078559336285
2694
2.844220382000087
2695
2.745910238608944
2696
2.6203861688030075
2697
3.012939489014775
2698
2.4656232783188536
2699
2.3394777504674513
2700
0.9935725636498288
2701
1.2868835511182615
2702
2.54775828543784
2703
0.9323649457371562
2704
1.93060035832379
2705
2.138370596796634
2706
1.197694184226405
2707
2.0005741691900605
2708
1.6863721395103963
2709
2.4174232387855135
2710
1.3192984203130074
2711
2.015840502917188
2712
1.163440844711646
2713
1.6693474051891952
2714
2.5911815161652556
2715
1.8189093057573131
2716
1.5073940161138535
2717
2.9671761309189244
2718
1.9149422304978565
2719
2.8475375980997666
2720
1.370239228742764
2721
1.540117271387118
2722
1.742838531205307
2723
3.6397627705616142
2724
2.2931729109743966
2725
1.2294263009215125
2726
1.0124035681487877
2727
2.796216663080988
2728
2.9386614345904567
2729
2.120244033649718
2730
1.4992340688341543
2731
1.0980354028503718
2732
2.5334723276296747
2733
2.530149480074949
2734
1.1574605180177535
2735
2.8614016125654778
2736
1.6134941897701123
2737
1.581458451839118
2738
1.5834551081349355
2739
2.259672176643158
2740
2.929351360941831
2741
2.410787139957223
2742
2.1133035241080247
2743
2.0564573552861947
2744
1.3266903245130466
2745
1.7974052220049388
2746
2.7622560009977586
2747
2.2452363781267297
2748
1.60465627618966
2749
1.209189731255842
2750
1.7132091668681129
2751
1.3856519976634567
2752
1.7445816517962722
2753
1.849808599785227
2754
1.17046231978705
2755
1.6004819745314258
2756
1.9872439021036041
2757
2.1679017790596484
2758
1.770709233787294
2759
0.9443802488615883
2760
1.5987940604765263
2761
1.9515112839879998
2762
1.043960821900191
2763
2.652269261752063
2764
1.0591986936107376
2765
2.4226430087570234
2766
2.727951791062948
2767
3.1286747601045106
2768
2.1144120708752303
2769
2.86798419814261
2770
0.8975827682672822
2771
1.9219682642601408
2772
3.676512682305385
2773
1.3034607943871541
2774
2.631131839884617
2775
1.6306530583303354
2776
3.353878906599657
2777
1.5434981048053202
2778
1.9105052849572592
2779
1.4186366164939928
2780
2.2916132430230496
2781
3.196627492222828
2782
2.128863656842765
2783
2.9505648393281643
2784
1.439694028922831
2785
1.374927535386639
2786
1.0696183047602614
2787
2.1274548054062654
2788
1.3822786488321583
2789
1.7294527654270597
2790
1.5259401635221532
2791
1.9597826179105309
2792
3.788834433707967
2793
1.2126520606821047
2794
3.396891134087326
2795
1.604333311875369
2796
1.2215927892741907
2797
1.240050414424104
2798
1.8235908839393942
2799
1.2890625342784334
2800
1.41369088233883
2801
2.064718970120674
2802
1.412297174886204
2803
2.082016767568841
2804
3.083144889566073
2805
2.1700661194953526
2806
2.874205203689282
2807
1.8277872999653348
2808
1.2671424469405244
2809
1.6421478495498654
2810
3.023220085345607
2811
2.536270790046852
2812
1.4313666924115374
2813
1.5100358856166458
2814
2.5577722419973443
2815
3.3909691232511183
2816
0.9285710431059079
2817
1.0554639849706022
2818
1.6169476176059479
2819
1.2164454215460596
2820
3.20647976503117
2821
1.2781855808060194
2822
2.4644724656819808
2823
2.4214526104706513
2824
2.2357696836388716
2825
2.363155171458467
2826
2.190006597678044
2827
1.6095610570189958
2828
1.7478049752781648
2829
1.5298545063758309
2830
1.5125754370710354
2831
1.4317009855213385
2832
3.2233840697160376
2833
2.7533357429775704
2834
2.7999781957232126
2835
1.4021644020296602
2836
2.053471774488364
2837
3.412594643312785
2838
2.142650416532676
2839
1.514365514061227
2840
2.5558053713926676
2841
1.8545230117062725
2842
2.4638018451833807
2843
2.991154906117645
2844
1.0443915774564259
2845
2.1384515264628328
2846
3.0943440605747385
2847
1.9085464605684517
2848
2.338145097643395
2849
1.2369833500111447
2850
2.6381854171183425
2851
2.9614764441704784
2852
2.8227364258285794
2853
1.177699280646189
2854
2.673581096461576
2855
2.9590265696554034
2856
1.2935375570243086
2857
2.838732313603903
2858
1.2343701382549217
2859
3.5967961188133435
2860
1.2612622843436438
2861
1.8572095743728363
2862
3.1322027553041116
2863
2.152650741597298
2864
3.2503677710393695
2865
2.6650042396176223
2866
1.244009110859784
2867
1.3069801308493314
2868
2.873077299208682
2869
2.1691593481375664
2870
1.4074449651888417
2871
3.5468854575348074
2872
0.9475305782940758
2873
2.322319052954611
2874
3.6635717555143894
2875
1.9940959739449073
2876
2.292532511676698
2877
2.6098141825582455
2878
1.7030059647221922
2879
2.309456625826203
2880
0.9199592732596703
2881
3.458360069308517
2882
2.749246939974688
2883
3.4260921823004025
2884
1.046911814896504
2885
1.1318487515390872
2886
1.2474332033486408
2887
1.2001354228303875
2888
1.5565628188555907
2889
3.3703640591759068
2890
1.09161339858956
2891
1.2785888667819088
2892
1.2724622437541926
2893
2.634685274765517
2894
2.802261033147395
2895
1.8196255850530152
2896
3.716832439065997
2897
2.9618730993044142
2898
1.6403785953268648
2899
1.1221844859919838
2900
1.3761686173996606
2901
3.5873115260129445
2902
1.670199338420604
2903
2.7951604900371074
2904
1.372662180252469
2905
1.5670291332422024
2906
2.221438871702145
2907
1.486846610028545
2908
3.496730211220875
2909
2.007603700636787
2910
1.636455415312991
2911
1.2265772045436802
2912
2.018785420368777
2913
2.1592926671450443
2914
2.2889068147602774
2915
2.072406442721501
2916
1.259175196438375
2917
1.8964467044615618
2918
2.8834094758359146
2919
1.9412894627026562
2920
2.007024224847612
2921
1.4602224261807897
2922
1.0150930217604275
2923
3.176485024885108
2924
1.2255537516843835
2925
1.2363792780841458
2926
1.2974114192720176
2927
1.2194292595982283
2928
1.8996792456081961
2929
2.0250373508666004
2930
2.737695979853372
2931
3.0246006380069614
2932
2.587925305289477
2933
2.312921759566581
2934
1.5643870794478814
2935
1.65046891343658
2936
1.107548201052209
2937
2.0600757507996184
2938
2.062610373849123
2939
2.9812865070127033
2940
3.0022638906715575
2941
1.7976305201151697
2942
1.622232128549716
2943
3.209683650033231
2944
1.841061196300945
2945
2.5955097369800955
2946
1.2082536189161874
2947
0.9595798285800706
2948
1.1661612699463952
2949
2.7523527839890978
2950
2.6508420630967544
2951
1.338341316460305
2952
1.5506110299930964
2953
1.116168223396478
2954
3.525470578487204
2955
3.50034062202147
2956
1.7333189255631452
2957
1.8210636137134977
2958
2.0994483831883115
2959
1.3931196189830233
2960
1.18936587962762
2961
2.2694896029496725
2962
1.2053343567710808
2963
2.9700624946538423
2964
1.3999825747813148
2965
2.306936761370018
2966
1.8795302944288104
2967
3.32935988007857
2968
1.7931766083646448
2969
3.0307504489982784
2970
2.3011835169113106
2971
1.164347944232165
2972
0.980661995148229
2973
2.329236388156031
2974
2.739662837618816
2975
2.0542125049153337
2976
1.4422627476503052
2977
1.0636644954785321
2978
2.265732508421902
2979
1.093863985231122
2980
3.0915669639409633
2981
1.0935179257181007
2982
1.604183622786669
2983
2.8767449399688947
2984
1.5717791884316508
2985
1.5981617279030282
2986
1.0172428474396846
2987
1.892192545614655
2988
1.9531139174217471
2989
1.590859335426544
2990
1.8607479840336976
2991
2.2363646512119257
2992
2.240063796344468
2993
3.3274031433215874
2994
1.106811097359384
2995
1.3076418052767873
2996
2.3726719834990377
2997
1.4620800834671894
2998
2.3809340547645306
2999
Mean MAE: 1.9986625206799127
