Linux command line output (left out):
2461
0.18520689212991157
2462
0.2272151480914261
2463
0.24209942398304216
2464
0.2652765905036463
2465
0.18532439855459149
2466
0.3995322721778429
2467
0.21275984178498206
2468
0.3150300166346919
2469
0.22931373925595058
2470
0.18068701327711947
2471
0.1770249481153063
2472
0.32966561656834187
2473
0.30589064617708983
2474
0.25153471707800595
2475
0.280473948422902
2476
0.3167621473792812
2477
0.29212801248860704
2478
0.27517276627599374
2479
0.24635538844766958
2480
0.2075422893814401
2481
0.20485348746766355
2482
0.28473995844071076
2483
0.23097030455606607
2484
0.22240191210353077
2485
0.4207063317757793
2486
0.18317600039336754
2487
0.16251265342140295
2488
0.2644975066078368
2489
0.206082643674825
2490
0.22124749046219783
2491
0.23979455192514057
2492
0.254837817743708
2493
0.15514849652063006
2494
0.21259512210177772
2495
0.19348539418345517
2496
0.22494140956776584
2497
0.22541061146924005
2498
0.20035687801911517
2499
0.2970912277426381
2500
0.19520814890691518
2501
0.24232520742760152
2502
0.28512832065014476
2503
0.2695258371146182
2504
0.28046535185623434
2505
0.2733684118017186
2506
0.3128908744292397
2507
0.41769880675427645
2508
0.24780338575202357
2509
0.2738275082572438
2510
0.19055939230608596
2511
0.3542691119733028
2512
0.2090319403517676
2513
0.26949912174830587
2514
0.4330719948029452
2515
0.2440605655274559
2516
0.42278859847888584
2517
0.2388472458533721
2518
0.20070754241361458
2519
0.42652977769789774
2520
0.2448370663469225
2521
0.21693733326815104
2522
0.23808759845799715
2523
0.18412767055219315
2524
0.18821948148412704
2525
0.19292955859958102
2526
0.18921457431765
2527
0.19438670681704356
2528
0.2382977495169399
2529
0.24182641636781885
2530
0.3054359414453772
2531
0.21585484213349004
2532
0.21314765678882813
2533
0.3433354259419567
2534
0.3624085699381286
2535
0.25420594205738334
2536
0.19423170174861257
2537
0.327034549907579
2538
0.22522898867993632
2539
0.20585831466267962
2540
0.2519262922474041
2541
0.26329401094262456
2542
0.2680510126044063
2543
0.1995961373419625
2544
0.324755532538452
2545
0.17514075295038906
2546
0.3324561108874023
2547
0.33514548502818975
2548
0.2540355499815495
2549
0.19343402407071292
2550
0.27001878899462484
2551
0.2808252934634016
2552
0.4579492250584314
2553
0.42771104833013757
2554
0.291965770922141
2555
0.2795389656758049
2556
0.22980899054708462
2557
0.25457956232194145
2558
0.20066656382039838
2559
0.3177026726084278
2560
0.2640675428257822
2561
0.27625872984170385
2562
0.24760226333060234
2563
0.1746516980828972
2564
0.20609432998603222
2565
0.30135210019785263
2566
0.22115711568787721
2567
0.17963512568733248
2568
0.39723137011566034
2569
0.27225073297772334
2570
0.1904929955469178
2571
0.4409462886631993
2572
0.261937695492943
2573
0.30324447565730317
2574
0.27159777621705683
2575
0.2696668003096932
2576
0.22692495801070514
2577
0.19429421315937678
2578
0.3962765837202863
2579
0.16209998060108474
2580
0.742959078396779
2581
0.1774591937880047
2582
0.27986015019373917
2583
0.21950259993176643
2584
0.19265031424403786
2585
0.19496915151164546
2586
0.30932692948028345
2587
0.21935774639218011
2588
0.37952454886582626
2589
0.23327600885158264
2590
0.277448500468379
2591
0.3584069163858677
2592
0.3305681134509297
2593
0.2356983901227309
2594
0.22718223277111357
2595
0.21291868786911985
2596
0.37567558257528016
2597
0.2126985942942358
2598
0.20566963699967886
2599
0.35818616682339116
2600
0.2134420119168117
2601
0.21820104045859287
2602
0.21199578502865227
2603
0.21672249725468717
2604
0.2196046472739317
2605
0.2414834431496808
2606
0.24222455393179376
2607
0.2745769711799395
2608
0.19325865013203541
2609
0.17225936807041717
2610
0.17128743009988529
2611
0.3849362308358542
2612
0.2284057682391095
2613
0.26216472948824954
2614
0.21209700575376467
2615
0.3481471581576966
2616
0.19988705872588802
2617
0.23359166263621342
2618
0.26149028386255735
2619
0.38566571369871805
2620
0.2406118729115594
2621
0.2785177624939218
2622
0.21070015009862042
2623
0.3076514957705121
2624
0.2905218938089443
2625
0.24223501711519138
2626
0.23095978941754114
2627
0.23171018399422524
2628
0.25916233993285376
2629
0.1983101700753311
2630
0.3427599294115512
2631
0.18037733537154915
2632
0.22365071670891948
2633
0.26648222302979613
2634
0.19607099354927443
2635
0.2181948837500721
2636
0.3169009424370767
2637
0.2203478873980355
2638
0.32121340051170716
2639
0.30823579800149814
2640
0.2061590115246611
2641
0.41186473329147033
2642
0.29731975133350935
2643
0.18025555705649288
2644
0.29584431167003344
2645
0.43205833408816935
2646
0.2026379014830935
2647
0.20682788585808765
2648
0.22367892423867078
2649
0.30139087999388886
2650
0.3389517197311173
2651
0.19820206845843447
2652
0.24526790538680998
2653
0.3086742231761326
2654
0.20163776423998794
2655
0.21685570409340196
2656
0.373691344410562
2657
0.22251428568485518
2658
0.15205178868877348
2659
0.2705661718053625
2660
0.1570752197668
2661
0.2604694322505189
2662
0.21550023731961487
2663
0.2493597376404386
2664
0.15948366181922372
2665
0.2968074510067129
2666
0.3004371477554786
2667
0.20592243025030352
2668
0.19139817509356585
2669
0.2356100746403354
2670
0.21894109798831515
2671
0.27367330103602183
2672
0.3940209600919113
2673
0.30001554513085077
2674
0.2240182896245598
2675
0.19495030939401403
2676
0.29841531344061556
2677
0.305187681274928
2678
0.2504948714001942
2679
0.20035620258399844
2680
0.24585365033558443
2681
0.21009583452445518
2682
0.19618928286930198
2683
0.26868164641077574
2684
0.2427326506000016
2685
0.30531483904492396
2686
0.2231080993781936
2687
0.2862599652612945
2688
0.2776671934276833
2689
0.2183655938537369
2690
0.20693419701638985
2691
0.2144831668386167
2692
0.19768592707399654
2693
0.194783800364984
2694
0.4617855000003649
2695
0.2034228102054636
2696
0.7580510027963294
2697
0.31180210281155774
2698
0.28262808114202126
2699
0.2350380205765859
2700
0.21219607183860928
2701
0.31422978139333413
2702
0.2858234995034786
2703
0.21435262625586107
2704
0.2179883986661454
2705
0.2439355396233544
2706
0.36375596864875326
2707
0.17632946471797384
2708
0.2403988034772529
2709
0.349613341234196
2710
0.2089635047465083
2711
0.19157278189183757
2712
0.22608862299423316
2713
0.3722499988138734
2714
0.31876200641543456
2715
0.27820516718606747
2716
0.2611920733749841
2717
0.26103423744040966
2718
0.20364375372490698
2719
0.2207055376464849
2720
0.24461930127126455
2721
0.18287918953892807
2722
0.24258139185340982
2723
0.4892402910516067
2724
0.19068786834160065
2725
0.17963061346912718
2726
0.18105485272333685
2727
0.36214664426902626
2728
0.32135487614033276
2729
0.45994276612847823
2730
0.21509772777776978
2731
0.19201488600264294
2732
0.2226547934417858
2733
0.21150554752922168
2734
0.22892163933563736
2735
0.2572801613793918
2736
0.2785641077539433
2737
0.20475155951652593
2738
0.16711726098680377
2739
0.24917546381200847
2740
0.18686015406418788
2741
0.20943198940825247
2742
0.2944343475957126
2743
0.22318051659470006
2744
0.21556122300017766
2745
0.34102200300591845
2746
0.20083464587815872
2747
0.20655360794556812
2748
0.23289669595308865
2749
0.23399925166653324
2750
0.210139719429959
2751
0.34637554522223263
2752
0.28382630493962696
2753
0.26399096193498595
2754
0.24085823794247377
2755
0.24625115429588243
2756
0.20920863345852922
2757
0.16642660413569835
2758
0.1940216257800205
2759
0.17915492071810385
2760
0.20620570218675882
2761
0.17084786922517614
2762
0.21460742656402748
2763
0.23478302447646557
2764
0.24792586355492904
2765
0.26019875254874714
2766
0.19749770372265033
2767
0.18736122281025036
2768
0.42849109662738605
2769
0.39135161402901986
2770
0.16134777112788815
2771
0.23391986356131295
2772
0.3127263395240116
2773
0.20470457981437962
2774
0.20031063434177904
2775
0.2793810709297522
2776
0.2044194973853643
2777
0.1835680506684698
2778
0.28032107035307335
2779
0.18056021051577872
2780
0.5147773650390813
2781
0.18653826800696832
2782
0.2513393322613001
2783
0.20196735419981884
2784
0.272355527094675
2785
0.2590378654483109
2786
0.27012799061419024
2787
0.32053642670902854
2788
0.28801991129071064
2789
0.21960885634420943
2790
0.18390882683629742
2791
0.2184754019428687
2792
0.2544589797393301
2793
0.14792735153867836
2794
0.18754120876415
2795
0.21581663274853988
2796
0.261338905763168
2797
0.1817960489231834
2798
0.28759087740084927
2799
0.22149106071481034
2800
0.2642199630030064
2801
0.5959763506839891
2802
0.30498938370934237
2803
0.23291789573062546
2804
0.20761841733455344
2805
0.20193113358715686
2806
0.2160437337764169
2807
0.18232485307362709
2808
0.18609257727164666
2809
0.22294356265735188
2810
0.2700112707109288
2811
0.4948919369401056
2812
0.35103005988284824
2813
0.20674617464981726
2814
0.3323260110625545
2815
0.2582756036303233
2816
0.2953883390745796
2817
0.20607915303352356
2818
0.2984638644331959
2819
0.21056965695274799
2820
0.2911826363118747
2821
0.21339757055572295
2822
0.2088969747929579
2823
0.20516475175979765
2824
0.2008930661113685
2825
0.17840794165760676
2826
0.3306456390888912
2827
0.5327813454808753
2828
0.2422472427019213
2829
0.17559224663620696
2830
0.22744795353272174
2831
0.23259778921797394
2832
0.21344693360171252
2833
0.2554828816561241
2834
0.24751566219931523
2835
0.2972332807946977
2836
0.17446653297154943
2837
0.17604596260347866
2838
0.22844366121589066
2839
0.24272768145349874
2840
0.27225437171991085
2841
0.36928052020158236
2842
0.2603385361321484
2843
0.2012696977647596
2844
0.2510012791821195
2845
0.421387649761714
2846
0.20599763661500503
2847
0.2790079414255131
2848
0.18576208000286965
2849
0.30479496054477906
2850
0.16753478570627078
2851
0.21807009688158097
2852
0.18615242050151234
2853
0.19767786676489021
2854
0.3016032189019592
2855
0.38536339908798306
2856
0.2363732633904409
2857
0.40613708326740183
2858
0.2834834233911591
2859
0.21630127439450203
2860
0.28927355115551784
2861
0.29213876856899745
2862
0.24286475631595492
2863
0.4382193202888729
2864
0.24608776268727778
2865
0.2503880703533538
2866
0.2984579834141967
2867
0.21237909766123544
2868
0.18791007847820584
2869
0.19907194123627756
2870
0.45217096951106106
2871
0.20050181847023818
2872
0.20958335755846486
2873
0.26430612206672655
2874
0.20455422160198433
2875
0.16812464681688974
2876
0.26454716064383144
2877
0.25869856407239705
2878
0.1713143201637253
2879
0.2768863084541662
2880
0.15529081693452307
2881
0.22064425448304031
2882
0.2915420815082802
2883
0.23635136100591808
2884
0.17835082492444013
2885
0.27269499151017235
2886
0.18756614387569143
2887
0.21123886474086273
2888
0.20081967660075625
2889
0.30183984318917706
2890
0.22608704656836617
2891
0.2688435371797462
2892
0.2025351737257695
2893
0.23778139455736522
2894
0.32811024692016816
2895
0.2918312926019626
2896
0.26521514477492897
2897
0.2683878870622205
2898
0.24862768212016229
2899
0.27735881943140583
2900
0.26475229647616655
2901
0.25575021252453595
2902
0.18357408777285028
2903
0.41109030855419765
2904
0.2620181060999827
2905
0.25606840678013437
2906
0.37279882030818673
2907
0.19443708575120502
2908
0.18844537315279108
2909
0.3215401968479209
2910
0.24461294355814517
2911
0.2597388361125181
2912
0.5344229584036937
2913
0.2842920326944433
2914
0.2446064227114225
2915
0.30441939288338554
2916
0.21517158055129404
2917
0.2266628356731277
2918
0.35608273943351404
2919
0.213823671580375
2920
0.17833567081693202
2921
0.22726345128650005
2922
0.31922590886197616
2923
0.19281762603362987
2924
0.25901074951363157
2925
0.24727155210808255
2926
0.27808251031334186
2927
0.23882873979044406
2928
0.2233754087808966
2929
0.21685983460341093
2930
0.270892389820098
2931
0.2079809475253973
2932
0.27874518353329136
2933
0.28509298197004107
2934
0.25402427923938925
2935
0.300585387334563
2936
0.31558279127297445
2937
0.4112033135019538
2938
0.3283176280142789
2939
0.2697893745925786
2940
0.2224154718186891
2941
0.3013178524624666
2942
0.2616716738772633
2943
0.19601950074362612
2944
0.22351131098527877
2945
0.1820679825169911
2946
0.3118088884990641
2947
0.25061022045907827
2948
0.18576819735405595
2949
0.2919316877872104
2950
0.19827850054035379
2951
0.23465839121563592
2952
0.1838705677379354
2953
0.19650638569986986
2954
0.23354446707645052
2955
0.19074843141455128
2956
0.2918831414305983
2957
0.22867246158498616
2958
0.5855711272992357
2959
0.24184353379157075
2960
0.17397901461897064
2961
0.20268750348458692
2962
0.2860336086462339
2963
0.3546542750700795
2964
0.30894016878978997
2965
0.4028245077527085
2966
0.16557084100190567
2967
0.2933803789123345
2968
0.3584901158574784
2969
0.40854942761046537
2970
0.16682149779494737
2971
0.22710012578691174
2972
0.2912320477248085
2973
0.15708725157914413
2974
0.26192288569675276
2975
0.2931293382094716
2976
0.2346874656692157
2977
0.17058696284135538
2978
0.1528071893616885
2979
0.18746026515983458
2980
0.28027960554421133
2981
0.18706139845123115
2982
0.2125695644751839
2983
0.40935432612567385
2984
0.20407577861209258
2985
0.2142855879198631
2986
0.17442559556254256
2987
0.31035466372433906
2988
0.19716354036630382
2989
0.20745668316626345
2990
0.24829329883536985
2991
0.26653130873669706
2992
0.25363021848867817
2993
0.1619933610874077
2994
0.26198619896544717
2995
0.1900459980500294
2996
0.1735841855466837
2997
0.2900162789453975
2998
0.22671063339460185
2999
Mean MAE: 0.25806963996954935