nohup: ignoring input
0.33333333333333337
1281
427
0.24602612239482513
0
0.19910710941933707
1
0.21276057933863407
2
0.22810622867444016
3
0.19669620228024035
4
0.3271594158758263
5
0.17632941817870684
6
0.16454487443816115
7
0.3057720379612769
8
0.18898624877564596
9
0.19661385212195984
10
0.2705498591920148
11
0.29165252639374084
12
0.18588470419766137
13
0.18933809815580974
14
0.15973633374466661
15
0.17245417514993475
16
0.24641725440971743
17
0.19007377573280534
18
0.22519310148479463
19
0.2358991190480995
20
0.325429121601316
21
0.323356873921729
22
0.23853708337230756
23
0.17963614400308606
24
0.15597580354874427
25
0.2211123716347576
26
0.2926775742048451
27
0.1635277744222343
28
0.22265751963084623
29
0.19512102727793473
30
0.1642517644441354
31
0.24731295509537848
32
0.2194696200414773
33
0.24511286518499084
34
0.22157639997991005
35
0.26281565136198154
36
0.2037910009271889
37
0.22002136241972078
38
0.16502506010816934
39
0.1708167378142108
40
0.19693680399239588
41
0.15312676751943796
42
0.23733398123677904
43
0.17868697341542847
44
0.17320303770345663
45
0.2714440180622743
46
0.20706235459748465
47
0.15447028192962498
48
0.1714760454956079
49
0.17103237963827
50
0.22456851210509715
51
0.2214480823592084
52
0.2988705302751217
53
0.16957935384185233
54
0.2091162470320853
55
0.2700802465454806
56
0.24720225376232044
57
0.1701822168287472
58
0.1677237405474601
59
0.19391951953224174
60
0.16030454502309982
61
0.1854005810620143
62
0.27185896400130705
63
0.3732032206971068
64
0.1768616774402993
65
0.1563726897389992
66
0.3127579612613945
67
0.16206007472058281
68
0.9196083443688754
69
0.3794742576928791
70
0.18117203350247302
71
0.1622782259458105
72
0.18559511672701154
73
0.18280833427634757
74
0.2176514154409185
75
0.16616181063100652
76
0.20471737901880963
77
0.14564210234560598
78
0.1727817568861471
79
0.18230071552691646
80
0.1676193093812478
81
0.3771091063507581
82
0.2536707931575368
83
0.4215894108049175
84
0.29288808556043855
85
0.21363097734451822
86
0.21124519146965562
87
0.27858426193607566
88
0.26905334857356406
89
0.2569729090358185
90
0.21973921735414464
91
0.18651635413756548
92
0.1660222227310942
93
0.24714710339390372
94
0.22642673775361047
95
0.20136366571246664
96
0.1829199964804132
97
0.17109600653273313
98
0.1670226951802441
99
0.17740209240756685
100
0.17175126830580492
101
0.15235395768162543
102
0.17878419071274157
103
0.15966989402288254
104
0.2318121051615371
105
0.24412179419164606
106
0.19085686905949648
107
0.1959767079937363
108
0.17259066489844543
109
0.3187820615928786
110
0.23014804016411033
111
0.16877717193207284
112
0.20600137686539335
113
0.27446484815476796
114
0.26283168898777176
115
0.19142365128780825
116
0.26125615944675057
117
0.16009361214834153
118
0.16557981713310596
119
0.21118905314811356
120
0.16343698608991156
121
0.24606399628585096
122
0.17935299953538575
123
0.45118021899377964
124
0.29719707719837274
125
0.2416545119123999
126
0.21512667255021825
127
0.20844706628381765
128
0.4826711599786323
129
0.19375131409737412
130
0.16969156053820098
131
0.17857008422665965
132
0.2318154628903776
133
0.16356220544392977
134
0.2109674773877056
135
0.24694912592765972
136
0.17944602786001396
137
0.17266819466098693
138
0.28916877662012763
139
0.1802682087019185
140
0.5620160779497696
141
0.22762151009079223
142
0.2764244067996406
143
0.23098912445027828
144
0.25506458504535623
145
0.18835206104071295
146
0.3237709665850026
147
0.1907494197129493
148
0.20222582294576422
149
0.2078070138219435
150
0.20583675711549146
151
0.1584101654202548
152
0.1888267818724238
153
0.16007048740216998
154
0.186373407147888
155
0.21893220256616225
156
0.23850636687854662
157
0.21397533553653886
158
0.16614479472483878
159
0.19992781072166832
160
0.2475707254874248
161
0.15927162240965453
162
0.3374822905092638
163
0.26334817666825727
164
0.24682105804485394
165
0.2548062674033988
166
0.2764277803275628
167
0.1868224705297636
168
0.2068102709703117
169
0.2478731599545779
170
0.1901092580078578
171
0.1796022085212587
172
0.2951634099613473
173
0.1727499414361404
174
0.21265142034302653
175
0.1830365575965059
176
0.25070103035732716
177
0.1517460114269744
178
0.2186054023280725
179
0.2164911720008958
180
0.2337362674937393
181
0.19704602564326767
182
0.2324606460962081
183
0.19427213726150933
184
0.2108157670942035
185
0.1591362504560744
186
0.1532984635610011
187
0.18836211584800855
188
0.29863328767164626
189
0.1581860046367052
190
0.2979115843818543
191
0.16369102214807868
192
0.2213430412200817
193
0.24274821830648105
194
0.20804864840902282
195
0.2365721224831073
196
0.25956721858365545
197
0.24977848276660963
198
0.20786890107745998
199
0.2350829465467123
200
0.26951045003115925
201
0.19139271906938624
202
0.18090882859333393
203
0.269470221844379
204
0.24969612784059575
205
0.21250717666312316
206
0.18835487612401003
207
0.17676461618166872
208
0.19876526536490594
209
0.22946112955129658
210
0.20270140664996839
211
0.2618598612303848
212
0.15723062270426014
213
0.22902213894935997
214
0.27166992181619876
215
0.17143879128764358
216
0.19527956222557846
217
0.19117583201248364
218
0.20547965891198258
219
0.21696656711443216
220
0.20774656560202776
221
0.23629838789070617
222
0.25428871818275345
223
0.15510553956690906
224
0.22542871813884874
225
0.16901993115901187
226
0.23118272823584407
227
0.4306100326220884
228
0.17523566730212806
229
0.23875294285853452
230
0.2354280270425576
231
0.1688194827395247
232
0.1867089790591193
233
0.23140533276234515
234
0.21917662747244432
235
0.20112839145035152
236
0.23609954842766945
237
0.21354300198298268
238
0.2507280986435776
239
0.21631431922617364
240
0.15388337692663395
241
0.23431574466781604
242
0.23046624479616615
243
0.3063632620041392
244
0.24165915608939578
245
0.17919916186940296
246
0.18055292911852827
247
0.23316254715064155
248
0.18155730759111452
249
0.22097436066775522
250
0.2115885799214349
251
0.16807730234806587
252
0.20042017141067392
253
0.23163531651595878
254
0.1598118891204775
255
0.24394880883829512
256
0.19677049657093618
257
0.2078033034647592
258
0.21930495984882908
259
0.24042091412784994
260
0.15822868837076254
261
0.161585310113212
262
0.2670551384337749
263
0.18651639065452252
264
0.24749073918711034
265
0.1455357506641142
266
0.21346227151433037
267
0.2004970107927542
268
0.1463657509511403
269
0.21835700400070887
270
0.15659818868454195
271
0.17921872684755324
272
0.1978432484451864
273
0.17574738345956428
274
0.16027811608493087
275
0.17814745315994288
276
0.14885737752508704
277
0.2022810715965755
278
0.23150546052667162
279
0.24676980374811783
280
0.2342362694450042
281
0.20085898004863786
282
0.21447452450122145
283
0.2723841154146253
284
0.18422781631868548
285
0.19716273500432502
286
0.34839346750695777
287
0.8666921600532871
288
0.2240090998889413
289
0.20124326545274507
290
0.21627281384111494
291
0.199181143553021
292
0.3206674823970083
293
0.18114855633660876
294
0.21856320701666146
295
0.1991844931911165
296
0.21066549728776482
297
0.20278841670843847
298
0.19649427050383353
299
0.16826248663672802
300
0.2337500282350083
301
0.26616710854517006
302
0.18906254117880295
303
0.22249871653980804
304
0.22507801078130119
305
0.1482582374589601
306
0.240296071199186
307
0.234295123444922
308
0.23477795364359963
309
0.19782438610992167
310
0.15721659853629763
311
0.1670053745392885
312
0.3134359030644977
313
0.22908660074763376
314
0.17026439962232887
315
0.2028765138074975
316
0.6750274418473631
317
0.16035748276238262
318
0.6675429046051606
319
0.19929261996360154
320
0.20288784138721344
321
0.20250816860865548
322
0.14184599228346
323
0.16047533660259042
324
0.26064691260235834
325
0.30809016316317145
326
0.19904378573084708
327
0.1892479660829336
328
0.2784108012767295
329
0.16496709816086777
330
0.1905592343393318
331
0.15815140363239874
332
0.17361449696495623
333
0.16764109732960392
334
0.1677134536245092
335
0.22728236094397072
336
0.20843422670305922
337
0.19528444442028536
338
0.20678756893379596
339
0.16364488558920953
340
0.14284153041510764
341
0.34250773156351033
342
0.1597459205958075
343
0.12916433110526224
344
0.1903953555079794
345
0.17640633287391672
346
0.25606685834671755
347
0.20220028240329035
348
0.2052237128455145
349
0.26792123102079785
350
0.1949891851044827
351
0.17270164950954536
352
0.3554240265152792
353
0.16251969374879072
354
0.2819788919209674
355
0.19203624630157431
356
0.22341175104556654
357
0.21132034304243097
358
0.17638667935681052
359
0.18287233735286962
360
0.21433045494804165
361
0.22042596708593362
362
0.23289150280540516
363
0.2148867084106976
364
0.17763762731494212
365
0.19911491733118064
366
0.2191661686230949
367
0.20373587065525675
368
0.13152321588631682
369
0.2500065255535043
370
0.18736836348552646
371
0.2651480369270624
372
0.20651398044220937
373
0.18643394456432352
374
0.2099303469746626
375
0.8295822748246919
376
0.2425083671143535
377
0.25939348914007887
378
0.20103718772336862
379
0.1756548549133428
380
0.2244645536931076
381
0.2537204189893727
382
0.9456717914168582
383
0.23663495141508561
384
0.2580336521482896
385
0.22338388244355606
386
0.1838043250609629
387
0.18572112842213323
388
0.3895275399813436
389
0.2399621315730299
390
0.19073388588697573
391
0.2181632505217342
392
0.29449872193761767
393
0.3193070978982077
394
0.23088712585165316
395
0.2584904235549734
396
0.16445362491815718
397
0.2102323798707703
398
0.21350589271730513
399
0.30463948567641175
400
0.23957460957093726
401
0.24321027436529755
402
0.2586897360369904
403
0.2581341304229352
404
0.2728249822977914
405
0.21849559144789876
406
0.48998426787607063
407
0.18132321779668326
408
0.1823300197450802
409
0.2160688158658623
410
0.27669044682209704
411
0.24722334753518768
412
0.2232372053797943
413
0.21656046259419454
414
0.18831845431441196
415
0.27466543644184754
416
0.2669951957442229
417
0.15750538832758976
418
0.24747787405720234
419
0.17785637697031542
420
0.23951801839984646
421
0.2007683916897852
422
0.18597838216730403
423
0.22768216832303
424
0.1731139902403856
425
0.16346324263612377
426
0.20602381046345292
427
0.26997303251206517
428
0.2272759351941569
429
0.20255626942509888
430
0.19584101575950613
431
0.3326379552421197
432
0.30899452373886305
433
0.18667769264325312
434
0.2601441669018237
435
0.2920349249297197
436
0.16410632354944502
437
0.1472674345405418
438
0.16854553493269453
439
0.19114791175702858
440
0.19593121191230647
441
0.14504007430598154
442
0.17189208850925652
443
0.2771488983040786
444
0.23160628112480122
445
0.24140419901254342
446
0.2114077861537558
447
0.27667447354990443
448
0.1946847408779346
449
0.2257236848603454
450
0.2737981011265875
451
0.31166740590577635
452
0.3088066573505808
453
0.3141753482227123
454
0.24489895808536608
455
0.17774566179651163
456
0.5717037946854434
457
0.26411197749135046
458
0.16349922737884742
459
0.3709878444584013
460
0.2236410813883727
461
0.27298048132982905
462
0.14215107744902597
463
0.211501027100408
464
0.18246355308219947
465
0.22264870316029345
466
0.2492804421546946
467
0.33574030048489456
468
0.2583532434453658
469
0.13631261119613017
470
0.2408782780795434
471
0.16385611753276966
472
0.19605658063312315
473
0.1818483967699821
474
0.24148092851338712
475
0.2084752545548567
476
0.20062575857970044
477
0.21727035678932466
478
0.2326972514577135
479
0.1769253287374376
480
0.28358740363599877
481
0.17831992432708244
482
0.2039285480361501
483
0.31827099367882034
484
0.25182767976867804
485
0.22871629199140384
486
0.4909509334646263
487
0.24864311723500204
488
0.18215612819284072
489
0.20604802659257349
490
0.22317977552443888
491
0.18625643634553898
492
0.14656408633620757
493
0.16285362689217295
494
0.328041341651735
495
0.19614881579058988
496
0.21697569045766482
497
0.24452436293830734
498
0.15891184516303447
499
0.1962790110413286
500
0.2279975886485537
501
0.27559373841492035
502
0.16809402823067543
503
0.16125079307914078
504
0.15448172903169388
505
0.18620143097132974
506
0.26566392900833535
507
0.17784117145110429
508
0.2477756905619514
509
0.18424728424509582
510
0.27441815497440725
511
0.6088050128539942
512
0.1990482360372925
513
0.19449847656232208
514
0.21943201659086412
515
0.17417362461130334
516
0.27670987505230826
517
0.24562361052197518
518
0.18691820815456645
519
0.223431808923156
520
0.21456101178274958
521
0.2112188450781155
522
0.16966323991432988
523
0.1619067124052992
524
0.276112529208685
525
0.19930380759280317
526
0.18467180026635427
527
0.20326756768665427
528
0.23230474799269907
529
0.1991866765641002
530
0.17381992612036537
531
0.15436423217796716
532
0.2144835929661014
533
0.2593166002886348
534
0.32609828402934893
535
0.2387629423979103
536
0.194947160657553
537
0.2502522439428807
538
0.17903366131852422
539
0.254414711526626
540
0.15525074665489555
541
0.19198239772815584
542
0.19369800544149987
543
0.23385927516143193
544
0.27356657339400847
545
0.2592413845381061
546
0.22478675729742667
547
0.29586692366523465
548
0.16192842769700272
549
0.22076940693618133
550
0.15961213847171632
551
0.22278640392748922
552
0.16033708636946398
553
0.180565137181818
554
0.28093696463972456
555
0.21033455110824453
556
0.6749665809854891
557
0.2979571296363755
558
0.21426623447309778
559
0.22535866212222277
560
0.2422346821490023
561
0.17940150654704967
562
0.27022674707774036
563
0.19324731514788274
564
0.27069785554194564
565
0.16045877940592007
566
0.20947513123190417
567
0.24315922832967543
568
0.15438332354592532
569
0.2173233627578203
570
0.20929458401631157
571
0.1695476975555791
572
0.1712521201855073
573
0.19005959910882209
574
0.13067564592565534
575
0.23691924273740803
576
0.23004249746582908
577
0.20082069198088132
578
0.21808337369958916
579
0.15323002287536341
580
0.2214196257284481
581
0.18947318220055914
582
0.1932171116263339
583
0.18312287534874308
584
0.35869388975203464
585
0.4503272101061329
586
0.3485609556153606
587
0.2976130471576329
588
0.18693633842818505
589
0.24375448769175714
590
0.20217708448662636
591
0.2409483066272527
592
0.23441748283632527
593
0.16434783689111676
594
0.19129300401176588
595
0.2549652193106871
596
0.2312956933780394
597
0.18604994598604638
598
0.20178877072150916
599
0.16356020992157852
600
0.24997693255555636
601
0.16725095413708252
602
0.16617005064630858
603
0.27193872320958795
604
0.2859161189719391
605
0.17810094977450328
606
0.18874100297157317
607
0.184166350120101
608
0.2219664088041422
609
0.20066935779314268
610
0.23209720963414104
611
0.16087182108270057
612
0.18046084533896936
613
0.1731776888432619
614
0.1884834100302237
615
0.2522610106159011
616
0.19094259677451988
617
0.28832607780307845
618
0.2593715079746654
619
0.23311120472869798
620
0.25337051670868194
621
0.2549614996434614
622
0.18536504224122777
623
0.9611196769185991
624
0.1759940464231675
625
0.2849648658379007
626
0.3976385118806833
627
0.16228135395837895
628
0.3838844715953694
629
0.2925447079491421
630
0.20566205641505325
631
0.22970050171168582
632
0.2639607802759793
633
0.2248497684970956
634
0.16017547303073307
635
0.25898800274614964
636
0.19251755009337765
637
0.16262682661371045
638
0.2450001913153285
639
0.20802135575916011
640
0.1752577643311858
641
0.17479588737879054
642
0.3391576895151502
643
0.2292290659786905
644
0.23436418641145398
645
0.48257860088235977
646
0.20858702599718143
647
0.19432248071512429
648
0.18021426634391136
649
0.22889458159925805
650
0.21099332676553365
651
0.22377820078357727
652
0.20506323943406954
653
0.2695383647619627
654
0.1733418954843251
655
0.24635259316619065
656
0.14601836729103349
657
0.2370368226250478
658
0.16459250162317854
659
0.3254596180350264
660
0.22058797120566173
661
0.22121638916495776
662
0.19389209129897833
663
0.2616791628984878
664
0.24705952300681222
665
0.22669227387356355
666
0.20588335029923993
667
0.25794851095706
668
0.19620137309221156
669
0.1865364553842847
670
0.25772326299096265
671
0.3175707242717104
672
0.1824459386950633
673
0.195917608559067
674
0.1665242971784521
675
0.179933775973374
676
0.21759128282470883
677
0.23618957577378866
678
0.20835479899456488
679
0.17100337020180606
680
0.2743523196500653
681
0.1886101495308298
682
0.1817489181049368
683
0.39874933766565485
684
0.2020083192437851
685
0.9776587791410191
686
0.20966941275684614
687
0.200769320465747
688
0.3263184826220742
689
0.5941537758276617
690
0.16381163286992953
691
0.33970739456588755
692
0.1600746834716239
693
0.1837810106209814
694
0.2036321011974401
695
0.18765476965133795
696
0.19311353772303264
697
0.24664933113531215
698
0.21568752124898477
699
0.16958993561430885
700
0.33886729213152517
701
0.18435913587009406
702
0.25090955950415383
703
0.2681968465877745
704
0.18275131283793514
705
0.18876908951326035
706
0.23064167485263473
707
0.1787578243326456
708
0.2368336103746322
709
0.1721201064547587
710
0.21707347035243
711
0.20298391512256278
712
0.19599633712591624
713
0.19137624726778021
714
0.18368684869808263
715
0.17081660080418296
716
0.2316514342006511
717
0.22675606382011823
718
0.22425250988970996
719
0.1671855590595895
720
0.45123828203654515
721
0.15942680360762712
722
0.1482979424252693
723
0.3148809412094978
724
0.25777548241681364
725
0.26006170647207166
726
0.19580708280377815
727
0.2926695336487158
728
0.17058695204579483
729
0.148838918427816
730
0.21316819607554238
731
0.1881842451831018
732
0.1636620555074728
733
0.22201062520280404
734
0.2207178823340664
735
0.19722200787873803
736
0.20396295090704025
737
0.17218322894843494
738
0.24547026549889986
739
0.25181807268576467
740
0.13350692488305604
741
0.31200732124544467
742
0.3212811625222595
743
0.14605305377796704
744
0.1491430366170099
745
0.18121375397264514
746
0.19796678936854978
747
0.20170392962822228
748
0.20962593210922567
749
0.20203674939933217
750
0.29073672630143055
751
0.22382992641575247
752
0.14544451337657557
753
0.2572343994213418
754
0.1530190132286913
755
0.23675699877560635
756
0.16733952784941603
757
0.1964425375990574
758
0.1765288893289275
759
0.16064684599933476
760
0.23844988491091906
761
0.32735248163657693
762
0.18493297457331664
763
0.3750527137224339
764
0.19141265390116086
765
0.24911357298705955
766
0.16620802479821986
767
0.15583475422075754
768
0.30075402163603665
769
0.23684575440455638
770
0.15696629026605688
771
0.24127825397986266
772
0.15922787406394834
773
0.20047768174921463
774
0.17612711933750047
775
0.15287958606452298
776
0.29336396329255215
777
0.24458011018268044
778
0.3673378108118988
779
0.21104997333899134
780
0.1501379994612917
781
0.15812576497428876
782
0.20724233893475444
783
0.21500024676247154
784
0.2747410786937526
785
0.2423964985016342
786
0.20082391502030825
787
0.27889878140568364
788
0.15208911509070128
789
0.21475468224760733
790
0.22071072423925311
791
0.22095568872200236
792
0.16304414549730833
793
0.2487365384399378
794
0.22639247301799398
795
0.18467097454785186
796
0.2127006944290805
797
0.2118843140317218
798
0.2080466821737064
799
0.275031675352872
800
0.22919185134897996
801
0.28791470728193697
802
0.1538592303724669
803
0.20060085292623578
804
0.19301317604499563
805
0.16799412880883546
806
0.2550130140793883
807
0.1918910121962002
808
0.28735427432442284
809
0.201656532909565
810
0.22231700924692668
811
0.2622413327610545
812
0.1570874371425928
813
0.1889506842294813
814
0.21139273078352683
815
0.23073302210415553
816
0.21912251841753097
817
0.15669168383239998
818
0.18124731516343592
819
0.6599709265207535
820
0.22075824195919103
821
0.31226089371677185
822
0.15117700819272586
823
0.20430554036412987
824
0.18227341940604933
825
0.2830070973995808
826
0.2512522885318902
827
0.2599731636417318
828
0.17156677007888618
829
0.16385193185723695
830
0.1862311576312339
831
0.32204073499405084
832
0.17712585664776764
833
0.1586937695960824
834
0.158875496000269
835
0.24745126841270035
836
0.46773375048508936
837
0.17769391075757093
838
0.24797327577180728
839
0.1740180593271398
840
0.22324527957591858
841
0.2043449919366798
842
0.18228058594451518
843
0.18833287146758879
844
0.12980112926094925
845
0.17552509426996046
846
0.23881989933947506
847
0.21154228447207987
848
0.2672039172004036
849
0.19905565113984536
850
0.14385691066388753
851
0.24717086803497906
852
0.16274895771632827
853
0.14547667763183916
854
0.16459900887540427
855
0.23103270117204497
856
0.18791310090251975
857
0.1775191312755601
858
0.2342918628388393
859
0.14393182227965795
860
0.17636511559916102
861
0.1965494216540954
862
0.20617186890445868
863
0.15364190280986278
864
0.23544727113826183
865
0.24185023543788658
866
0.21006412724441428
867
0.21971498170584525
868
0.23759695003844544
869
0.22158409059045814
870
0.1631771343480247
871
0.21005212758222136
872
0.14772756539500684
873
0.1799720828151624
874
0.19768908526502904
875
0.24012926945538582
876
0.18896106470686697
877
0.2782424200840515
878
0.1936604486742003
879
0.16529226214908216
880
0.17505714532438432
881
0.475155739817945
882
0.23115962735179654
883
0.22002890564473807
884
0.19684475080838465
885
0.2624891483400268
886
0.21584125048452704
887
0.2064318813609805
888
0.1544093054526957
889
0.34675605593586495
890
0.1782797452385395
891
0.3273089829667279
892
0.17924522295269452
893
0.2565557258636523
894
0.20260409649191305
895
0.20976446183572964
896
0.21148395653328186
897
0.19574869173084317
898
0.20351340466682108
899
0.3136780292167291
900
0.25816976628499066
901
0.18188758938523372
902
0.20790973994972356
903
0.1697754635136358
904
0.1831476071054266
905
0.14548846814929145
906
0.1920157217626428
907
0.17734820567480108
908
0.1883263892702537
909
0.19468159584131894
910
0.18864889847098884
911
0.24840819198346817
912
0.8358467278011613
913
0.24415858711720312
914
0.27788249232730733
915
0.188380284514867
916
0.20260265669653288
917
0.19550753784524894
918
0.2526260469377429
919
0.17008058818122215
920
0.15760901148818865
921
0.17866849436080676
922
0.20132567009555147
923
0.2830872084209635
924
0.24468309239887098
925
0.18645779431862705
926
0.22638769464304118
927
0.20425676121592204
928
0.23279324959335984
929
0.22157105576066224
930
0.29798648873999367
931
0.15900702508589962
932
0.18314446633514705
933
0.16936967804857941
934
0.22014336549393893
935
0.18398067589122344
936
0.16433113899219673
937
0.19074799621171723
938
0.256674393158794
939
0.2060298872239632
940
0.15024123200665335
941
0.2134393985255311
942
0.21888347440751033
943
0.23061000293429787
944
0.18036197739654022
945
0.28885698048210784
946
0.2165385640567955
947
0.2432223064048008
948
0.17521709501681892
949
0.17629340227864065
950
0.1677652952250293
951
0.24393034960781645
952
0.21501886541764556
953
0.1562649646537608
954
0.17317005970215849
955
0.22799237949413464
956
0.24685832129826654
957
0.23435274112871077
958
0.19330552510289298
959
0.1582409480853751
960
0.2740299040250915
961
0.1667596381426094
962
0.24323403821447104
963
0.19168752865658648
964
0.22129220473686712
965
0.14952615587292145
966
0.2659337442753305
967
0.3268698497837193
968
0.2206641466259181
969
0.2539428481040572
970
0.18314678390601083
971
0.17652504541077205
972
0.25919718322788066
973
0.23481101913871688
974
0.2104916316287223
975
0.1702169023630427
976
0.17242450047925353
977
0.2414160653969491
978
0.20255889202254856
979
0.16218314031587705
980
0.16977444250150836
981
0.2030245577511268
982
0.1549291008203081
983
0.2258611036855024
984
0.1660946374762442
985
0.1730307373612795
986
0.191899418279754
987
0.13854052520199603
988
0.18871654048166334
989
0.18748752415090122
990
0.15494923207091282
991
0.24708964227435065
992
0.1677168043039071
993
0.19910749557645266
994
0.26009927295752205
995
0.1673209773676474
996
0.2345418560495081
997
0.19206647419038891
998
0.4191199048277126
999
0.1847963815665913
1000
0.1719163496787851
1001
0.18055194884786238
1002
0.20382263550576027
1003
0.17430334390232144
1004
0.17411639759566552
1005
0.1862857663490134
1006
0.1810350031551996
1007
0.255433769069653
1008
0.25991362603209894
1009
0.1944295588853224
1010
0.20302721007132524
1011
0.22092548401636716
1012
0.2766083833020911
1013
0.30444098567655153
1014
0.203677557143713
1015
0.16049408630273176
1016
0.31666643288996
1017
0.18361378428688313
1018
0.2196702078334537
1019
0.4309108204736448
1020
0.18895507153608065
1021
0.29644661350447415
1022
0.20713308955261134
1023
0.1805480064221188
1024
0.3701269683282886
1025
0.22165042709791802
1026
0.1732601484940097
1027
0.24329546526258594
1028
0.21327617925930237
1029
0.2264668746210278
1030
0.2380630283694037
1031
0.23332617523749433
1032
0.16922485851803248
1033
0.20000569513050376
1034
0.24105755330353693
1035
0.24697914322122372
1036
0.16445429700894448
1037
0.20360425789195194
1038
0.23514211247040917
1039
0.24353592607769628
1040
0.21035876056504993
1041
0.19516471461250373
1042
0.21123767021963186
1043
0.16450193280068331
1044
0.1632380580757583
1045
0.22074134335239898
1046
0.2049060851115186
1047
0.18773803654034396
1048
0.23139169069012816
1049
0.5913019315063383
1050
0.29188212548824966
1051
0.19469243569166553
1052
0.18692139183450623
1053
0.18632172069225075
1054
0.3114047833962901
1055
0.16598480339392424
1056
0.18123173634352663
1057
0.2458689211815568
1058
0.12956911813574903
1059
0.24383447113300497
1060
0.18159177378632546
1061
0.20458957264861796
1062
0.20233571443205964
1063
0.202040507193669
1064
0.18392772351673925
1065
0.16518227992821288
1066
0.18867833733966402
1067
0.154518304577331
1068
0.2282805271436802
1069
0.16995981624961362
1070
0.2684564701575103
1071
0.22410346029318123
1072
0.1922333708902909
1073
0.21017965171060723
1074
0.23118442509079237
1075
0.17487463560888897
1076
0.22247314506334295
1077
0.2742438770282124
1078
0.2695626599997683
1079
0.14961069938962784
1080
0.17020525593017055
1081
0.2983034448942227
1082
0.25516037190969404
1083
0.20314299618025175
1084
0.2915262489313726
1085
0.21328975963786703
1086
0.22237339717676274
1087
0.3780149185573843
1088
0.22818033119464637
1089
0.19150489251257577
1090
0.16246280085178522
1091
0.1746910176625318
1092
0.24093696087921773
1093
0.14747602766662157
1094
0.23512842818436525
1095
0.21312842185253766
1096
0.15847353869268666
1097
0.22855016052621097
1098
0.17916560750282132
1099
0.1454665636938545
1100
0.1791177216997152
1101
0.21411078097725517
1102
0.21000225711722614
1103
0.18475572127933726
1104
0.1603470156999414
1105
0.18702825998323702
1106
0.21156898141589642
1107
0.18934183312400768
1108
0.14512688451472003
1109
0.2098033751507368
1110
0.1779923045748855
1111
0.24028115184761398
1112
0.33600985553737395
1113
0.14715807133146977
1114
0.28567946415979456
1115
0.2536351078433696
1116
0.1775795945430274
1117
0.1662312362301219
1118
0.300345689769695
1119
0.13235213497787304
1120
0.21902846714192512
1121
0.18526332495210662
1122
0.23846358530859676
1123
0.17632486923918655
1124
0.22330760158881693
1125
0.20838321273152202
1126
0.15488091170134177
1127
0.19665102281959715
1128
0.2762005782972861
1129
0.1807395046496629
1130
0.21059281947043337
1131
0.4330003538491598
1132
0.20098666919300398
1133
0.1487973045608352
1134
0.1867901589322489
1135
0.24264348387465784
1136
0.32309987499359033
1137
0.20499155362887642
1138
0.19688450677268476
1139
0.17876493738489907
1140
0.2355492509450211
1141
0.30617043255892773
1142
0.23059230780688147
1143
0.21275365253208214
1144
0.18862089519868896
1145
0.5390801356167044
1146
0.2553487352424691
1147
0.20589104629026042
1148
0.17885603134159322
1149
0.17864070386740913
1150
0.22719429113104322
1151
0.17196439664612748
1152
0.18843936828627425
1153
0.43169093240068857
1154
0.2244680964096532
1155
0.2187800555038531
1156
0.2581546313891538
1157
0.22705399275821625
1158
0.2419103328338592
1159
0.23066263997078656
1160
0.20705460199091955
1161
0.35193617378481457
1162
0.22773774460469692
1163
0.22031252598787476
1164
0.19180505136486348
1165
0.15237798092865842
1166
0.22201277354598276
1167
0.1853999391144348
1168
0.18405135171044532
1169
0.2484899573958286
1170
0.18922373013399296
1171
0.34916696137858094
1172
0.17986076254447422
1173
0.22568894863445996
1174
0.19777375580824924
1175
0.14272232384500458
1176
0.18269792688456718
1177
0.25520051615514455
1178
0.1512304106237522
1179
0.2449467673734412
1180
0.19395477650582665
1181
0.2497635499372763
1182
0.1511529986404139
1183
0.1528617957597699
1184
0.17759771513655936
1185
0.18598652853007297
1186
0.16767808845167165
1187
0.27190419719367354
1188
0.1804467760972171
1189
0.23897069279664473
1190
0.21938165638074575
1191
0.2033374721395483
1192
0.18830640559477896
1193
0.22063558816732803
1194
0.19509722971001062
1195
0.24192200543021694
1196
0.20195265591120162
1197
0.20813139647442935
1198
0.20908360100834905
1199
0.2489584343561802
1200
0.19034512011739463
1201
0.3075078041764932
1202
0.1815310534248783
1203
0.24685070622066255
1204
0.1951781912401454
1205
0.3146954785862239
1206
0.21635388312657827
1207
0.17514252982521272
1208
0.23226162132202577
1209
0.2196007511887142
1210
0.19381065708547346
1211
0.2825102155439893
1212
0.21933923349932738
1213
0.23065154340565808
1214
0.23126893637182913
1215
0.2541115231557421
1216
0.24942196184057375
1217
0.15207983886194168
1218
0.1678902638724851
1219
0.25276714010686174
1220
0.21583390218429702
1221
0.18226076209767428
1222
0.2049184866158217
1223
0.19780140109470712
1224
0.23196099273639212
1225
0.18670483634888782
1226
0.23140590684154533
1227
0.2019557914189377
1228
0.20438570134368889
1229
0.19201683762125293
1230
0.24393883072384703
1231
0.16968332165540811
1232
0.2495881146002087
1233
0.21519026184115805
1234
0.21726777034938383
1235
0.22741331444215712
1236
0.18128572059794842
1237
0.16610416355576763
1238
0.23404599591113218
1239
0.16145008321953921
1240
0.19911827948699398
1241
0.1612348295862629
1242
0.24440093055667503
1243
0.32913778110324754
1244
0.21013553650445485
1245
0.20175298797040994
1246
0.17923984907152932
1247
0.2607757851807764
1248
0.3266405445787414
1249
0.3154245678924382
1250
0.24432750775417159
1251
0.21880767293262762
1252
0.3456425187864963
1253
0.2808822717224095
1254
0.19171121974852318
1255
0.2090461907907314
1256
0.179993268872226
1257
0.2615508687342829
1258
0.22224566818312372
1259
0.20358919051851812
1260
0.21199181884783652
1261
0.18494688343259305
1262
0.24211282836780978
1263
0.28605532864297245
1264
0.1669280404740565
1265
0.24315856051414036
1266
0.2339503833046342
1267
0.24009897218791035
1268
0.23553169843845922
1269
0.192915649969815
1270
0.30288649843538185
1271
0.21374460762444708
1272
0.20218150542295546
1273
0.21156780612088705
1274
0.14605623589167516
1275
0.18539420836029133
1276
0.142024697146321
1277
0.26719108931356733
1278
0.16728638729683706
1279
0.2971215115313306
1280
0.3062092931357831
1281
0.1994794557784067
1282
0.26967318110555144
1283
0.2274821500506238
1284
0.2108436499899346
1285
0.20588156211136507
1286
0.19933147128993767
1287
0.19506994693000243
1288
0.2281717346266029
1289
0.20694412546219867
1290
0.153832559251489
1291
0.30297594061797123
1292
0.23110168815945825
1293
0.2879701440353004
1294
0.22276566749079701
1295
0.3212234160160239
1296
0.19094605089800493
1297
0.21266396416176594
1298
0.2319934528445279
1299
0.180746086332523
1300
0.20882413502758554
1301
0.16342363290018996
1302
0.1863618897983471
1303
0.17828777147055647
1304
0.21549449989529737
1305
0.22726277437977482
1306
0.15648056122023046
1307
0.15605908774078994
1308
0.231610206851698
1309
0.2200828825755231
1310
0.27140682336138544
1311
0.21122292775670312
1312
0.2443008387088282
1313
0.16589298454176174
1314
0.25367973142054806
1315
0.17905664865677262
1316
0.1643908655196659
1317
0.24185838981400595
1318
0.13999486662248148
1319
0.22574943234018724
1320
0.21527880018217282
1321
0.23683765707949087
1322
0.21288442870585003
1323
0.16644501770963974
1324
0.1393975382979163
1325
0.27211707087694653
1326
0.2317048478234012
1327
0.19625676501083944
1328
0.26677137570226905
1329
0.21104962368061428
1330
0.21379950704648454
1331
0.2246434187406604
1332
0.25166895529184996
1333
0.1669122827176902
1334
0.18192825004094565
1335
0.19022288185446184
1336
0.21182854989960145
1337
0.19235821476580936
1338
0.16100062673658222
1339
0.20025275363185027
1340
0.1735670548768812
1341
0.2601072390270047
1342
0.17187150321373487
1343
0.2171618355928859
1344
0.1798663744934373
1345
0.16459233854617508
1346
0.2166917346807997
1347
0.3735451578118795
1348
0.17206658336036965
1349
0.1902321519615594
1350
0.20268801561575978
1351
0.32951722073129386
1352
0.26256290401871457
1353
0.31623678722673926
1354
0.23183040082421166
1355
0.19718374659200832
1356
0.3936829113285412
1357
0.2471502018388904
1358
0.2098853894301209
1359
0.22970477120466226
1360
0.1652907057370103
1361
0.23828414379674598
1362
0.15297272414597202
1363
0.21180939800905535
1364
0.24702164328872953
1365
0.19397254926462948
1366
0.24838364982072073
1367
0.2525923806202028
1368
0.1917016699374619
1369
0.2462629772553606
1370
0.16717374889184194
1371
0.20221815327559808
1372
0.15889895781015861
1373
0.2546791976709196
1374
0.20115568704527834
1375
0.1848240762769636
1376
0.2697788556548818
1377
0.23932885722614639
1378
0.2035504215938453
1379
0.17006226788467493
1380
0.21425114658823302
1381
0.15616740723266073
1382
0.20417362104058295
1383
0.2335111401876513
1384
0.19881142858711418
1385
0.9440996134470916
1386
0.21629940407265413
1387
0.17777975692329628
1388
0.22541927745783805
1389
0.27679613049827245
1390
0.1699286360001067
1391
0.3512436791759814
1392
0.40754893598158104
1393
0.2363146561335245
1394
0.18235647905426747
1395
0.20578483853158727
1396
0.2612119814846996
1397
0.18369816540899653
1398
0.22247580537832123
1399
0.22999222800087013
1400
0.2305250462427466
1401
0.18590040068317049
1402
0.15576277783924966
1403
0.14254047077807727
1404
0.17455462301586053
1405
0.6306657441511822
1406
0.22410043524657908
1407
0.24054302693804303
1408
0.30827466178276397
1409
0.18731062041641275
1410
0.2593223787242583
1411
0.17454653262375477
1412
0.2983639397527358
1413
0.26579244331944435
1414
0.14069902125200548
1415
0.18011777542214524
1416
0.22394060413853092
1417
0.16203087818465617
1418
0.16988599795745452
1419
0.27992788109045513
1420
0.2076547765673428
1421
0.21608010450415063
1422
0.21575517749221243
1423
0.2604382390288212
1424
0.16012138998622943
1425
0.19250329945095643
1426
0.2774781124112912
1427
0.27952016521840806
1428
0.20140950747055839
1429
0.20168290245895754
1430
0.20432344810442682
1431
0.1441243634100206
1432
0.16038427042071782
1433
0.2202505143762963
1434
0.21510717218911965
1435
0.230397135724556
1436
0.19988185567430572
1437
0.28360975517227466
1438
0.19217311507686002
1439
0.18406191307657177
1440
0.24100414666204006
1441
0.22189306164513214
1442
0.19951552414649748
1443
0.19540831931872887
1444
0.16918460736292362
1445
0.17820360132484053
1446
0.237254964234102
1447
0.3221375398145552
1448
0.22047364612818193
1449
0.1562040800813424
1450
0.20278398615689244
1451
0.15296705168165664
1452
0.23896208931928242
1453
0.30772137016547674
1454
0.1680713739855727
1455
0.27731271578604694
1456
0.2904952897302483
1457
0.14079091920161205
1458
0.20679235422883585
1459
0.1841725905322614
1460
0.19657011658999898
1461
0.1914559523654661
1462
0.16681421501761606
1463
0.26224201539153397
1464
0.19937251766297623
1465
0.14695490010048465
1466
0.253978794416003
1467
0.2704784410082116
1468
0.20629107345601944
1469
0.18023678655506098
1470
0.1999743897044339
1471
0.20431430172191614
1472
0.24114772165746348
1473
0.19820603246456767
1474
0.1914926066202397
1475
0.1673386853140802
1476
0.21204747464812287
1477
0.26914285047854447
1478
0.18662674114078703
1479
0.1798778695353205
1480
0.49819892811808636
1481
0.2653632842635724
1482
0.361602301567122
1483
0.19237053527538062
1484
0.23096305398797876
1485
0.19619321847907373
1486
0.1614710566925879
1487
0.23401517370955813
1488
0.22157829259743878
1489
0.15967150451260162
1490
0.2189082992147683
1491
0.13950742725242252
1492
0.1869972554161403
1493
0.20458989764772484
1494
0.1591985827782473
1495
0.29360142651376736
1496
0.2224194345751177
1497
0.342038359789199
1498
0.1652035463107714
1499
0.21590385332429476
1500
0.21171701690337363
1501
0.16989481843212537
1502
0.244984112917708
1503
0.19198834932335399
1504
0.16583228748323242
1505
0.2223085969091309
1506
0.15916268281475202
1507
0.17418869401777762
1508
0.2245505665168232
1509
0.2005113432196296
1510
0.20671869676555674
1511
0.17103213670619893
1512
0.18289135893802969
1513
0.42916913424359504
1514
0.2160573798072592
1515
0.25542925697276947
1516
0.172656945591212
1517
0.21988940323627526
1518
0.29063488992309516
1519
0.23224488686573408
1520
0.19104468031896987
1521
0.21200693156672332
1522
0.2082626558055713
1523
0.21762540386863422
1524
0.17921443509859694
1525
0.2081876402483144
1526
0.1942025091096437
1527
0.22947395858940833
1528
0.20622123852746946
1529
0.19839997126489423
1530
0.1335157083573565
1531
0.2308894733206895
1532
0.19513966929480328
1533
0.5171693820120687
1534
0.29795865581776687
1535
0.18614110544811174
1536
0.16801930760326106
1537
0.2181694497827638
1538
0.2518575487888237
1539
0.15349499594540375
1540
0.24020410257748018
1541
0.18142729148077158
1542
0.2568696223544755
1543
0.3290086907092254
1544
0.21049241299903823
1545
0.20062878696895683
1546
0.323552984303226
1547
0.19400734829770475
1548
0.18805297157149717
1549
0.18186284225599283
1550
0.2543399968162908
1551
0.1928674114967528
1552
0.37641948610848036
1553
0.21287156992057352
1554
0.37937051848323006
1555
0.28983309789743894
1556
0.37697470174819253
1557
0.2673664276043567
1558
0.3793718853590846
1559
0.3047168961502546
1560
0.2764555152861179
1561
0.20352485039187515
1562
0.16802295860591193
1563
0.2508869600847449
1564
0.20999590664977097
1565
0.2439091866865703
1566
0.19771439041972716
1567
0.25004439065258166
1568
0.21089340142974008
1569
0.17323561842089427
1570
0.22349371773560756
1571
0.1660328271562604
1572
0.36645272115127536
1573
0.1621856788069857
1574
0.2326243362486081
1575
0.27400169514056855
1576
0.2185800594920779
1577
0.2652446708692551
1578
0.27188975174585606
1579
0.261040193077418
1580
0.18548961901988179
1581
0.1596643183202559
1582
0.250049692214486
1583
0.2192879098545663
1584
0.18609008897738852
1585
0.295014625622754
1586
0.1849921205996974
1587
0.20070302520310662
1588
0.21576296010982937
1589
0.18282813506128828
1590
0.22413185879591968
1591
0.20704743866689448
1592
0.2640743181285496
1593
0.20092239258393033
1594
0.21333266507990922
1595
0.18705123733913395
1596
0.21719465778297783
1597
0.19617217043749197
1598
0.3464384174055138
1599
0.2086622258471089
1600
0.3443440988517485
1601
0.201774634227243
1602
0.1633812132019568
1603
0.18857722505436844
1604
0.2736174041840333
1605
0.19146062244713732
1606
0.24265846902399285
1607
0.269489617400913
1608
0.18645039678302577
1609
0.22278910491837725
1610
0.21582932601506202
1611
0.18393512809319346
1612
0.2145880014141678
1613
0.2333601365263471
1614
0.26084740244835236
1615
0.2412416493931219
1616
0.19103477767841326
1617
0.38283438593911184
1618
0.24045380824238533
1619
0.25809603244047513
1620
0.21791317572824748
1621
0.21835135209098938
1622
0.2035346320819662
1623
0.20899822249726183
1624
0.2064006240632905
1625
0.1498297068505228
1626
0.22458475861430302
1627
0.20013322731202354
1628
0.21448314888977285
1629
0.18844469033871794
1630
0.22263709440029228
1631
0.13164372196627316
1632
0.17977414212668136
1633
0.26054842412426504
1634
0.22866838769449277
1635
0.19692375284706262
1636
0.2709602948649055
1637
0.1697568047912501
1638
0.17567638707033167
1639
0.22371589780018375
1640
0.16859292004664145
1641
0.15541525801711437
1642
0.1819399219631947
1643
0.19963794212867694
1644
0.22428156486646714
1645
0.1586548072581458
1646
0.2486424522371966
1647
0.23646636835024962
1648
0.29630495435470555
1649
0.16960027144918022
1650
0.2613611333039692
1651
0.30585784277879513
1652
0.16397483747234193
1653
0.19597080421289936
1654
0.24925781799939384
1655
0.33595403604525964
1656
0.2402778914009532
1657
0.2523723774295288
1658
0.21250608560852718
1659
0.26115429601569623
1660
0.1826068619995476
1661
0.16354116261185825
1662
0.17790707597012942
1663
0.1769981864529048
1664
0.22139301123461919
1665
0.29098846008486895
1666
0.20733538670439852
1667
0.22830461367986074
1668
0.2258650082655134
1669
0.23409191771173363
1670
0.1671564741210794
1671
0.22234917333848425
1672
0.2060170450355096
1673
0.15230013339516052
1674
0.19219542786268484
1675
0.1872523210607147
1676
0.17684630201623316
1677
0.15753973538451044
1678
0.24040371883103348
1679
0.20789824953912417
1680
0.1701909476743199
1681
0.24845119900234397
1682
0.15881060058679763
1683
0.7478696919696133
1684
0.16953820014578377
1685
0.174537932415659
1686
0.14750026412654688
1687
0.23639577646422416
1688
0.20011355080711807
1689
0.1617663824046484
1690
0.26204898701431634
1691
0.20422926439332206
1692
0.26948469084478144
1693
0.16396399773852444
1694
0.2168925457609199
1695
0.1942405198906913
1696
0.18090450557812965
1697
0.1868964205125223
1698
0.22698517795476905
1699
0.16194515876768445
1700
0.19791151348203442
1701
0.1894087610282867
1702
0.22883140640680405
1703
0.14609868434015014
1704
0.2447204967428548
1705
0.23634217188845444
1706
0.21313518356497793
1707
0.17174277491872633
1708
0.18437964355821015
1709
0.26894314449518913
1710
0.19500316523619207
1711
0.2717151640266395
1712
0.2963171051538341
1713
0.28923252571674135
1714
0.18013584614120076
1715
0.19489633320057578
1716
0.14786464196699048
1717
0.25261460451452605
1718
0.4226179576027874
1719
0.1907894538566082
1720
0.20718513889013104
1721
0.2445727938674246
1722
0.19604917268861904
1723
0.14788050086895674
1724
0.27199970729699413
1725
0.17165931975106935
1726
0.24613680157992737
1727
0.22932816529783145
1728
0.3875245377963747
1729
0.25573488533271793
1730
0.2584093697039026
1731
0.4464223887553642
1732
0.2465033333735778
1733
0.22020459639778325
1734
0.24481116455930735
1735
0.21450054179978076
1736
0.24450369003133962
1737
0.1470301678127242
1738
0.2081523247541639
1739
0.1581344611082498
1740
0.2043519206565946
1741
0.23051634437455895
1742
0.3007145389634027
1743
0.20091824984245493
1744
0.1899792065901895
1745
0.21834402438888736
1746
0.19095246030950475
1747
0.23973457809909382
1748
0.20644391736617865
1749
0.3644136344754786
1750
0.18111971382969463
1751
0.18410947282452322
1752
0.23802208966326183
1753
0.1610518349421082
1754
0.2301952764557376
1755
0.20975151226686378
1756
0.17466459381785118
1757
0.22770935336279025
1758
0.2568437602546793
1759
0.2003888260398222
1760
0.24119136503138963
1761
0.18353692844408598
1762
0.2693895106580592
1763
0.24803888087995196
1764
0.2931034669994934
1765
0.2149768826429825
1766
0.20892279656331145
1767
0.15037315244451396
1768
0.3322306452644779
1769
0.2583891094417751
1770
0.30956307230123714
1771
0.3108049922976369
1772
0.19555867839663907
1773
0.1680235010863807
1774
0.1951186823650228
1775
0.3377832442618738
1776
0.17315247838236322
1777
0.26418381058261703
1778
0.2875778247508587
1779
0.22823294790848928
1780
0.2088078931606402
1781
0.1706217106071149
1782
0.17297983345946502
1783
0.29916164579549626
1784
0.2206499509763366
1785
0.2088448198329595
1786
0.17781826685310784
1787
0.22719636826521472
1788
0.18260774158664916
1789
0.20078411042363964
1790
0.2293350529821855
1791
0.1894361688447278
1792
0.23780914998292482
1793
0.22773665346771838
1794
0.21678171971759
1795
0.16289085869302067
1796
0.13994762635283425
1797
0.16316695924825872
1798
0.1745251423472845
1799
0.3175655292717196
1800
0.19374059242142835
1801
0.19605394503093057
1802
0.20332937696157877
1803
0.2240280942944347
1804
0.22060294184881524
1805
0.22486027968903144
1806
0.20627844028746975
1807
0.33337671810672204
1808
0.16286069372097503
1809
0.14756070707167449
1810
0.18167227378992934
1811
0.1716037689157013
1812
0.25005560386046505
1813
0.21669663920394044
1814
0.2165837492283103
1815
0.1757205701182596
1816
0.17534472047235697
1817
0.13806231487200957
1818
0.27871505565934196
1819
0.16846698887646055
1820
0.1694525391871438
1821
0.28300967437563
1822
0.3032050262251624
1823
0.20594620563446783
1824
0.30489188290331676
1825
0.21317058284201576
1826
0.20664346842578296
1827
0.20393849613767862
1828
0.18815120079816725
1829
0.19811505746188815
1830
0.23041663393037903
1831
0.27659279924308705
1832
0.25390654733896767
1833
0.20323912974446315
1834
0.15786741313167535
1835
0.2270826897403389
1836
0.15076922223028422
1837
0.19926870575291813
1838
0.2335617246266885
1839
0.21211989392312072
1840
0.2450929262489443
1841
0.2009131569736219
1842
0.16881463513336123
1843
0.2499722313929554
1844
0.7147901538335808
1845
0.17857584573047233
1846
0.17223355442126742
1847
0.2246670833885441
1848
0.2565357578275748
1849
0.16145376336911502
1850
0.15488603007754814
1851
0.25068601531305706
1852
0.19005382187664094
1853
0.1820338784593071
1854
0.24069385090499404
1855
0.3047398479747807
1856
0.15396814163993575
1857
0.21900105074455667
1858
0.3149532986205374
1859
0.5860544074483772
1860
0.15068827017859235
1861
0.16354353938697652
1862
0.18184111489575927
1863
0.9313869494581002
1864
0.20073788769558482
1865
0.20090895802905173
1866
0.2507593496017704
1867
0.3329245735638003
1868
0.1415654518929476
1869
0.23908776869339313
1870
0.23801571228860516
1871
0.2892330585879352
1872
0.25240327128857337
1873
0.4374968984916899
1874
0.1679694744154847
1875
0.16483455028003197
1876
0.18300155716193509
1877
0.2360477240840946
1878
0.1691515418049557
1879
0.1523526809783619
1880
0.212228672620592
1881
0.2527361625507116
1882
0.23813627851521843
1883
0.1648861737289491
1884
0.20554418217793682
1885
0.26972992709949684
1886
0.18376659021742034
1887
0.20406838480753958
1888
0.16285323101048332
1889
0.2564523188607205
1890
0.21268842379180986
1891
0.4844063935983142
1892
0.18262596169895912
1893
0.19488930512488697
1894
0.22730657601849744
1895
0.2111076337427628
1896
0.22767753665339416
1897
0.29176276113674326
1898
0.1765287326616734
1899
0.21785426878432393
1900
0.13752714564003568
1901
0.23559159452740613
1902
0.24839053861308127
1903
0.25279028400066916
1904
0.16574668857053754
1905
0.2212428493477657
1906
0.263635054051814
1907
0.1850059744512131
1908
0.2699570599978767
1909
0.1929623169341122
1910
0.3557842154087822
1911
0.1721358522711016
1912
0.22752302359713195
1913
0.22646226307310827
1914
0.2458535053562732
1915
0.13708418979725467
1916
0.40645494698979784
1917
0.19537671912674592
1918
0.2255509594433442
1919
0.19302518745940697
1920
0.3759725392136422
1921
0.2014331305852011
1922
0.35227303470810173
1923
0.24155004055124712
1924
0.19455650948284456
1925
0.2857176389590305
1926
0.2396545407224872
1927
0.188179272061726
1928
0.19986423151915608
1929
0.1599933425027359
1930
0.25073451514055534
1931
0.1632621811712745
1932
0.2740926983097436
1933
0.22538943960040825
1934
0.18490095445026214
1935
0.1769684830765334
1936
0.19908721842231603
1937
0.24119917700120824
1938
0.2691931958191176
1939
0.2550162845201972
1940
0.2237938412600955
1941
0.17373369237279251
1942
0.2779891640650587
1943
0.22025083671867626
1944
0.23270132614471944
1945
0.26805169743416996
1946
0.2396301108493517
1947
0.23802425962551696
1948
0.18067287677582045
1949
0.21380271120664843
1950
0.16417292796177943
1951
0.1928215911733156
1952
0.20523831724389957
1953
0.22621011694154528
1954
0.2400823409402548
1955
0.24663693576744194
1956
0.1561035231761817
1957
0.20175299119751816
1958
0.1508587858179066
1959
0.14760255353632415
1960
0.18969277021239755
1961
0.2367651609028669
1962
0.15844245221092584
1963
0.20140875655614138
1964
0.2363917571737523
1965
0.1899417277191355
1966
0.24656526906232878
1967
0.26494829249963003
1968
0.20530291663617395
1969
0.14895194777776902
1970
0.20470235681412058
1971
0.2661666305235122
1972
0.19103833494795378
1973
0.17367894651475135
1974
0.1730687234158407
1975
0.18382320827427195
1976
0.1580646109763453
1977
0.17376414273308594
1978
0.19643658616507328
1979
0.2790515846020392
1980
0.16537422587935252
1981
0.1838788505784567
1982
0.19660877972229468
1983
0.306558080051527
1984
0.25456662440322636
1985
0.17763558780173705
1986
0.21151140029779467
1987
0.34983103637726587
1988
0.18705679309387288
1989
0.22283292496105453
1990
0.19897469046910624
1991
0.1363219761609802
1992
0.2531766204020423
1993
0.1581549209293425
1994
0.19820375725138326
1995
0.21816351524584726
1996
0.2518571507797495
1997
0.22688447918437762
1998
0.26915017321894374
1999
0.41066096129942947
2000
0.28645595422385645
2001
0.23847449830311387
2002
0.17756595890620624
2003
0.16353694098537858
2004
0.24264256233618853
2005
0.28642700683871014
2006
0.20751495084504798
2007
0.26787758777597204
2008
0.16024802088715928
2009
0.1719053150931518
2010
0.1884253358897952
2011
0.22387299400311866
2012
0.20026473403808379
2013
0.4031614406867169
2014
0.2165482070094538
2015
0.1885524103419723
2016
0.1548604638344309
2017
0.20551214819256058
2018
0.24254704561919252
2019
0.2675086155227623
2020
0.19222429088037843
2021
0.27133678842300546
2022
0.2706400988612809
2023
0.19278370845512752
2024
0.18381618653666051
2025
0.19422417212719498
2026
0.23927931124075436
2027
0.21160717784793104
2028
0.22422765216246782
2029
0.2119172735079249
2030
0.1875329134574463
2031
0.23633213480234672
2032
0.19823616170700045
2033
0.1860352367219643
2034
0.18385850474663243
2035
0.2065488300458011
2036
0.2819708982689346
2037
0.42308497017015695
2038
0.20937434066938593
2039
0.16860109408166174
2040
0.3602550768415397
2041
0.17165867644145014
2042
0.21017052720397933
2043
0.17691451567181468
2044
0.18029905731494253
2045
0.25973388158804983
2046
0.14528594543310247
2047
0.305345016242997
2048
0.19051710312448128
2049
0.22389442558132255
2050
0.23436376553769642
2051
0.2279490789124214
2052
0.16629922266991695
2053
0.18752191596553547
2054
0.1764895710430794
2055
0.1862033170799864
2056
0.22248930559639402
2057
0.2417245347864157
2058
0.1878448850286298
2059
0.18695496579310672
2060
0.2121924209417408
2061
0.1839835657708232
2062
0.18803844042107065
2063
0.3125405559356939
2064
0.2091378497194094
2065
0.39545408654444963
2066
0.16970567970312808
2067
0.23338302493146715
2068
0.2544698506699715
2069
0.2810190758765679
2070
0.23685898926557272
2071
0.141332014289536
2072
0.1980577388372331
2073
0.16462699024847205
2074
0.2227939936531823
2075
0.15693046622577103
2076
0.1967603874256655
2077
0.18340268769817678
2078
0.25759974512446315
2079
0.2321190290016917
2080
0.17817464532983732
2081
0.30539296144290945
2082
0.16390987437360766
2083
0.21895113694932805
2084
0.28927777679034206
2085
0.1865482314297526
2086
0.26663251961293166
2087
0.24131179377984602
2088
0.24684532440373858
2089
0.2853734895212761
2090
0.16720537071598818
2091
0.15344874066432357
2092
0.16132524173026094
2093
0.19198257586938125
2094
0.22089471889516937
2095
0.14414272516802393
2096
0.2195755482386965
2097
0.1799095566010097
2098
0.47677924994864296
2099
0.21149556307365994
2100
0.17909615210016458
2101
0.1818996799700626
2102
0.33727503863950026
2103
0.230581379891158
2104
0.22795766291116062
2105
0.16283039274256675
2106
0.15010375569782874
2107
0.18537079981005353
2108
0.1781613114504768
2109
0.17663545702902006
2110
0.23727939423681643
2111
0.19811629774092765
2112
0.1834985255430209
2113
0.18613411039111663
2114
0.2728345834600372
2115
0.2535570246282192
2116
0.21255507114180747
2117
0.20878536244841497
2118
0.20672196741445323
2119
0.17246418163064556
2120
0.24660007538227643
2121
0.2470562064920268
2122
0.3547153677506081
2123
0.2442842683646974
2124
0.2376838728197099
2125
0.18551553664402762
2126
0.18615757766628235
2127
0.18881020017262887
2128
0.2938978946396173
2129
0.2410541016369404
2130
0.22668858903730674
2131
0.24439750870225846
2132
0.17155641343716713
2133
0.1745530252689255
2134
0.2793664916309736
2135
0.16179340494304648
2136
0.20008751446396608
2137
0.2840453490275509
2138
0.1990326424487922
2139
0.36400779769742336
2140
0.27077085925272204
2141
0.21344642494355848
2142
0.24571616500123625
2143
0.3392935027131756
2144
0.15792438042820886
2145
0.16882895451497298
2146
0.25423896866122725
2147
0.3501736175390394
2148
0.16753702446230875
2149
0.22544268215550836
2150
0.23025933651098796
2151
0.2925368654319346
2152
0.17206019582453175
2153
0.20020772556818697
2154
0.22717349686193952
2155
0.18891356966138131
2156
0.1737887640764504
2157
0.22196704144323254
2158
0.2339019038666354
2159
0.222157688469158
2160
0.19249685626099808
2161
0.24183614263556022
2162
0.23988559994698913
2163
0.1919021402384681
2164
0.2678634119070231
2165
0.18886109682730529
2166
0.22102738334826916
2167
0.25161184351568017
2168
0.19756882316720903
2169
0.26824710491004955
2170
0.2785458605911448
2171
0.18462809517177606
2172
0.31297731515531213
2173
0.28595793450760176
2174
0.3039873956932435
2175
0.26763336905906504
2176
0.1882306079472855
2177
0.1887875623711769
2178
0.22286815569265148
2179
0.2106136770178078
2180
0.18975754287128074
2181
0.2735732839597319
2182
0.25062974993706694
2183
0.22341273558666147
2184
0.4716571606781398
2185
0.19137695878962574
2186
0.26115546708510157
2187
0.19777828772602135
2188
0.19345124988892778
2189
0.17310213345682474
2190
0.25919941699331955
2191
0.2852024429433296
2192
0.22662223214989838
2193
0.21462196429820024
2194
0.16565593847240082
2195
0.24254644496886577
2196
0.15139234177750716
2197
0.18198479644985174
2198
0.213907605454304
2199
0.23737578173035537
2200
0.1949608564786912
2201
0.16504100188073934
2202
0.18664439894923193
2203
0.29473565603514196
2204
0.2164282240127483
2205
0.2124135254366534
2206
0.2200178883102785
2207
0.20891751010801657
2208
0.23200540211060283
2209
0.18719711520723512
2210
0.19789426806536087
2211
0.16973663132464337
2212
0.20029003375203175
2213
0.2238495909082642
2214
0.2615044805984014
2215
0.2333490087842886
2216
0.2134483585809111
2217
0.19767176717336757
2218
0.27844246530771305
2219
0.3030109322925061
2220
0.8976107029216898
2221
0.18140971432679998
2222
0.18280526255237092
2223
0.17881962324718134
2224
0.20224668910476684
2225
0.18669968213680604
2226
0.16322251970439144
2227
0.18004318555610227
2228
0.15871159964795956
2229
0.13499214231744072
2230
0.27607377554311685
2231
0.2012889932641473
2232
0.17080171629182853
2233
0.1901549306548628
2234
0.14241921039013838
2235
0.20774799262392757
2236
0.2216919177029209
2237
0.23621718843967546
2238
0.42094370971914097
2239
0.22357531800058653
2240
0.249257886079844
2241
0.16422237931233968
2242
0.19680434525628304
2243
0.18348589799324327
2244
0.3583832761905125
2245
0.22515886286275133
2246
0.14372013387789975
2247
0.21105300748576553
2248
0.23456040575007459
2249
0.24211856026300865
2250
0.1872295812100178
2251
0.1700111396556029
2252
0.18564182610058777
2253
0.2516116529376258
2254
0.2859271550189761
2255
0.15356558509618135
2256
0.20987767686319544
2257
0.21682535498349184
2258
0.21642454183048562
2259
0.19277442301721046
2260
0.2855829214282905
2261
0.15548655631933367
2262
0.3302956318247387
2263
0.16669726282557418
2264
0.24324897252648764
2265
0.23528301351910405
2266
0.17365254354680307
2267
0.6398284509494789
2268
0.17247519716520285
2269
0.30449020360644363
2270
0.20429588951624061
2271
0.14733693368099465
2272
0.20527618760999158
2273
0.23870024110169163
2274
0.17143083249662028
2275
0.32300021004837515
2276
0.2111261820423003
2277
0.1713924114928106
2278
0.1345356681575656
2279
0.2750343910934616
2280
0.2562498324147557
2281
0.19825801384384759
2282
0.1903113493040964
2283
0.2444005361805585
2284
0.21376514188957874
2285
0.17809555709291175
2286
0.1672668153644774
2287
0.24426434708380657
2288
0.23369017318795524
2289
0.18410216187882344
2290
0.19236941574837924
2291
0.2015094243284935
2292
0.22217879721962813
2293
0.19365356728556124
2294
0.2643454688350758
2295
0.15871133323748216
2296
0.20639546415737323
2297
0.24914828938498076
2298
0.167410101035072
2299
0.32673450838768403
2300
0.23578989630889308
2301
0.22870558680793374
2302
0.2789044643908842
2303
0.1786767345164068
2304
0.26573823958777754
2305
0.15623166099564884
2306
0.2909185626157912
2307
0.2375049565209614
2308
0.21302863373414904
2309
0.1560682847930024
2310
0.18387089089057423
2311
0.15916523956083306
2312
0.18005880129398627
2313
0.23727954622333935
2314
0.21878974447902938
2315
0.32841625093730703
2316
0.16262625246738074
2317
0.7163412606971399
2318
0.15140826401821902
2319
0.29620002007491736
2320
0.1752601188421375
2321
0.2095297134373065
2322
0.2404777832014244
2323
0.18514201041599768
2324
0.1812729906086285
2325
0.20099846301261848
2326
0.1710113663159271
2327
0.18144317794897588
2328
0.20346259424187318
2329
0.33075046646438067
2330
0.21910599056715624
2331
0.15718313291689284
2332
0.35605679787396627
2333
0.19723381030294818
2334
0.2268969247641027
2335
0.25119544836898877
2336
0.18877131966285973
2337
0.24304546742218192
2338
0.23161985662268295
2339
0.21555583949721546
2340
0.32058789890881173
2341
0.18123992023772298
2342
0.2015402257787847
2343
0.1857425726837169
2344
0.16709404011934148
2345
0.2046070569931876
2346
0.33726343149412225
2347
0.2180535947614891
2348
0.247552154626724
2349
0.23520811461622657
2350
0.27396423673020365
2351
0.1949795726688896
2352
0.17809301086288706
2353
0.22996451778204827
2354
0.20645562961297015
2355
0.15511107630424334
2356
0.14699891605027185
2357
0.21053299019817645
2358
0.26843976106875106
2359
0.29402464282119933
2360
0.15571158829535986
2361
0.21465987788355173
2362
0.22682911636467334
2363
0.27296445451503715
2364
0.17050574176577718
2365
0.15037458532488118
2366
0.24532429118673416
2367
0.19499575446423612
2368
0.1576099202706253
2369
0.18328896784625387
2370
0.2743823563805153
2371
0.17088439345704226
2372
0.3013044292687975
2373
0.20313165593708035
2374
0.2752138198835596
2375
0.19138686037869054
2376
0.20341760725012467
2377
0.40655049702138235
2378
0.1758511848795231
2379
0.2013830115361961
2380
0.22218014468426772
2381
0.15783723981323067
2382
0.20137399364968742
2383
0.21987168674068822
2384
0.207134668614506
2385
0.2036081147968609
2386
0.23522317644347893
2387
0.2541387475467305
2388
0.18603701107730902
2389
0.20699143767649442
2390
0.2562448184663373
2391
0.19764361670937855
2392
0.19028075104009468
2393
0.2182020915422932
2394
0.2524943422146274
2395
0.15738645572337778
2396
0.2189036125465935
2397
0.18539195096800873
2398
0.1797705568563226
2399
0.18383806588752685
2400
0.2151291331136538
2401
0.198510503943443
2402
0.24610611681418842
2403
0.41840599923395266
2404
0.23899229712784748
2405
0.2485598782434075
2406
0.20768522656967914
2407
0.25286808942442557
2408
0.18351774668720236
2409
0.2725231720718616
2410
0.2007538511966031
2411
0.29767980799782007
2412
0.24793763153308238
2413
0.14015279308484338
2414
0.2711351625435929
2415
0.2540748896563885
2416
0.16394611959698874
2417
0.22429308011374313
2418
0.20631916253856278
2419
0.18124889126479124
2420
0.17687854381494814
2421
0.21207127170736906
2422
0.21123661433232116
2423
0.1966239244214531
2424
0.21599906820249792
2425
0.25836206385062793
2426
0.17900504403418643
2427
0.21337819089851937
2428
0.1557146006479029
2429
0.23998714110160146
2430
0.22554684697559904
2431
0.24782879609972897
2432
0.2213946685945363
2433
0.17283453966122367
2434
0.39636712862890705
2435
0.18099296189900846
2436
0.18947620668872173
2437
0.1529953085095278
2438
0.17515839534547215
2439
0.1791431091525721
2440
0.19526125127279123
2441
0.1836956078567142
2442
0.18370026432518058
2443
0.18357095836983367
2444
0.16640594347109447
2445
0.19357895414946058
2446
0.19509226276390873
2447
0.18412364148067106
2448
0.3568585423913138
2449
0.1813131367055655
2450
0.15372482610511337
2451
0.16706690266541557
2452
0.19532377084971814
2453
0.1887225438105055
2454
0.15049575589433406
2455
0.2501487887747181
2456
0.36279004352607475
2457
0.21466677031474968
2458
0.25008916185626145
2459
0.29432080320683873
2460
0.21927092716317623
2461
0.24969036613741674
2462
0.17217414787066054
2463
0.15776058002324087
2464
0.23017128295848355
2465
0.1739436015091208
2466
0.2143307842592191
2467
0.18377754988991699
2468
0.21404237094423878
2469
0.366675632808797
2470
0.17570181955430575
2471
0.2110153924925565
2472
0.22837057736649602
2473
0.22966452750182928
2474
0.16595738546619027
2475
0.1447037885508295
2476
0.21983780659838134
2477
0.2501894141362409
2478
0.1625915523088625
2479
0.24767011606429687
2480
0.19572986000943637
2481
0.17400650786137475
2482
0.2238452837647339
2483
0.15805872802942425
2484
0.1651182021537792
2485
0.2576464454394019
2486
0.16855122612792725
2487
0.16596015469939435
2488
0.16367938243637192
2489
0.19821257045295376
2490
0.26450855279495117
2491
0.2198499883935589
2492
0.18943913589869907
2493
0.4752120095023049
2494
0.20653114502136954
2495
0.25973134652239116
2496
0.26032949473770994
2497
0.13770953843297373
2498
0.2548690335139595
2499
0.18570512350071436
2500
0.16466430600191462
2501
0.209444487648018
2502
0.18522792680623085
2503
0.23698175563805493
2504
0.2678939384246593
2505
0.20990774418604952
2506
0.18317056014434274
2507
0.16516589849098617
2508
0.17207058196643624
2509
0.2549917856557372
2510
0.18133806041609593
2511
0.22752214296903692
2512
0.18876269752532474
2513
0.21556680420125998
2514
0.1851068531753677
2515
0.24540420438538194
2516
0.3017634359208335
2517
0.16634914880443236
2518
0.3100989088759764
2519
0.21632392063319392
2520
0.2301630757641229
2521
0.16160762056077166
2522
0.23444561204394157
2523
0.20855835680948606
2524
0.17495229580785382
2525
0.13720112821371883
2526
0.193078330796363
2527
0.24335439238390452
2528
0.24243864194961082
2529
0.17130808720970028
2530
0.1864386124276698
2531
0.1762384724849733
2532
0.20327648621436148
2533
0.22048488367991004
2534
0.24913465509813731
2535
0.19193410599560537
2536
0.17206451785792856
2537
0.2118408798781341
2538
0.19663241543226412
2539
0.24856905401275925
2540
0.32766117427761976
2541
0.16416970719900578
2542
0.20206616898861263
2543
0.200318540841055
2544
0.1838744762991797
2545
0.20154087283522676
2546
0.19329562370574355
2547
0.2632768213085318
2548
0.1791202749049214
2549
0.17553875935051144
2550
0.2735973823448865
2551
0.19385836252999694
2552
0.2425291735653019
2553
0.23293256653340022
2554
0.22415901615120248
2555
0.2833649449506841
2556
0.19633806276588864
2557
0.14958502496813633
2558
0.31800622041324716
2559
0.1658195915537396
2560
0.2278654331661377
2561
0.16199775519030385
2562
0.26447743744672636
2563
0.3122877815737739
2564
0.21031029817982547
2565
0.27295235099325177
2566
0.15497396912332154
2567
0.19643737470684067
2568
0.19961748553303424
2569
0.3293648346012031
2570
0.3213306087568991
2571
0.19123825435361302
2572
0.5310725759168614
2573
0.2435947641100443
2574
0.26189491225090133
2575
0.23722207304779852
2576
0.19036787985715037
2577
0.24478982340636243
2578
0.4095555519270703
2579
0.17484567490517908
2580
0.33761552729807165
2581
0.17123436643545312
2582
0.14120466097615839
2583
0.23612621310416146
2584
0.2440939515689899
2585
0.23389641228881317
2586
0.17828624527429432
2587
0.14139103344507253
2588
0.18746302059972836
2589
0.19491917293113742
2590
0.24041063044237812
2591
0.1812966145658848
2592
0.1973402129535974
2593
0.15102695714213166
2594
0.2690911021882094
2595
0.3473222890711501
2596
0.19603134117267004
2597
0.2532325754145704
2598
0.3100069081142654
2599
0.22065781016228445
2600
0.200115827413468
2601
0.7220335421065074
2602
0.14107822938556636
2603
0.17708791407016083
2604
0.18720377927600332
2605
0.20867032032834598
2606
0.2080450428691159
2607
0.19328767254660378
2608
0.15918635751514357
2609
0.2004528629057573
2610
0.14299813603717532
2611
0.16339433461039002
2612
0.1642308697883613
2613
0.22062405111945918
2614
0.20717391316914038
2615
0.20524198940644978
2616
0.21430759509031944
2617
0.36464183122279425
2618
0.25349160483524363
2619
0.21840253823763253
2620
0.3079695254130468
2621
0.17398360215148598
2622
0.3312715925154949
2623
0.2233564448653367
2624
0.21343724373700998
2625
0.1829454807663052
2626
0.164067965187681
2627
0.2375285531645361
2628
0.17706314528901632
2629
0.27467296571342964
2630
0.17985985999962217
2631
0.26166491417271476
2632
0.17028724331689254
2633
0.18808811353563681
2634
0.26531719892047245
2635
0.2782378939558689
2636
0.1950019305398869
2637
0.23229634719916997
2638
0.22961667751416615
2639
0.2864169639766227
2640
0.255007627137595
2641
0.26805342454983394
2642
0.19583045188484813
2643
0.19059774057137624
2644
0.22801324805259152
2645
0.20863633053048738
2646
0.23016489691080116
2647
0.22485643749940745
2648
0.17548485519862542
2649
0.20376257928298333
2650
0.2903481100767416
2651
0.40856707246202145
2652
0.16729686305259395
2653
0.1503601613759247
2654
0.18691349964551782
2655
0.22745805025583932
2656
0.24087336684630448
2657
0.16492096036092552
2658
0.18192573788271968
2659
0.1820974930188096
2660
0.2299852394083371
2661
0.19351777930946537
2662
0.21791828538969057
2663
0.17941258000993257
2664
0.2378669809462361
2665
0.24673349366594416
2666
0.17432346961714495
2667
0.20356999045259802
2668
0.2151574106308971
2669
0.16511768806828112
2670
0.33456190138753666
2671
0.15604155125051103
2672
0.182775584494344
2673
0.194660527390897
2674
0.19373733924603542
2675
0.21058048689858655
2676
0.23165349133384588
2677
0.16563727662043568
2678
0.19371926059714228
2679
0.18850611024615221
2680
0.3277394516793666
2681
0.21778664305445736
2682
0.24594006128301252
2683
0.16443304734406478
2684
0.1925771005512164
2685
0.1955550826467804
2686
0.1616544737875317
2687
0.3126821817142025
2688
0.2219791937623547
2689
0.28978804519732415
2690
0.2612653810290422
2691
0.19542702279882493
2692
0.221517330264431
2693
0.19810584981429552
2694
0.1977758446508524
2695
0.3690492164619165
2696
0.192364716940925
2697
0.18445287963092413
2698
0.19556397811508863
2699
0.22473816436144903
2700
0.22016068981880446
2701
0.2134996676942858
2702
0.24894627634063046
2703
0.18178885351767507
2704
0.20568206963906982
2705
0.18526527178453459
2706
0.2867456701979807
2707
0.14521719693728768
2708
0.2712727400256912
2709
0.35027247106289455
2710
0.201135081340668
2711
0.3151524420774253
2712
0.21030158353308434
2713
0.19040680305608101
2714
0.17692056469953588
2715
0.20283387738502645
2716
0.19239251007483238
2717
0.19586071979497724
2718
0.28389541817136354
2719
0.21664011111020473
2720
0.21879085910076576
2721
0.19555374256282687
2722
0.17385374544176507
2723
0.2042366845008209
2724
0.4142624196688842
2725
0.23027858083501537
2726
0.19538401342511577
2727
0.17697263467068197
2728
0.19913033340557107
2729
0.409107555557558
2730
0.18299341865196664
2731
0.2160982733020901
2732
0.24721250414716534
2733
0.17044904163748745
2734
0.17446988270042293
2735
0.15841085803438582
2736
0.2178881792620781
2737
0.31300488663770965
2738
0.25386346013849237
2739
0.2681450232476863
2740
0.20349262158451664
2741
0.21270402633574906
2742
0.2254501678684139
2743
0.18432998051749674
2744
0.20269682464460417
2745
0.2784364782777661
2746
0.1725613607162388
2747
0.2356560587280684
2748
0.17225054165583573
2749
0.254274666427333
2750
0.18658080121620868
2751
0.3081644674619868
2752
0.2264822036576192
2753
0.20648640209614308
2754
0.17059701376822067
2755
0.1821883888860454
2756
0.3411254956177285
2757
0.18718705638408686
2758
0.23443037246043366
2759
0.1881971039665185
2760
0.18888210837890532
2761
0.19243316710592234
2762
0.15583608599550058
2763
0.19558371856672227
2764
0.3121742916387811
2765
0.2163418984982261
2766
0.24444129213953492
2767
0.17495876940036037
2768
0.21873757466423172
2769
0.21491571959915318
2770
0.19335140192437975
2771
0.23993631533094562
2772
0.23059392995307826
2773
0.25585918416168374
2774
0.22233469384557228
2775
0.1741138346207339
2776
0.16969795150779712
2777
0.29029502620994607
2778
0.19974575237456293
2779
0.27513385230185916
2780
0.18563389384612103
2781
0.176973917470705
2782
0.21583497985709235
2783
0.2080532942282731
2784
0.18266798189737396
2785
0.18289557542962856
2786
0.16175346481667588
2787
0.16819146394405535
2788
0.2436281798330509
2789
0.200650610710409
2790
0.2845925074893827
2791
0.22204597998727946
2792
0.20876158737528672
2793
0.2503790890885101
2794
0.15934128366685182
2795
0.2065597077591537
2796
0.2264265717867795
2797
0.2959838835105837
2798
0.1787284683692274
2799
0.1684269115911358
2800
0.1520206644058462
2801
0.20333157269855015
2802
0.2047475654670619
2803
0.17592534954267233
2804
0.37355480923944795
2805
0.22347658114763752
2806
0.26154842003119944
2807
0.30565715559445894
2808
0.2369509527581902
2809
0.20298420005078807
2810
0.1558585944367892
2811
0.18922849494030256
2812
0.12906038995238903
2813
0.2618977706277163
2814
0.20632215490883576
2815
0.1657343976687983
2816
0.35097614452051973
2817
0.15782924746131227
2818
0.16739069923780697
2819
0.25834896772477667
2820
0.21251568625522765
2821
0.199388936641364
2822
0.2854195812554983
2823
0.2921985579118617
2824
0.24949379682252984
2825
0.34036649652820045
2826
0.23707769139132231
2827
0.1993773984284131
2828
0.22383340715643085
2829
0.2065263866257502
2830
0.2833220930168467
2831
0.27580983093262673
2832
0.28062233352892063
2833
0.243938881964966
2834
0.28338243371007027
2835
0.15096179001145313
2836
0.19408806507880572
2837
0.2940288127355162
2838
0.19637916201505562
2839
0.16151037922320036
2840
0.22433553446886836
2841
0.21350412521465081
2842
0.30591017745047194
2843
0.20590679856423788
2844
0.23076353052493973
2845
0.19103819711932127
2846
0.17181630909319287
2847
0.20852318049155552
2848
0.24417551784011332
2849
0.1532938113526346
2850
0.192353121348493
2851
0.28388112142121685
2852
0.22930004458181366
2853
0.41706602801039494
2854
0.15950479928449887
2855
0.1470741408890663
2856
0.23989928145782338
2857
0.3928295697864608
2858
0.21549860259254033
2859
0.41382199154961263
2860
0.2266443470758147
2861
0.23349025139352922
2862
0.22140506839676655
2863
0.17079414374236151
2864
0.1652960099974219
2865
0.21054329825737467
2866
0.15611223712345587
2867
0.8083193810779132
2868
0.1461610478955947
2869
0.16726276985814031
2870
0.2435638833510025
2871
0.21586022988377387
2872
0.16697925236695468
2873
0.277047093654525
2874
0.1630463433026354
2875
0.20220271434348594
2876
0.2034138788342958
2877
0.16726136500237346
2878
0.20284391615698422
2879
0.22071820976601556
2880
0.2617770857878016
2881
0.2330572743211168
2882
0.26001959928435514
2883
0.2264673347985521
2884
0.15120315263159018
2885
0.2502375662551348
2886
0.2083247426441688
2887
0.9712855673737473
2888
0.19644154315601486
2889
0.29271815614983665
2890
0.19208948693438957
2891
0.2176292475422047
2892
0.1578989255912719
2893
0.19290682981096569
2894
0.26161266977881137
2895
0.23316369769087575
2896
0.2707678969202919
2897
0.2531793587997806
2898
0.16479281448892882
2899
0.23203132574441346
2900
0.2566131625413724
2901
0.17466977901668623
2902
0.18995251001924127
2903
0.3295084181635121
2904
0.2576523749980162
2905
0.1983419063520778
2906
0.22101443713524596
2907
0.1798377485207801
2908
0.16067177748302836
2909
0.185984073386405
2910
0.2750723228626021
2911
0.20331950250263253
2912
0.20313444960434138
2913
0.18517602804198005
2914
0.2243465929457051
2915
0.2524579563794989
2916
0.23455289059780499
2917
0.881046853227344
2918
0.15715582611977968
2919
0.20678879567055497
2920
0.22868953017454693
2921
0.18209342189184022
2922
0.19248460329537417
2923
0.22840309061734804
2924
0.2592089407453446
2925
0.19782402555879156
2926
0.24716553766168325
2927
0.21432627545854596
2928
0.21099199557428103
2929
0.3077862864888905
2930
0.16030986055811866
2931
0.2500942742683718
2932
0.22728423504432627
2933
0.23722618367228093
2934
0.20772414417235766
2935
0.15467654413022447
2936
0.2175859630909831
2937
0.22384297740741801
2938
0.180804066993154
2939
0.15076626970131707
2940
0.22338828915532147
2941
0.21081513910487149
2942
0.2025154933528141
2943
0.26020181699420836
2944
0.18658929102420188
2945
0.2167864058460318
2946
0.31266299240559864
2947
0.18730531203992498
2948
0.27142623206265476
2949
0.3571849804960724
2950
0.2792003106954607
2951
0.3138518614383079
2952
0.1534669656177099
2953
0.25228649311672774
2954
0.1778268657995698
2955
0.17583907494434037
2956
0.25770455935839415
2957
0.16220545382619395
2958
0.20635976058876038
2959
0.2214078249298764
2960
0.19418545754363348
2961
0.17462390002226194
2962
0.19787147904590882
2963
0.26673575543931977
2964
0.20788896747265315
2965
0.20720998285236147
2966
0.17403887379928673
2967
0.1582063049327452
2968
0.1771563455668722
2969
0.21483502121761097
2970
0.15457019092863794
2971
0.16769078573622925
2972
0.17743517046960391
2973
0.22899732041777737
2974
0.14576081967904125
2975
0.26463040446375624
2976
0.15916517511408945
2977
0.21995761843048647
2978
0.33214206679529146
2979
0.30448746431750956
2980
0.1851793674714819
2981
0.19302760805909314
2982
0.163331167562079
2983
0.2396504425575361
2984
0.23081184560504317
2985
0.26542092160387176
2986
0.16732853962971292
2987
0.2458522887295379
2988
0.15954196330548634
2989
0.20872824414982363
2990
0.23408653077943292
2991
0.24236601958330423
2992
0.1840243098124412
2993
0.17666045999095112
2994
0.20493367224570905
2995
0.2718836081309627
2996
0.193700632077597
2997
0.2579571911419566
2998
0.20396499603678103
2999
Mean MAE: 0.22431071165748478
