nohup: ignoring input
0.33333333333333337
1281
427
0.044248924255912474
0
0.024609501829594777
1
0.045684184755369596
2
0.04359053694016369
3
0.03357951077375084
4
0.0300564215822593
5
0.04281232881098084
6
0.026696200676243228
7
0.01955520062215721
8
0.029640520193194297
9
0.03265719496180964
10
0.06101142069652991
11
0.031692172996482484
12
0.019331732369484038
13
0.03705077223131293
14
0.01872684238837638
15
0.013105030874097073
16
0.04551944559061181
17
0.026387987822813385
18
0.03289688551763903
19
0.024481963421795667
20
0.04348467910923378
21
0.0377648690835964
22
0.03158306356375535
23
0.04611218495156856
24
0.024216353543185964
25
0.04436964875197624
26
0.05368951144325345
27
0.03197891313572652
28
0.020733698981863582
29
0.022081878546851924
30
0.01979692822431155
31
0.03716717119233923
32
0.020660136165264357
33
0.027727360465860842
34
0.07053077308268285
35
0.03247752977117568
36
0.015637764140146376
37
0.027235927249809593
38
0.025030507403161584
39
0.029887323223926676
40
0.04003712471162286
41
0.025741928537113656
42
0.049156934144965705
43
0.03813307636791597
44
0.030172610290255964
45
0.03482107933698528
46
0.029610378791317313
47
0.048307974477955616
48
0.03459679643971362
49
0.020583452942986066
50
0.024536770473250584
51
0.04612198897238959
52
0.03771686854941785
53
0.04244654318311578
54
0.02232487886779951
55
0.057753880684328796
56
0.01706720812086479
57
0.026959099766243857
58
0.05698202316993607
59
0.01988444655526306
60
0.04292620367565521
61
0.027617768019483936
62
0.019559567996060696
63
0.022362482241884016
64
0.022688968981255785
65
0.03087842237767035
66
0.024495632293136175
67
0.051573317182506975
68
0.019347968535030385
69
0.023420046711681505
70
0.019268731300864022
71
0.03268653367486317
72
0.024950325276806927
73
0.029468489238001556
74
0.0290974045374558
75
0.02705664481938301
76
0.02575035371217619
77
0.025101533864672364
78
0.03702329856307179
79
0.03244842495990527
80
0.02907422035786686
81
0.03327833172808026
82
0.03821771391163006
83
0.025424896051895518
84
0.05089639752828247
85
0.02938581004279983
86
0.032503150962167215
87
0.03927931911998381
88
0.062100313106188985
89
0.040242948343425115
90
0.020276277799888498
91
0.04981351329343207
92
0.044978770632921924
93
0.03696879919072239
94
0.03242029049656161
95
0.0585465918533656
96
0.05900470555755199
97
0.03656926648703705
98
0.03151834585983813
99
0.022091649324589045
100
0.0508170982807243
101
0.03865439979985195
102
0.03842767661774072
103
0.042133741193456094
104
0.041096161876811935
105
0.05180751334466377
106
0.018079691416762377
107
0.018277511430445
108
0.023895052586339876
109
0.027173556128133294
110
0.027896705450776705
111
0.02188687739821281
112
0.02906842761100815
113
0.04380459441340535
114
0.01767074431914208
115
0.030467650683199645
116
0.012798183471965546
117
0.024746413515076542
118
0.03110970499503401
119
0.03801404202082086
120
0.04455132186878123
121
0.06267628288615759
122
0.05289094605002075
123
0.035089941565461864
124
0.021786919493142005
125
0.028139868497606108
126
0.019564239886606386
127
0.02933598882174287
128
0.02285901750274712
129
0.02955350517475278
130
0.0619967094255996
131
0.031042158782811313
132
0.03850041539206559
133
0.035420590588177855
134
0.04626832095993773
135
0.03697832712438609
136
0.04816817053311419
137
0.03562264670208424
138
0.03660904533631585
139
0.04667938709624688
140
0.033209088339882994
141
0.04300576268612646
142
0.016265367632706907
143
0.01857889169159205
144
0.02524430386869451
145
0.03957183056318802
146
0.04228617866911541
147
0.02729183660820932
148
0.03746375674274567
149
0.024594583884175156
150
0.02511538640498724
151
0.05846352562791917
152
0.045157508974875395
153
0.02754836612510315
154
0.029969587042484747
155
0.04339438283246765
156
0.02202378166618158
157
0.07217740228762631
158
0.03323005674918292
159
0.04906589476023112
160
0.029869380936589734
161
0.044162349007269036
162
0.03539502965511533
163
0.055004532333527346
164
0.03831605184822301
165
0.0312987045847766
166
0.023069609948701643
167
0.05369186733073338
168
0.03865455709143475
169
0.030496499958622494
170
0.0363635818600403
171
0.02657532478833908
172
0.02718433920919862
173
0.03650274140803064
174
0.027519504972630178
175
0.029643452360398094
176
0.036254322333274594
177
0.03716919807276115
178
0.015988033209291833
179
0.022923704034485053
180
0.042318033625712806
181
0.04679150148895943
182
0.08434400302143215
183
0.022139401617264878
184
0.030214812365314966
185
0.03215934046319578
186
0.03279530794945012
187
0.04160749533293006
188
0.04490336993930398
189
0.015581242080856378
190
0.024646811565373915
191
0.024669912390372275
192
0.035442933710448335
193
0.052086451287554916
194
0.045625431141315696
195
0.0440046081569749
196
0.016485025055363218
197
0.0276599167477022
198
0.03684935168654875
199
0.046559492537692725
200
0.04840875236457053
201
0.03513036610120508
202
0.03662480149450227
203
0.03687151509004585
204
0.03381925683937858
205
0.03443538013231315
206
0.07442758564872157
207
0.021103341580071214
208
0.03231172395076508
209
0.026547401409713272
210
0.022862559593115315
211
0.026049571457685453
212
0.026049327111803005
213
0.045541400691832684
214
0.042413999760157375
215
0.040117212029082125
216
0.03342587758631667
217
0.02411893744197135
218
0.03887316534792437
219
0.05459803531783318
220
0.03831827491737135
221
0.04163992289234674
222
0.04743305686944716
223
0.021943076947818767
224
0.021251909869570935
225
0.018079123322468374
226
0.028739924710974227
227
0.036650457498427776
228
0.03314403162839085
229
0.02908785704574917
230
0.022052031015040628
231
0.030172354797185764
232
0.03000597912463813
233
0.020203917105439388
234
0.015545714212850061
235
0.029225676316139985
236
0.0426192876672779
237
0.02483032601851775
238
0.028588010927180108
239
0.0265670805064558
240
0.06978048906812186
241
0.0289444460522697
242
0.022815647284786515
243
0.05068772363043457
244
0.0250629971978064
245
0.04559468367693546
246
0.04041952105330942
247
0.03610071094064293
248
0.021832804099638472
249
0.04174319682497312
250
0.02485923559326637
251
0.04360532897819744
252
0.01782597850107166
253
0.029048404775587615
254
0.020106503952570354
255
0.031017124461740663
256
0.03929993606628326
257
0.025696741721846886
258
0.055076366014220626
259
0.03051055846179414
260
0.015623174479154222
261
0.02182796591870131
262
0.02210364789508219
263
0.025538361372200266
264
0.021990840385061182
265
0.027134643133303687
266
0.04875824234149676
267
0.030795684533904244
268
0.05149560487998127
269
0.04679435898817598
270
0.031719248579581194
271
0.021975548216722783
272
0.0401762144399658
273
0.02763656179961293
274
0.051138363260692564
275
0.05533814499209842
276
0.019218956851421706
277
0.02114510788387608
278
0.026065377223728325
279
0.026324585488429766
280
0.021249810952621562
281
0.05491664119723181
282
0.03143912428648273
283
0.03418770496056551
284
0.019177503633372485
285
0.04769304027081341
286
0.02257718375495428
287
0.023934701751398838
288
0.024476108921124992
289
0.04785233398516135
290
0.037889128123529736
291
0.05085416318613221
292
0.03251840653459035
293
0.027421791850255346
294
0.023575824980779956
295
0.058217109279702736
296
0.018228626437000243
297
0.03515384596638367
298
0.054037939012077665
299
0.030674546091958976
300
0.048577343611700116
301
0.018215733431764986
302
0.0226567854916171
303
0.01912565894950392
304
0.02762271019833602
305
0.02316065675893617
306
0.022564819856818123
307
0.025690752477071328
308
0.04395952007264963
309
0.021019308113130165
310
0.031690481612305844
311
0.029732580913410266
312
0.03355892233875153
313
0.03695066281737824
314
0.03689606572607561
315
0.025661788044447787
316
0.04776936231624439
317
0.039085674657524626
318
0.05290334257524521
319
0.02558457115431857
320
0.03217450993927799
321
0.02217817703043074
322
0.039858475363409404
323
0.04197980242136519
324
0.053563174591201614
325
0.03755985938758052
326
0.03488217502462149
327
0.026780452020958044
328
0.05563205008804281
329
0.06175354025312604
330
0.054305464512506604
331
0.01698847404968131
332
0.020607969086765095
333
0.031188219183432845
334
0.02302964430495294
335
0.04210353585271973
336
0.066133754237106
337
0.03419814408938198
338
0.02352528403145702
339
0.044715215087428144
340
0.029458479487266546
341
0.034808052480355976
342
0.02945095430132384
343
0.08599202074502665
344
0.044913246409016956
345
0.019959347981329575
346
0.03655139471265517
347
0.028571173456003757
348
0.024850885536893907
349
0.025332196704888094
350
0.02097582993873348
351
0.026868296316131735
352
0.023730698401801167
353
0.026104583630404795
354
0.03015287421178956
355
0.04597762731430229
356
0.03792317199180899
357
0.029160911296525236
358
0.032625851383730246
359
0.02480532418775867
360
0.015861194823669836
361
0.05601802895387014
362
0.02913867404639595
363
0.03399597949940811
364
0.019952602867751683
365
0.0567365696642312
366
0.048172804017220905
367
0.04583566992435209
368
0.10802466068276781
369
0.0309122464344051
370
0.05064258128435218
371
0.021911663851583253
372
0.038536602877545796
373
0.028195994246705287
374
0.024066365166924487
375
0.019963193776629844
376
0.033059096756371434
377
0.030047284250688696
378
0.019857235047995723
379
0.05248848602675589
380
0.03122688919262878
381
0.028099152734758687
382
0.05489652055893138
383
0.02040005990998668
384
0.03678451715592429
385
0.03117140174106197
386
0.07685605370224241
387
0.029409424589294974
388
0.020103029800471104
389
0.04089055792101337
390
0.02936195708035563
391
0.07090912897502312
392
0.04495486497864243
393
0.04535879518398405
394
0.026693473429504806
395
0.017079715609742304
396
0.034372447968059786
397
0.01594748348232507
398
0.027813737965086714
399
0.0262646673448259
400
0.017526385873446536
401
0.025983296335444758
402
0.10675833861366517
403
0.058722103944466184
404
0.06131552355018615
405
0.017957018006471773
406
0.029141165721339433
407
0.08076990948002823
408
0.0438246611092079
409
0.03483858727133183
410
0.026086836543025113
411
0.02268444922753103
412
0.03815135262666186
413
0.01738707765501699
414
0.05310785161525151
415
0.03746685548113756
416
0.02833983119454075
417
0.04936402498730514
418
0.027441306535108515
419
0.016315233981020805
420
0.017938471929255684
421
0.028262419892888753
422
0.04245708456186122
423
0.08160712990125327
424
0.030400913810151264
425
0.023225710829459824
426
0.024499068387864902
427
0.07827124537010494
428
0.017545882002010193
429
0.035849692356051836
430
0.02565746979815278
431
0.03483730799005464
432
0.046761163086811164
433
0.03140716135563424
434
0.06275302780296274
435
0.019930376849763606
436
0.02680808974233883
437
0.0214714750882509
438
0.029626328507914072
439
0.03541153203588578
440
0.15585222388153327
441
0.08719457811034025
442
0.03257200240934008
443
0.021062510782913966
444
0.04800224797957195
445
0.023005432015459112
446
0.0726701049771582
447
0.04742388263640063
448
0.05270652865713213
449
0.054692049464140705
450
0.06396969613532559
451
0.02875300612438989
452
0.023573315393957368
453
0.047782062542427776
454
0.03657416031530738
455
0.040076012012227866
456
0.05157672917741071
457
0.03782462481824036
458
0.026845151128248104
459
0.026772382093949502
460
0.028751471382529037
461
0.04308006213202149
462
0.02896313446570889
463
0.03278879546578893
464
0.023478995624024543
465
0.03425024487589492
466
0.031305936568977996
467
0.04529446989317786
468
0.0405109869401955
469
0.06784090159819271
470
0.054487588916250815
471
0.019621609896976304
472
0.04651898063836136
473
0.04637166878898007
474
0.03677420683009335
475
0.047362636902013186
476
0.039598824230936525
477
0.04081076670193852
478
0.0368844667394692
479
0.03607643329272102
480
0.042447672279943505
481
0.03727444483717318
482
0.01571598135135337
483
0.03548316704439117
484
0.027215405669604245
485
0.034199907459161585
486
0.037818635341375334
487
0.029432691491535424
488
0.05794440241505776
489
0.028043482923286248
490
0.057527570073745024
491
0.07360464163845752
492
0.01651920910192689
493
0.02879770225381245
494
0.044372126603074324
495
0.05446514253087096
496
0.02637029196826479
497
0.0517413002045232
498
0.01700385529333116
499
0.05685415644704561
500
0.02369277374187785
501
0.04794766575000301
502
0.0336302176371959
503
0.0406773294050058
504
0.046662097317068565
505
0.05368984586855848
506
0.05677317354428685
507
0.03223942842414119
508
0.050540624119595576
509
0.040564694385340945
510
0.06537336332461482
511
0.04356461692324445
512
0.036762030298525254
513
0.024151048301362568
514
0.02595833051863297
515
0.0199878785291414
516
0.03590382332010794
517
0.028523389421239994
518
0.03848914283318071
519
0.030787680315202647
520
0.044116655637235845
521
0.023809981790648877
522
0.05674752658321987
523
0.039679593073235576
524
0.022261379025001013
525
0.07744285093119886
526
0.01974296820102305
527
0.014973866284218672
528
0.05722085626648018
529
0.04658701412810972
530
0.026883715474107173
531
0.02849976573258879
532
0.03120584875822808
533
0.038157750762703835
534
0.028587807870675355
535
0.04694503311749358
536
0.03642061812238317
537
0.0376720487250658
538
0.0384403782206563
539
0.028596053839616543
540
0.06457502023067206
541
0.06698529650155863
542
0.025020968596895756
543
0.05566405050767563
544
0.062126769898586696
545
0.05535016051900183
546
0.032408676864077765
547
0.04094271545958035
548
0.034319361775492684
549
0.02226353479891006
550
0.02921581555433619
551
0.025563405182056062
552
0.01982327360544425
553
0.027429400105055016
554
0.048015778091128766
555
0.020773067302017893
556
0.029843217507054872
557
0.025513982514411494
558
0.02717158240407618
559
0.021896980049288424
560
0.04931596496922153
561
0.040901670385395834
562
0.017782221338796027
563
0.02389374402478356
564
0.04105952133254277
565
0.03061638447174247
566
0.034106365765251265
567
0.031892421519259334
568
0.037421713137740224
569
0.030039901502369657
570
0.031112095704838617
571
0.04662131402168272
572
0.025566207841139235
573
0.044818289041872884
574
0.01665615407550858
575
0.029198406856687308
576
0.0663358663096873
577
0.04271666838448843
578
0.02202651921575026
579
0.03834706762057203
580
0.03316138507308155
581
0.036675337050036685
582
0.03298611676880532
583
0.04184757195021883
584
0.03899666072558056
585
0.02750569725699055
586
0.024813697382208563
587
0.015213826719828185
588
0.025092824925689563
589
0.027771531558888535
590
0.07623331305822337
591
0.021798808429246083
592
0.04483805626800681
593
0.030191586044643438
594
0.047405184283676474
595
0.015137889678861052
596
0.045145653943238044
597
0.03988480008059287
598
0.030197702491728002
599
0.026089924360426994
600
0.06525804819661582
601
0.03912659330317606
602
0.03276631255607782
603
0.0446984255556326
604
0.04090786768128572
605
0.01541693378770501
606
0.04193383170733355
607
0.08399231212717458
608
0.020120113426286633
609
0.028435050935977056
610
0.041156157045710275
611
0.028678178241731973
612
0.05821654681879403
613
0.03777053945004663
614
0.05037922678921904
615
0.04092175143443129
616
0.07074297565233968
617
0.056901394502363714
618
0.04176101096256844
619
0.023168529554671066
620
0.09749041729000373
621
0.042231955489870944
622
0.027378854850317807
623
0.026375989959484373
624
0.021219392480501698
625
0.03904813669899466
626
0.01766996627310587
627
0.023910205076667877
628
0.026124155414188006
629
0.040644828416595814
630
0.046006601388137704
631
0.019632787850959076
632
0.020495483170765876
633
0.04269533747334042
634
0.02754545212558149
635
0.03146959171035954
636
0.0414369478856617
637
0.04930449618535776
638
0.05221390720424636
639
0.03322717047931519
640
0.03782283332540515
641
0.050476771491169296
642
0.02618546727515516
643
0.0418182467436113
644
0.05069059093737014
645
0.01902495029837758
646
0.038297647002210194
647
0.02510901699732638
648
0.03585263341938499
649
0.023118171011151878
650
0.031173672780543345
651
0.03617825237012069
652
0.048609487609792536
653
0.025604212538198137
654
0.03603299551261273
655
0.019728008615984626
656
0.04692118849050647
657
0.043970494834066516
658
0.08906466289545671
659
0.05079571823424497
660
0.03787511736262768
661
0.019524351382323207
662
0.023809896078319712
663
0.11753690368598108
664
0.021013300151581208
665
0.0720112698448583
666
0.026012104650526294
667
0.015612951372477483
668
0.04027260348139136
669
0.0384006763884508
670
0.03882791196011727
671
0.021435051975055536
672
0.02471745321098655
673
0.0461895034451277
674
0.023873952999286387
675
0.05046520393699683
676
0.02338467911846746
677
0.0379612059863777
678
0.01986153389048134
679
0.03663639006834266
680
0.04513693767932815
681
0.038487475672314
682
0.033648119351337435
683
0.048240793157375374
684
0.020390143595288845
685
0.020401053118468897
686
0.03008069758569187
687
0.022349911868928964
688
0.020501742985591993
689
0.04744922505780456
690
0.0290251623221228
691
0.0413789108928131
692
0.034068384365895994
693
0.02961100850717135
694
0.03211395474839945
695
0.03495315900131904
696
0.06920470565747251
697
0.042314750307110564
698
0.02482643873492433
699
0.03801753120446523
700
0.02461152409378001
701
0.03328639675437638
702
0.0442180302061032
703
0.037610337364129526
704
0.019222595193127405
705
0.018904508502768102
706
0.017997679857771506
707
0.039959948222545186
708
0.02751358676858502
709
0.026935055579023977
710
0.030718109593519848
711
0.04346221642909963
712
0.03769576964149724
713
0.03368164797375064
714
0.049304572822816056
715
0.02145130193395223
716
0.032992605063100575
717
0.024674613301774805
718
0.04015045189708699
719
0.03232538029956704
720
0.032399137186719114
721
0.043807287073373516
722
0.029793898581120727
723
0.01971430104055561
724
0.035720955824839404
725
0.014213464663209718
726
0.030297670857036583
727
0.023931910544608637
728
0.04328253101749442
729
0.03833710824214462
730
0.029841080328308785
731
0.03472606894788143
732
0.034275917738221175
733
0.03497738417186901
734
0.15781068665818904
735
0.032323964994204125
736
0.03584385090234851
737
0.0431449660249581
738
0.03759495329908903
739
0.019740889278574928
740
0.013341000653363994
741
0.03944153406040431
742
0.04063949705756131
743
0.03547800960299526
744
0.05296544440164816
745
0.019270346009081275
746
0.022429120672877705
747
0.048225645339202004
748
0.04850355522984656
749
0.014957718863991018
750
0.015666734748648305
751
0.01862371447511853
752
0.050860122214946776
753
0.029543526783010247
754
0.023082707276228156
755
0.02859487986037704
756
0.02604427771567389
757
0.017314554368762176
758
0.040569992606183054
759
0.06576591120145292
760
0.03653174323386857
761
0.04199675646172784
762
0.04103162056470326
763
0.05069888218267744
764
0.016393656849083667
765
0.02662911258285903
766
0.027005458178868593
767
0.02054677707928718
768
0.016329800561030252
769
0.07393079097552886
770
0.031184919312169695
771
0.036969792820425694
772
0.02143057163240407
773
0.023184938489470747
774
0.03524929052410571
775
0.05587324024087795
776
0.03922545899479685
777
0.020481153573364556
778
0.041792983551722535
779
0.03449287281004734
780
0.049729140840079004
781
0.025387703741915246
782
0.029075485795335306
783
0.04342184758171206
784
0.03448911015302069
785
0.015265951656830033
786
0.05636177049806111
787
0.028685864727176918
788
0.01819000897797735
789
0.036537379489302274
790
0.07435574874282053
791
0.04362144031895683
792
0.039362648508973024
793
0.04163909573244465
794
0.0511696640779175
795
0.025448888183030684
796
0.029995287818243153
797
0.037054358404081125
798
0.02497440275449097
799
0.07136364814886666
800
0.027858965765094525
801
0.034236321001856765
802
0.050067989337135486
803
0.039265001560272725
804
0.01923373613299845
805
0.0721233986906338
806
0.034182346440699285
807
0.030019344808166162
808
0.04415009170744811
809
0.017582918662048908
810
0.08788270371584894
811
0.03134155776920007
812
0.06355318790946385
813
0.038913886036541556
814
0.041047967166802826
815
0.031236848961170637
816
0.03281634946508985
817
0.03114294644147481
818
0.037187274208111486
819
0.07915466286313842
820
0.01865737605969192
821
0.05034254861126029
822
0.032590265330975754
823
0.028569010483195812
824
0.02046075466325699
825
0.04593258653481955
826
0.018920955415008957
827
0.03256516870766739
828
0.04898541437967314
829
0.020679730021705024
830
0.020801322472753195
831
0.02945571850795431
832
0.042144001147378
833
0.03936605643069157
834
0.05604286520337179
835
0.031052584738191797
836
0.04504529273529063
837
0.038233437985182854
838
0.04477811400827409
839
0.03401138432633531
840
0.018950076008800745
841
0.03345189184923641
842
0.043949204012072425
843
0.03254819036393585
844
0.04120681265302117
845
0.02168785548698679
846
0.04398431093385461
847
0.03707345779737381
848
0.03326546566965796
849
0.02294704380063643
850
0.06625524207863404
851
0.01809487064344295
852
0.01900090371723692
853
0.02072269228689982
854
0.0403758619123139
855
0.04657430508558001
856
0.04248392666320547
857
0.032623190820934025
858
0.020160120434289705
859
0.05841294367752743
860
0.03500165425384506
861
0.02969365764539118
862
0.020132918321552413
863
0.0366911214507381
864
0.02949891287345068
865
0.02191045693149407
866
0.018938595021272143
867
0.04166774639219908
868
0.03038545170134623
869
0.03177546924748501
870
0.020989743864195023
871
0.057400149599325864
872
0.038660112324299105
873
0.06336828029702697
874
0.034086871363135075
875
0.07158180774843978
876
0.05599905885622472
877
0.01701278055563311
878
0.01985889650100895
879
0.019918295220147188
880
0.08967599061339518
881
0.05079138986793607
882
0.030938265869155768
883
0.02736569127453893
884
0.04846750799139419
885
0.04900671062827349
886
0.021121628197033716
887
0.02929827052658921
888
0.01925337947966173
889
0.054838752794650863
890
0.03872756736554581
891
0.03374609556074736
892
0.024651831068414887
893
0.014066653765740001
894
0.04257846920604921
895
0.023376895908548682
896
0.02441967363131004
897
0.041934769206089996
898
0.024687080608874788
899
0.01846414491117826
900
0.061235885206308946
901
0.018456879187242262
902
0.049020139535171106
903
0.02239524256753959
904
0.01633183986785567
905
0.01767809468223608
906
0.018667392298033908
907
0.01610953362552372
908
0.04858679084638424
909
0.018409602170507005
910
0.04754137739800791
911
0.0389727675690316
912
0.02991974670261076
913
0.040445196009985376
914
0.03022800269701622
915
0.033603755187010746
916
0.04687074999091926
917
0.05512704351136479
918
0.03033467115808191
919
0.03503894450654756
920
0.014897954242931643
921
0.02798478243953703
922
0.04029747033160131
923
0.03198520897029538
924
0.015038631459842905
925
0.030253281117462748
926
0.051748004990042604
927
0.029171705488651067
928
0.03110226827303766
929
0.05341997453442106
930
0.023497344443646154
931
0.044013990459302016
932
0.04735919881832181
933
0.029097480047558702
934
0.018055936064351574
935
0.05543999943027058
936
0.019523596434894836
937
0.06961655658108284
938
0.02897057488606802
939
0.03180969439886865
940
0.019043815250436538
941
0.03432182740259382
942
0.019454163122647455
943
0.0293894362171532
944
0.02119427488281318
945
0.02423008341695218
946
0.02319061037202522
947
0.015613679479535366
948
0.018610159620976077
949
0.027778035779895058
950
0.02252523212795875
951
0.0318404341790771
952
0.05186556016890487
953
0.045145226914834684
954
0.03948917948235007
955
0.05948716365218843
956
0.03255769845797787
957
0.0350522937389754
958
0.028835400609759882
959
0.03544669956638198
960
0.042585531311271914
961
0.03218504369686589
962
0.07720682030733435
963
0.029798197316725856
964
0.038971894643878756
965
0.035054453201239844
966
0.020861621983190307
967
0.058399610957690924
968
0.030926463546715355
969
0.015684961985730817
970
0.03134413551354261
971
0.017794239121175646
972
0.026316716225920182
973
0.032602373828985676
974
0.022520409197239806
975
0.019081762773011466
976
0.04704282291922109
977
0.051744446650057445
978
0.03839737417826273
979
0.08109583415432221
980
0.023149454245890214
981
0.024711858060371697
982
0.02438967569772676
983
0.035766542743511785
984
0.01788926956551223
985
0.021761092496426392
986
0.04272758133792691
987
0.04266177179703687
988
0.021147687190869957
989
0.035227554127101775
990
0.038428823399049114
991
0.062239255425517226
992
0.040079845425891054
993
0.04355705482968236
994
0.02407942480248596
995
0.027528969868633506
996
0.03762922038453687
997
0.02740642733828153
998
0.035292054047733695
999
0.026305798783973024
1000
0.03235502653461007
1001
0.028320170338154205
1002
0.01667709011999398
1003
0.038651525937994875
1004
0.04355596111994853
1005
0.04152594224285418
1006
0.017629761183640028
1007
0.036414816406584574
1008
0.020285427665592572
1009
0.04687396538352842
1010
0.04280633370490141
1011
0.033100197568727126
1012
0.04727988694467349
1013
0.016298064935774858
1014
0.030358493633119443
1015
0.033495125310247675
1016
0.07216406940237764
1017
0.046986817765861964
1018
0.05905385955955723
1019
0.03192453971936276
1020
0.08523729410705487
1021
0.07355215805442356
1022
0.02375807015511698
1023
0.046663355134021145
1024
0.031673991012643433
1025
0.04735966169423276
1026
0.07215372213291518
1027
0.024535994025439198
1028
0.06331755428964045
1029
0.06680720873612471
1030
0.057963628249134945
1031
0.05052447080246803
1032
0.033451667543444294
1033
0.02161353476349474
1034
0.03828414602747654
1035
0.04403807337255179
1036
0.04203621765280066
1037
0.01664287884485985
1038
0.04558774216723626
1039
0.05159750258815135
1040
0.031610771077541525
1041
0.036620595965773814
1042
0.029654106356958535
1043
0.0302577780580347
1044
0.02863028747147796
1045
0.02919689392022782
1046
0.028263321663983067
1047
0.0829772298376626
1048
0.02879895504119808
1049
0.04092105773018725
1050
0.04214572567439962
1051
0.02956031257879468
1052
0.02376573067475705
1053
0.02973009704149031
1054
0.027650758672727167
1055
0.04303299696597427
1056
0.030201439578367146
1057
0.03540940175865509
1058
0.034392056962356345
1059
0.02459926840342614
1060
0.041116702016637016
1061
0.038983509034654994
1062
0.030381179605125857
1063
0.033402977124484944
1064
0.04349253415975866
1065
0.030475434213515284
1066
0.039591142862159034
1067
0.040267157332194485
1068
0.03260478751401357
1069
0.029503151685930845
1070
0.046570909331328784
1071
0.055129931986112296
1072
0.04864290389703527
1073
0.048315105205554966
1074
0.03018061699786063
1075
0.05274252185715164
1076
0.032471016980136
1077
0.028534200888124157
1078
0.04806934071468942
1079
0.052995733275590984
1080
0.07337382696354369
1081
0.03270867085661982
1082
0.0188514327867074
1083
0.036444233994109065
1084
0.030114202187322078
1085
0.07472738491056441
1086
0.01983206755088015
1087
0.03548510338990634
1088
0.04497041937718805
1089
0.025700014593238844
1090
0.03190595042001282
1091
0.025440066165636356
1092
0.0418949054315881
1093
0.03933268628812822
1094
0.06835764618798255
1095
0.02794093130146698
1096
0.02845902661719634
1097
0.03516120188936234
1098
0.028079961205249745
1099
0.03237599953478195
1100
0.03437614185668252
1101
0.042942219000801425
1102
0.043851488248978956
1103
0.04927260805810292
1104
0.03498977010862172
1105
0.03303479845762856
1106
0.062172588189127784
1107
0.02449842197682793
1108
0.0492822490175482
1109
0.02080636893992699
1110
0.05517900206947383
1111
0.034325300085819
1112
0.028532194097150673
1113
0.021490537718323228
1114
0.03141371285658905
1115
0.04092447766469365
1116
0.03990141358975072
1117
0.023607639454197773
1118
0.019614198042207286
1119
0.13763047213195262
1120
0.031431535531515405
1121
0.035454334559291735
1122
0.030089697055092852
1123
0.04661904448265442
1124
0.0330629778861538
1125
0.05144914572648664
1126
0.05634378248339039
1127
0.03398135736053896
1128
0.027930830772228025
1129
0.02379202692895049
1130
0.021087972043473235
1131
0.03135570789355675
1132
0.017692453018808334
1133
0.06346512222003053
1134
0.027614473291062636
1135
0.029160646668970436
1136
0.04191516497883759
1137
0.03920185094750498
1138
0.03236073017170796
1139
0.031067757095958423
1140
0.020070765669854766
1141
0.014848491529997551
1142
0.0442502499496726
1143
0.019605828549996155
1144
0.04058382688403728
1145
0.035580022946209315
1146
0.042712935290553186
1147
0.025109160445476262
1148
0.0771928171306235
1149
0.04537569170671426
1150
0.07825980180691659
1151
0.023834210025303754
1152
0.025932161797241848
1153
0.029005496586754193
1154
0.06208343549189073
1155
0.04989143578351949
1156
0.06419991194384794
1157
0.0396867780246173
1158
0.03867583543604852
1159
0.023645820434476418
1160
0.028855079693477177
1161
0.02868685130992482
1162
0.035302588881528124
1163
0.01675022108649928
1164
0.023389367092458854
1165
0.017011999423985513
1166
0.019230329428912382
1167
0.07671551284117924
1168
0.06173652133849865
1169
0.02839610063105773
1170
0.024749902041953698
1171
0.022123804240439228
1172
0.035647783266686175
1173
0.030399981663138197
1174
0.022075042914264688
1175
0.019356578549278813
1176
0.04219536385150848
1177
0.04076039732067823
1178
0.015996553353375548
1179
0.022790232264933156
1180
0.04988317868761946
1181
0.03340622960148332
1182
0.05463859227789392
1183
0.0348081575061264
1184
0.04361063978154921
1185
0.02051655240243233
1186
0.046796366253849773
1187
0.043440366115686
1188
0.04704150340028739
1189
0.023532619603038627
1190
0.03749878063926546
1191
0.050271397573113184
1192
0.0251689450241771
1193
0.019161075367035308
1194
0.037530567607727765
1195
0.02937139361828102
1196
0.03214883768705868
1197
0.020755332923742268
1198
0.022003326305453232
1199
0.04142892603291773
1200
0.020967275762651488
1201
0.02859864872133926
1202
0.05155453249919297
1203
0.05084692990159474
1204
0.08818753405121227
1205
0.025488688983183974
1206
0.06794357891451813
1207
0.014472707437637459
1208
0.08538594825267673
1209
0.01643820043104536
1210
0.025348377150828997
1211
0.037592246750412624
1212
0.02053992604257839
1213
0.02520185140216738
1214
0.0222013785653164
1215
0.029348340662831207
1216
0.03100765374337514
1217
0.029030334102690396
1218
0.03793277248816129
1219
0.03355497019856997
1220
0.01641769066555286
1221
0.02106750990757193
1222
0.07032002407544091
1223
0.055567945380280495
1224
0.03964434958579915
1225
0.04395841561629141
1226
0.0384311911960665
1227
0.017257737596374147
1228
0.04058294643697014
1229
0.03782709510759776
1230
0.03633615462710898
1231
0.015576333173918266
1232
0.03016160454020694
1233
0.02127671807260246
1234
0.03767486046956883
1235
0.04451884184473724
1236
0.053956423624831835
1237
0.035098245114024096
1238
0.03316464252188448
1239
0.0396808669081661
1240
0.0331499056984945
1241
0.023708816031010705
1242
0.053182666462685615
1243
0.02902156423439843
1244
0.05657383010476185
1245
0.03138290984844727
1246
0.02382736699104546
1247
0.04656627180092357
1248
0.043810092344997914
1249
0.038135429257403486
1250
0.03246061747076822
1251
0.03960458625683392
1252
0.05175065536974156
1253
0.05626484604625812
1254
0.03648088146254608
1255
0.021026642237603196
1256
0.019388394887001188
1257
0.021975300285350555
1258
0.04112157877720537
1259
0.03461142715377277
1260
0.03171358976867556
1261
0.05471498813603099
1262
0.02609535058277732
1263
0.042748615715677764
1264
0.030887253871016058
1265
0.021787732988434196
1266
0.022595709299909214
1267
0.06758603651576951
1268
0.03650906202184065
1269
0.028081810277613677
1270
0.03873748945595615
1271
0.023120989532202412
1272
0.03830876158531869
1273
0.03350659566167513
1274
0.02694068041536471
1275
0.021804558280799736
1276
0.04140134868616636
1277
0.03401193384779479
1278
0.01857786471816259
1279
0.03330642735354318
1280
0.038894841209944124
1281
0.04506529828591804
1282
0.04259507589637905
1283
0.021044752092427225
1284
0.020714054636037888
1285
0.03212237685228286
1286
0.026662153325776605
1287
0.023217865392234468
1288
0.03717222909314013
1289
0.04082490293344257
1290
0.021333789884254176
1291
0.02501460708947146
1292
0.041352819010624355
1293
0.04971696854624283
1294
0.016385931264935295
1295
0.04391026418789533
1296
0.02393829034329072
1297
0.0331380633089917
1298
0.026111058901653838
1299
0.017056580711526003
1300
0.054805052334161816
1301
0.04527522023987596
1302
0.021324908092074338
1303
0.04789127488414887
1304
0.03778417249900127
1305
0.021975845905684358
1306
0.050124717718999796
1307
0.04295110987918931
1308
0.020388103935924592
1309
0.05632849396101833
1310
0.015960939060309015
1311
0.049192234158379894
1312
0.03125983854308347
1313
0.029216258714427224
1314
0.029382345602834904
1315
0.04985956918240889
1316
0.04295252685886529
1317
0.020424718529243203
1318
0.025313413414723884
1319
0.040690198899456055
1320
0.033723874278848424
1321
0.02855465206917269
1322
0.025668455344046538
1323
0.0501869142814565
1324
0.029489928097412757
1325
0.048691299056160965
1326
0.027143736471125765
1327
0.024197597352366644
1328
0.0295101873766633
1329
0.0720894041849703
1330
0.018112381511066408
1331
0.05436864990097877
1332
0.023838670144172278
1333
0.02837432832532599
1334
0.025486328751507324
1335
0.02585144705053818
1336
0.025583049424658527
1337
0.04139649773797343
1338
0.017122075281482657
1339
0.030399968621759883
1340
0.016240412012882663
1341
0.027352706991649357
1342
0.026065921412569134
1343
0.0697950741294734
1344
0.04493612973879273
1345
0.02748346264263161
1346
0.04065319938097181
1347
0.044894223789933144
1348
0.01587534489670335
1349
0.04307743924772152
1350
0.028568132433285928
1351
0.018299791094586477
1352
0.02892707095257323
1353
0.01685219541644664
1354
0.0374981038796504
1355
0.04224513564756784
1356
0.03373111784418815
1357
0.03698906852976538
1358
0.059976580318338045
1359
0.020965698888848933
1360
0.039503730586411524
1361
0.03200351138727646
1362
0.03882045021946903
1363
0.027372240655405996
1364
0.023722465588844558
1365
0.021313463093986962
1366
0.021812552800008943
1367
0.05135965006337975
1368
0.0559914536963813
1369
0.038173449668455824
1370
0.09982506753195232
1371
0.018145721012760532
1372
0.03970104818815227
1373
0.05147168134952353
1374
0.015111504163264207
1375
0.05811230045759613
1376
0.042073813798943
1377
0.02678204167615511
1378
0.031585882169403105
1379
0.06417850111475149
1380
0.044771608955420164
1381
0.02318665166467328
1382
0.07683186394770465
1383
0.018652103997235724
1384
0.021349588053626724
1385
0.040192052910036746
1386
0.013985360338716942
1387
0.033064406353826584
1388
0.0341779318099761
1389
0.01727443305848421
1390
0.02415358282903703
1391
0.077995156596692
1392
0.028838831794090622
1393
0.027503031397960453
1394
0.04544159492169271
1395
0.0414019276533837
1396
0.028011993709573732
1397
0.04306604921062766
1398
0.034910481820614
1399
0.03299957258931178
1400
0.019414711778156398
1401
0.03728762052404566
1402
0.02186990259679053
1403
0.03477781672877176
1404
0.03068014361429278
1405
0.06901675093994834
1406
0.015670151621386297
1407
0.04825282715119344
1408
0.04124816597910198
1409
0.02620553598795216
1410
0.04197725957847553
1411
0.02274613216729705
1412
0.02207986167002375
1413
0.018721950740037338
1414
0.03182338632117292
1415
0.047066087450496556
1416
0.028672927434639922
1417
0.05875796179733223
1418
0.036988807292998534
1419
0.043245017474839643
1420
0.016465947022814027
1421
0.03232799325842028
1422
0.06835537548397455
1423
0.028911520974960896
1424
0.038970419855780404
1425
0.027869402826265637
1426
0.02242970031052782
1427
0.04599050584458069
1428
0.04273131182659502
1429
0.027332012708763856
1430
0.04075918224042479
1431
0.03733812179921638
1432
0.029141683859674132
1433
0.02469255958489382
1434
0.01481418104553691
1435
0.0475406997380246
1436
0.05290067518213605
1437
0.01943762440365196
1438
0.03765944509535848
1439
0.02960784388606294
1440
0.03221009417844286
1441
0.030742665566696293
1442
0.033099614781828074
1443
0.03484171766274806
1444
0.03072669299370677
1445
0.05186844183337757
1446
0.019591403591701976
1447
0.030502235361362682
1448
0.0354339807365748
1449
0.019289269029000855
1450
0.03181925324646039
1451
0.024271536433479627
1452
0.04010243781437885
1453
0.17006349196729492
1454
0.025295314888463316
1455
0.03194013508390072
1456
0.03724086683071599
1457
0.030260745322838244
1458
0.05100105730142674
1459
0.04066407679188491
1460
0.027152064377525553
1461
0.09357277951036659
1462
0.04612901997694544
1463
0.029433649781040974
1464
0.025090603383172573
1465
0.04600406473001227
1466
0.028106014200136555
1467
0.03747281231220703
1468
0.05986736599232253
1469
0.033707338265601516
1470
0.059177258752018576
1471
0.019397538682498845
1472
0.025713699006411808
1473
0.053763409649015784
1474
0.050186318547166583
1475
0.037270153323905535
1476
0.027595633212840864
1477
0.024837371954739503
1478
0.047973902076600544
1479
0.04978375892276299
1480
0.037678950616691166
1481
0.022612307240335323
1482
0.03732988951531607
1483
0.0517308173882536
1484
0.04743407351676086
1485
0.04487856459917685
1486
0.0691169313029532
1487
0.022823009235699916
1488
0.05459791600562094
1489
0.025488357386720263
1490
0.032866982271986735
1491
0.12461038330013159
1492
0.01922166557885231
1493
0.025918940477356836
1494
0.05766803006590244
1495
0.029441939081611003
1496
0.021221787323129973
1497
0.03379105569357266
1498
0.020746320287620516
1499
0.029152144548725674
1500
0.033560000628779736
1501
0.023767054472739267
1502
0.036109395521689486
1503
0.04481104511831659
1504
0.023607561860693405
1505
0.050432062725002044
1506
0.017148147697516866
1507
0.03088600399691124
1508
0.03936057829563071
1509
0.03593350668294169
1510
0.08099833850656814
1511
0.023064274678015965
1512
0.03919645084035904
1513
0.02784439538917363
1514
0.024474165518014547
1515
0.013480906498015649
1516
0.02435619827386772
1517
0.04092192242202464
1518
0.023235656893842417
1519
0.05550124359096984
1520
0.028601341905718263
1521
0.04746203623536849
1522
0.026100238399241502
1523
0.04823662932262085
1524
0.04273592408968016
1525
0.04619873815741138
1526
0.04312257808697276
1527
0.04522511603793436
1528
0.024220090879515918
1529
0.06949362705175904
1530
0.04345030540607988
1531
0.03808061855381213
1532
0.04084335080242193
1533
0.047152365583894074
1534
0.02755363953696812
1535
0.02657217752828155
1536
0.058763974615123254
1537
0.03651350547607109
1538
0.020227461555805848
1539
0.026534035497447966
1540
0.04236614022461206
1541
0.061931313611841024
1542
0.02761790714097705
1543
0.025540698504172742
1544
0.03239338861351408
1545
0.03821196587695376
1546
0.02988940449155773
1547
0.03646425385035446
1548
0.024449530092842172
1549
0.019027297231254788
1550
0.026705110438743376
1551
0.02028963839684918
1552
0.036828849362804665
1553
0.01964206524979619
1554
0.07708016580277123
1555
0.022193883470279435
1556
0.027911457165012796
1557
0.041359812573705905
1558
0.022883530984046798
1559
0.05673696580848389
1560
0.0329133076244225
1561
0.022152500048562684
1562
0.03288282485337043
1563
0.02470192146701948
1564
0.03210124546065958
1565
0.022385382148413725
1566
0.028590108841276978
1567
0.043714024229688245
1568
0.06382786641924221
1569
0.03576147327011099
1570
0.03406207216963769
1571
0.030142503925143414
1572
0.025778241920978606
1573
0.042087577811185745
1574
0.01866752231016791
1575
0.04637148236025556
1576
0.061976158655292886
1577
0.02600967046140305
1578
0.052541939441817335
1579
0.030719899113454213
1580
0.069456189891357
1581
0.032023582304241044
1582
0.03613185503318206
1583
0.039271091058748285
1584
0.04896103765739148
1585
0.056620826942450075
1586
0.02803916361261053
1587
0.024507926169247577
1588
0.029383451289693486
1589
0.0207486451135436
1590
0.04076675316780593
1591
0.020280295709550995
1592
0.033334844951160375
1593
0.028192776895007016
1594
0.09222298420464327
1595
0.013051900425603368
1596
0.027801730958120392
1597
0.025340867181001
1598
0.059937927238886274
1599
0.05756002628244062
1600
0.04970622438826581
1601
0.03968789286060684
1602
0.03924337703940491
1603
0.027625505110693047
1604
0.03254769107610449
1605
0.02418906885264318
1606
0.014845709914795804
1607
0.034090142002748264
1608
0.033841281173523814
1609
0.029590212636705783
1610
0.03123749072242322
1611
0.02048608349644639
1612
0.05619612060870082
1613
0.024756318574364063
1614
0.034157375939004885
1615
0.014316164868374484
1616
0.03529647012481505
1617
0.0566103952656202
1618
0.029022238434375125
1619
0.026326900292193676
1620
0.041962350488899465
1621
0.034805407155170595
1622
0.022969314923973642
1623
0.018928786316592956
1624
0.022918964291931538
1625
0.03411726961524284
1626
0.04042787894147566
1627
0.045616592501282575
1628
0.042822828185410944
1629
0.033027636492721245
1630
0.03282760951947738
1631
0.030723903565272003
1632
0.03870853286597086
1633
0.03763483311984224
1634
0.033602997290494235
1635
0.036208931244604385
1636
0.029769689860894556
1637
0.05469299507375369
1638
0.03117114129144286
1639
0.02730435435821744
1640
0.04174941906246205
1641
0.02948934958841673
1642
0.018447213588504093
1643
0.027060814954577482
1644
0.033776027074006613
1645
0.05419867532774402
1646
0.024043971726494657
1647
0.03448906071649318
1648
0.06385819897824979
1649
0.03488145587543509
1650
0.03502698000453513
1651
0.03259106978560065
1652
0.04019339541922679
1653
0.021391973716001125
1654
0.04647537987626674
1655
0.031049796244518337
1656
0.03309138856913623
1657
0.038811315971929904
1658
0.024484121697734982
1659
0.035039443270346374
1660
0.028827386730134984
1661
0.017719077995058112
1662
0.044171461378897214
1663
0.04660557488568902
1664
0.03646417918285105
1665
0.04470581466849034
1666
0.018051867653800603
1667
0.05875248290714169
1668
0.021282719915076593
1669
0.036218507127034116
1670
0.022772774370040157
1671
0.024414594067900298
1672
0.05275095124259232
1673
0.03072857188111991
1674
0.01717694135338822
1675
0.03930933696563818
1676
0.02488077563883388
1677
0.047626860256978355
1678
0.03449795997742433
1679
0.0337396149834947
1680
0.04317534645692236
1681
0.0353788015289793
1682
0.07555038588025337
1683
0.03638772461624855
1684
0.028732288769673958
1685
0.03420587147965877
1686
0.03245176896162384
1687
0.03345946640552321
1688
0.03361032485389641
1689
0.0611455040586426
1690
0.023303595111625827
1691
0.07081575037236178
1692
0.04518715469134302
1693
0.01936549991822586
1694
0.05392174220195191
1695
0.043903598273985565
1696
0.03539526551856532
1697
0.03726827045508518
1698
0.048786971670618365
1699
0.021264116008678148
1700
0.049516629634266104
1701
0.026916087957580766
1702
0.05738867105092748
1703
0.03222684813856203
1704
0.03151261243140586
1705
0.055353073453729466
1706
0.026853792516267915
1707
0.03921344918139983
1708
0.030523573669716402
1709
0.01742675034252543
1710
0.030927419165445523
1711
0.038905922629180696
1712
0.06802471121704567
1713
0.020861613581260267
1714
0.05457262309427106
1715
0.05912902695943065
1716
0.04226908709667677
1717
0.0161319271277953
1718
0.03800762324332115
1719
0.03342210526519755
1720
0.03032219287889032
1721
0.05586722007502409
1722
0.04736173308820162
1723
0.04733755080324473
1724
0.028642376961757626
1725
0.03940987820576725
1726
0.049047473357449384
1727
0.026094415646266314
1728
0.021226175380224414
1729
0.042552467139985534
1730
0.031522729881849995
1731
0.02508918312942673
1732
0.04361859122054512
1733
0.03722078019741847
1734
0.059164729256809837
1735
0.024987433475259044
1736
0.03692854496977086
1737
0.021260035944469093
1738
0.051597821428611704
1739
0.014896261534585504
1740
0.022625217347855737
1741
0.04028699745605499
1742
0.026162915376358967
1743
0.02401176321765668
1744
0.03136272220079984
1745
0.06152671687676646
1746
0.05670583839232553
1747
0.030202842024551275
1748
0.09092686769151163
1749
0.049624607509021396
1750
0.014842281265915795
1751
0.03927909746864397
1752
0.026644927724836752
1753
0.0447252971608603
1754
0.01414703365576809
1755
0.05198754151498971
1756
0.029640404337194122
1757
0.0765371632512757
1758
0.01989698752983351
1759
0.029328746003574883
1760
0.05716132983084763
1761
0.026654485885044196
1762
0.01792059150800434
1763
0.046822955963322255
1764
0.028999556098744567
1765
0.031478080558966136
1766
0.027759541899057768
1767
0.03392178834457451
1768
0.033927661191577356
1769
0.04052947618841248
1770
0.04619607734554417
1771
0.04751365030598816
1772
0.04694745606839131
1773
0.021428758517072388
1774
0.03951979092563747
1775
0.025839688413470712
1776
0.023050265463819445
1777
0.030471909316057248
1778
0.06488278899985889
1779
0.0367452944131657
1780
0.039798899618971095
1781
0.025155209545230248
1782
0.04302088544820298
1783
0.05752941440750446
1784
0.019424440918107903
1785
0.059204695482692464
1786
0.07706014173560466
1787
0.0187032469552617
1788
0.059079146352571166
1789
0.028365182147114136
1790
0.07419990227175254
1791
0.050561495989641374
1792
0.022242715733050082
1793
0.04078559366650386
1794
0.04241114380884867
1795
0.023243420492357513
1796
0.018867180606874014
1797
0.020429362381846082
1798
0.04249626199753928
1799
0.048268004663473515
1800
0.04338815648573484
1801
0.05728180570783505
1802
0.03262655740088503
1803
0.05500351100441385
1804
0.03697349780790852
1805
0.03151595016203959
1806
0.08626667472913803
1807
0.024093290215736703
1808
0.046996152863294505
1809
0.02868411603936773
1810
0.02024756687958162
1811
0.046890412662297064
1812
0.06666459253228009
1813
0.02486080656469074
1814
0.04008833495741575
1815
0.021577593627882932
1816
0.029899448852351768
1817
0.06439888188479811
1818
0.03030674857554807
1819
0.06300693847387985
1820
0.044363165992980666
1821
0.027462894763026567
1822
0.04347468463633296
1823
0.03075363178313102
1824
0.019571782228060185
1825
0.030677757358751452
1826
0.03308623821589151
1827
0.03542669244918049
1828
0.026420779412642453
1829
0.034438794154182883
1830
0.036315514345628463
1831
0.07680431647263494
1832
0.04747984838090323
1833
0.08775203440873307
1834
0.04699676404866391
1835
0.0373570766758401
1836
0.04314389476972415
1837
0.06040495105777265
1838
0.04057329208474648
1839
0.016290527112170362
1840
0.0253962853158904
1841
0.036426856089827334
1842
0.0694514643474868
1843
0.03282684459471377
1844
0.01790035394569636
1845
0.03956727277803149
1846
0.0358794316846571
1847
0.047534038925606384
1848
0.036459688551141664
1849
0.023668811984173806
1850
0.023309837616758686
1851
0.028880597082804098
1852
0.029044289583169267
1853
0.04882998424868728
1854
0.01786362515837458
1855
0.03506220971067668
1856
0.025978674419781148
1857
0.036247593235530846
1858
0.025015934437336507
1859
0.02531870037259518
1860
0.04382159429696329
1861
0.035380577909574225
1862
0.019239650582950744
1863
0.0375100616687793
1864
0.056082086188248316
1865
0.013518265104969092
1866
0.036223063084589356
1867
0.050509977280461166
1868
0.05106223205946385
1869
0.03395065223201499
1870
0.028288332401227474
1871
0.024538036602262368
1872
0.049714122551473845
1873
0.046291454080432094
1874
0.0427576306281673
1875
0.039397548033838256
1876
0.047247343698514604
1877
0.03734626464698458
1878
0.029884284562495315
1879
0.03298553854565492
1880
0.02932947709298841
1881
0.024599263337637414
1882
0.019619177047103892
1883
0.04536222934353334
1884
0.022087156454163794
1885
0.02712899899189393
1886
0.03840485914424774
1887
0.06553859872852592
1888
0.023844614902091128
1889
0.024408953770153168
1890
0.039163043503070066
1891
0.0636465560798476
1892
0.04814243045369109
1893
0.07798933149629345
1894
0.023643499574631747
1895
0.017393543753205763
1896
0.043683922771941004
1897
0.01624942035983879
1898
0.039614113669987176
1899
0.025252646028585766
1900
0.046464795244617725
1901
0.037567249956993586
1902
0.015861918964531485
1903
0.02690583984158811
1904
0.03604868987295251
1905
0.028934365368731244
1906
0.03127402305562394
1907
0.03871776411678027
1908
0.05642142322048043
1909
0.02493411202172346
1910
0.02257895722724058
1911
0.0265273182300054
1912
0.019626007573877186
1913
0.01970302184039769
1914
0.03541478750695332
1915
0.030191794334180587
1916
0.027646064995633022
1917
0.026692052220696077
1918
0.02510622870322598
1919
0.02609987192008133
1920
0.023712538716467977
1921
0.058191757474157654
1922
0.025227538876859985
1923
0.04000744587912049
1924
0.025185331645618463
1925
0.033754887285449044
1926
0.03107141960567848
1927
0.027652891443295666
1928
0.03890501128886915
1929
0.022008866473279723
1930
0.044375482659995906
1931
0.03235602180931484
1932
0.0261772989019084
1933
0.03926579400985474
1934
0.031590240411535186
1935
0.03741399523149064
1936
0.029349100548636497
1937
0.038739585390366614
1938
0.017990089159994914
1939
0.020133448646252126
1940
0.0349479749895907
1941
0.049253976390073145
1942
0.014215944904906045
1943
0.02393770373933389
1944
0.03214557633743589
1945
0.021419479985703045
1946
0.02424384375566138
1947
0.030905694047378977
1948
0.02988822626513948
1949
0.023362164181583996
1950
0.044106592373897975
1951
0.047151084621152646
1952
0.028365978166077048
1953
0.03053512050374386
1954
0.01630806880739225
1955
0.014760859661385396
1956
0.023416323997345726
1957
0.06962910306787339
1958
0.024874871282693452
1959
0.052396260508636515
1960
0.023300958282001332
1961
0.031927219014632226
1962
0.03215308233360022
1963
0.03596163227898255
1964
0.021889174414576083
1965
0.03225682027437876
1966
0.028824437125265542
1967
0.033846912259082186
1968
0.018491984170161745
1969
0.06294213025852409
1970
0.0488733700190952
1971
0.04112206867597084
1972
0.023782803845762084
1973
0.036086506756156184
1974
0.03872239946634393
1975
0.030731466372224524
1976
0.04295820944115712
1977
0.07529690745102677
1978
0.04980913257302388
1979
0.03363571603014602
1980
0.027191716322926655
1981
0.02907531330229628
1982
0.03727499506731625
1983
0.02707080818273806
1984
0.040419570947774645
1985
0.035607163959565
1986
0.04550314761329695
1987
0.039390214148324006
1988
0.026517027115944686
1989
0.027817155247288016
1990
0.017177303533666213
1991
0.02218456582718398
1992
0.03705383769957223
1993
0.0350251758150247
1994
0.026509945223314808
1995
0.05109049805340866
1996
0.03398078895875013
1997
0.02933115820468196
1998
0.045000733027172765
1999
0.02681470138132209
2000
0.02533412850218206
2001
0.04018921023967245
2002
0.035393149745161695
2003
0.028320157905742497
2004
0.0492820089730435
2005
0.02032304675916693
2006
0.025115793346688852
2007
0.033685008768498385
2008
0.022866876400195104
2009
0.018678400281188386
2010
0.08443392110236007
2011
0.02421795436940894
2012
0.021382969572177602
2013
0.014084552838630313
2014
0.05064988016168041
2015
0.07123446622331299
2016
0.03828909006396278
2017
0.046986422275538106
2018
0.017256498156396037
2019
0.031148624602641076
2020
0.04217522197859803
2021
0.05607199212024599
2022
0.03137330908668052
2023
0.028702955098495648
2024
0.032191529109172674
2025
0.017839756221265934
2026
0.057691024014814914
2027
0.057976145952178745
2028
0.06961856737338552
2029
0.03065699074607258
2030
0.031193380429807373
2031
0.05476551153701839
2032
0.030942505646793256
2033
0.05393436762817053
2034
0.037051655317257834
2035
0.03564466223413122
2036
0.040197929856109205
2037
0.03491638652325672
2038
0.028722835893680285
2039
0.023154572341785595
2040
0.014949629497794607
2041
0.023480283525821995
2042
0.02081197386692518
2043
0.04286343768714726
2044
0.02877179773793388
2045
0.0298091192880622
2046
0.03521239392833293
2047
0.05253237197831085
2048
0.031746419887207195
2049
0.022992762085069295
2050
0.05236088786651552
2051
0.04010767681076706
2052
0.06969352664233071
2053
0.07327158741017756
2054
0.023038168301275697
2055
0.04269022785288705
2056
0.03283991040008766
2057
0.014058035828972453
2058
0.025034053780987834
2059
0.028936018497074726
2060
0.01837879595925949
2061
0.03765549600472488
2062
0.024765405821398894
2063
0.033481602454892075
2064
0.04515542419578458
2065
0.022749847539327406
2066
0.0726841374391092
2067
0.020579632185394218
2068
0.03738909820782873
2069
0.026275537785359154
2070
0.04569661235365662
2071
0.0543600501533831
2072
0.03637141171885653
2073
0.017097261113484093
2074
0.017525281375878218
2075
0.034399639749598594
2076
0.019575637405014883
2077
0.06682875034436203
2078
0.028736681049420162
2079
0.07357384129215745
2080
0.046588768487226866
2081
0.06638752268886511
2082
0.04345561681925002
2083
0.05351112952945605
2084
0.016699726271331254
2085
0.023068830174741956
2086
0.025635607471402547
2087
0.06715031064900696
2088
0.03532666092748667
2089
0.039067520318372045
2090
0.02717044859132228
2091
0.05713931334487333
2092
0.06472267427481206
2093
0.03399644892446756
2094
0.019613714703711822
2095
0.023395760333411012
2096
0.024777484810126208
2097
0.05062924141927979
2098
0.035571138250151346
2099
0.02213683676511343
2100
0.04891482424443227
2101
0.024145924123390877
2102
0.03004373951934893
2103
0.015265537335897746
2104
0.03695275673580326
2105
0.024352405676467653
2106
0.03290853488083423
2107
0.031349469036155014
2108
0.02301602826568084
2109
0.04290579641928893
2110
0.06659175822823055
2111
0.03172820039681968
2112
0.02739771744992889
2113
0.055254804381609714
2114
0.039072166598328614
2115
0.045270432238119516
2116
0.08544786607456423
2117
0.024208239404023526
2118
0.08881555193646835
2119
0.03730682399934607
2120
0.024035801820627586
2121
0.02629682334729278
2122
0.035871721704624486
2123
0.023834129091604723
2124
0.042666451451362906
2125
0.03821256490775047
2126
0.019574883446883944
2127
0.0343903239704067
2128
0.019649053501757507
2129
0.025139583184388484
2130
0.03652628787108695
2131
0.023564702646298726
2132
0.03653632646568855
2133
0.02809049755136298
2134
0.033268866136877975
2135
0.03345186363615278
2136
0.035987156066811674
2137
0.019700056324357874
2138
0.028295091172832684
2139
0.03295587130672981
2140
0.015708032404363952
2141
0.018041196520773132
2142
0.02611576120691886
2143
0.042944905431707474
2144
0.019392908850263332
2145
0.015871115745443122
2146
0.10636054060786285
2147
0.050971137905218795
2148
0.04322799835636772
2149
0.031039055076572824
2150
0.07046053760642045
2151
0.03299411774211628
2152
0.0391269397181851
2153
0.023293529065803283
2154
0.022758165811635356
2155
0.03462637165706197
2156
0.026770861837081966
2157
0.01475145613083196
2158
0.027474437595944735
2159
0.024170827579316267
2160
0.025395104373460528
2161
0.027072526277901958
2162
0.024607267393162838
2163
0.028528414150797144
2164
0.025638432047268365
2165
0.053568250601173296
2166
0.03291856852379899
2167
0.04980409671919878
2168
0.03277810152283866
2169
0.024425429836115696
2170
0.026702725328603318
2171
0.04193368253907543
2172
0.021718266070406896
2173
0.0433671282974853
2174
0.058929004584751754
2175
0.016755583491502055
2176
0.06901515792955898
2177
0.025030657717669255
2178
0.05637201599354948
2179
0.06357340874393604
2180
0.021825276278040505
2181
0.06382321088818674
2182
0.019659086120374623
2183
0.04351841087893503
2184
0.03156452384739234
2185
0.03217292413414812
2186
0.029654874987273105
2187
0.03920570167438609
2188
0.033540114533456136
2189
0.03410951692198242
2190
0.034235253793013024
2191
0.05282064289062096
2192
0.023193097452853195
2193
0.018728952084160092
2194
0.04862124777776707
2195
0.04316332429739858
2196
0.034884194771996
2197
0.026653722889328824
2198
0.047390508072295744
2199
0.021101686857283152
2200
0.026058789466393062
2201
0.05105200162537682
2202
0.04239336422127589
2203
0.028130839097315504
2204
0.042724702293969644
2205
0.10425802006072356
2206
0.04016074461250861
2207
0.10134748127947732
2208
0.03983961567790451
2209
0.02281186293698328
2210
0.028377385626399625
2211
0.035435404813224596
2212
0.04640513839402852
2213
0.026634476317221503
2214
0.03672961143278943
2215
0.023133546227534024
2216
0.06215576477482221
2217
0.018284411271761277
2218
0.018841814085775604
2219
0.02799009415453418
2220
0.01727166795423696
2221
0.03308254189688294
2222
0.016072749297369536
2223
0.01467256479040539
2224
0.04645008180988917
2225
0.02360231787471551
2226
0.041381538541964746
2227
0.043004409217398565
2228
0.016198781291218316
2229
0.04816492830320666
2230
0.032074488740893074
2231
0.01695317536276558
2232
0.029808558343561675
2233
0.04035000156148859
2234
0.0304616638626072
2235
0.030209973281991133
2236
0.04678211777192323
2237
0.044356236312457525
2238
0.026466867649855164
2239
0.04975449772303129
2240
0.025109641109341253
2241
0.023753972646610437
2242
0.06515725879222528
2243
0.05429103035053775
2244
0.024545742199723313
2245
0.07964988810033213
2246
0.024037039644887855
2247
0.026506288011922067
2248
0.03859215324611655
2249
0.0211577648409054
2250
0.0379497948661292
2251
0.014994272689433348
2252
0.026597899995438698
2253
0.04219480850895554
2254
0.036221334143317886
2255
0.023369050245753833
2256
0.039574243987083826
2257
0.01665673172102916
2258
0.038470057038025834
2259
0.02788686011464671
2260
0.02595051514655439
2261
0.036389835595640865
2262
0.05424574614473818
2263
0.05821462963564809
2264
0.02344665967833563
2265
0.05491824628673829
2266
0.02748721013094696
2267
0.04476694129232648
2268
0.03528318672165469
2269
0.03530427699479059
2270
0.05121053309320686
2271
0.047183440573305334
2272
0.041377963483117154
2273
0.027891606703182515
2274
0.025174374599362562
2275
0.04184853857084119
2276
0.028842881209864033
2277
0.025146353009577165
2278
0.04712708502051311
2279
0.017844155990353678
2280
0.030801131790225
2281
0.02522773813005642
2282
0.0775464697587839
2283
0.021575417461216786
2284
0.03557529789081912
2285
0.042988733291923445
2286
0.03563793260134122
2287
0.05802887831750046
2288
0.024632715401118922
2289
0.042784325476481457
2290
0.02540466933776638
2291
0.03939206680817861
2292
0.04095113384306056
2293
0.03588053522905713
2294
0.06844395495906143
2295
0.04352951516721821
2296
0.027609632904139016
2297
0.1296609573854792
2298
0.044158338363699416
2299
0.05448511604567642
2300
0.023171072055451703
2301
0.024346163476823758
2302
0.03778159657020418
2303
0.034535131565830206
2304
0.018328732974401504
2305
0.028638728406433923
2306
0.029089632597280816
2307
0.024892695298981214
2308
0.03324075219099678
2309
0.024736443822387783
2310
0.04165217992288667
2311
0.037568623746450876
2312
0.02720795094548595
2313
0.025309408771994227
2314
0.04241254746411396
2315
0.04163594398251092
2316
0.025355844185946354
2317
0.03895724542020224
2318
0.04591180927618049
2319
0.1468318655196841
2320
0.03348228938938943
2321
0.027633369887955662
2322
0.03464651175552764
2323
0.021400650210120956
2324
0.01913871551616012
2325
0.041430921756125255
2326
0.031523554119916156
2327
0.0371421184228118
2328
0.016607059022325746
2329
0.03536084974917352
2330
0.02860748712259825
2331
0.023655150320878077
2332
0.04520991857805051
2333
0.035845127052227865
2334
0.04461743845393873
2335
0.049684119140384744
2336
0.035279828099900455
2337
0.020365102896811215
2338
0.017827517931017303
2339
0.03738445744605812
2340
0.022722061326737736
2341
0.04143336584709093
2342
0.050906341290927325
2343
0.03716147820465553
2344
0.04981805547096809
2345
0.03842303211774904
2346
0.02299273415999592
2347
0.06540138261362913
2348
0.022844730840559182
2349
0.03205638003220264
2350
0.01948707108442315
2351
0.027529233170024286
2352
0.02713485935545542
2353
0.040775834142256426
2354
0.03759882771945627
2355
0.04089853277032298
2356
0.045144238843809394
2357
0.020433663531133926
2358
0.018588510912030915
2359
0.05423424456245733
2360
0.020914035691969052
2361
0.030399012817132583
2362
0.024254713921127484
2363
0.032013823981814016
2364
0.029549504715408594
2365
0.02667669401739215
2366
0.04822993829158969
2367
0.020887698851422058
2368
0.06563283256767564
2369
0.03456821515466068
2370
0.032916100153298634
2371
0.04896354640200747
2372
0.0577547172799713
2373
0.03537283153189939
2374
0.05510797996783903
2375
0.04815948433567257
2376
0.02933584687613554
2377
0.029872891998572702
2378
0.04284077816781731
2379
0.016218514018447063
2380
0.01976769169257864
2381
0.03573966815866309
2382
0.015806231568674407
2383
0.08025304078554403
2384
0.021867408452862076
2385
0.04358278042196212
2386
0.03562109893632415
2387
0.022366118115330513
2388
0.02765161773055289
2389
0.07173571013549243
2390
0.029539854709659807
2391
0.03116588598356597
2392
0.028184775347647115
2393
0.04017145913065016
2394
0.021391680359047982
2395
0.041481045270902815
2396
0.04452216503842144
2397
0.019287280054584174
2398
0.028087793472464942
2399
0.044123923660487785
2400
0.04521716869296929
2401
0.050917199430786084
2402
0.023540164574550517
2403
0.018415009956087632
2404
0.02180192708092248
2405
0.04093147361960052
2406
0.045385542161608484
2407
0.030453745147998174
2408
0.04113978668803065
2409
0.039553845355980936
2410
0.019343575025956097
2411
0.019057548173880022
2412
0.05678144903054756
2413
0.024448849072494335
2414
0.03560445721411855
2415
0.028248911645297435
2416
0.031048114984061802
2417
0.02637299658454189
2418
0.04041457912259153
2419
0.018427646502870855
2420
0.02895808366764063
2421
0.02462378983675049
2422
0.05194226058852222
2423
0.022924193477988117
2424
0.033103068495259895
2425
0.02640264618373627
2426
0.027122030700828904
2427
0.034412866517466334
2428
0.03166973131753628
2429
0.05100636384737097
2430
0.04940384925427074
2431
0.03934294777065161
2432
0.04726311413202554
2433
0.034853323028096246
2434
0.03916006435697476
2435
0.08440794715664067
2436
0.04079040476958203
2437
0.02619307632890459
2438
0.02594769038218852
2439
0.01540187975596227
2440
0.038998419491110874
2441
0.0485657826007126
2442
0.02807458627667247
2443
0.05414363529849115
2444
0.049099033561887204
2445
0.05702404949577621
2446
0.06482555635817405
2447
0.04484498457787358
2448
0.025866040629244247
2449
0.016983327615604494
2450
0.0824030377054249
2451
0.028787320752994602
2452
0.05046231598904628
2453
0.0376808029841231
2454
0.03920958926738847
2455
0.018944515074951252
2456
0.02652193791200726
2457
0.0317581822483499
2458
0.02647122906768411
2459
0.025366919107321223
2460
0.023511775213368565
2461
0.01734714530470705
2462
0.02141800772650753
2463
0.04557225385505406
2464
0.039395404873678576
2465
0.03274399169633459
2466
0.031535114199737375
2467
0.0233443736979811
2468
0.03498313952866971
2469
0.03657722295687138
2470
0.02125611485475151
2471
0.027498908885728875
2472
0.053181584155321565
2473
0.05426189808510728
2474
0.0456307573388642
2475
0.025489524007827506
2476
0.04525612192712124
2477
0.03272334445359046
2478
0.02799851558107954
2479
0.03238992350812525
2480
0.014279850066216068
2481
0.019972261638806072
2482
0.042954417892872174
2483
0.03602367569843216
2484
0.024343983381327868
2485
0.049084784918347384
2486
0.05284446286601434
2487
0.02078390846720568
2488
0.0386888263867367
2489
0.02206758872966703
2490
0.029772870414169445
2491
0.032100591429933614
2492
0.04003141916656824
2493
0.02557406156115333
2494
0.031963172961507635
2495
0.03478906458041069
2496
0.03340166112343506
2497
0.027596163272042222
2498
0.0334934133717902
2499
0.07056991067482707
2500
0.03511292904296267
2501
0.02166627694653755
2502
0.05079575955551137
2503
0.054426258524228374
2504
0.052482627537438424
2505
0.029020528069351518
2506
0.024666254895209152
2507
0.028632689035778067
2508
0.029363807269554527
2509
0.03417093197180421
2510
0.013969166249687687
2511
0.05592531931542765
2512
0.03602530006732366
2513
0.06951866026465818
2514
0.047383099259210505
2515
0.03591160396598465
2516
0.07378474497118404
2517
0.041274270824351596
2518
0.027513736497699365
2519
0.04690932555072233
2520
0.03787429847133725
2521
0.02093340568558335
2522
0.043841830483788584
2523
0.027335423748658428
2524
0.022328107139872606
2525
0.03193337060252506
2526
0.020599824133003326
2527
0.03399006578162233
2528
0.01909485895257567
2529
0.04440031116116096
2530
0.05521952033226061
2531
0.04094252427189993
2532
0.051262436978535275
2533
0.0693413627022125
2534
0.03256059751017156
2535
0.03906412775221339
2536
0.030020111776155045
2537
0.023001575434014092
2538
0.026267353966181427
2539
0.015984277460445097
2540
0.03516492979404977
2541
0.02530010042550004
2542
0.046597878510666366
2543
0.021693693929156776
2544
0.061259351030744646
2545
0.02700333097583331
2546
0.03942394904282998
2547
0.01734459273323278
2548
0.03448711840806864
2549
0.017639149343194098
2550
0.04036341178707665
2551
0.023873973753384507
2552
0.05065893398477816
2553
0.07604824886831404
2554
0.04232891298495178
2555
0.03662489534655276
2556
0.03625018713039493
2557
0.0970417920877802
2558
0.04220632572160386
2559
0.05181973078999772
2560
0.03738320204817868
2561
0.027072949145111897
2562
0.04648640231814805
2563
0.020464914153920766
2564
0.021523336809857012
2565
0.08617119582595824
2566
0.028538893069998083
2567
0.018004331708929885
2568
0.06615736271892614
2569
0.021969950792915825
2570
0.025594534429220727
2571
0.06734197732930046
2572
0.046582473746227045
2573
0.05640539693172076
2574
0.036480650141275536
2575
0.03525098669478486
2576
0.04575771878164071
2577
0.022656911411770037
2578
0.07225486158192258
2579
0.022453288417883036
2580
0.08815062448469774
2581
0.023034117849726272
2582
0.014934495063648254
2583
0.024198270184645095
2584
0.040979019557659827
2585
0.03217668942883221
2586
0.059411611439564395
2587
0.04678999722654759
2588
0.03454507337313922
2589
0.031522823715443266
2590
0.04205026798753524
2591
0.039369094970766697
2592
0.026050718164094214
2593
0.02478341976414056
2594
0.044441713922699674
2595
0.022651109738027076
2596
0.03880515855246786
2597
0.028825895070084057
2598
0.0680309326962089
2599
0.022931413200396527
2600
0.030253596523650474
2601
0.030753666126299678
2602
0.03526346441687619
2603
0.03811278183316757
2604
0.02769022307702359
2605
0.04090928583149404
2606
0.02720290495506314
2607
0.039418967884172824
2608
0.036346247999977994
2609
0.02263636194742032
2610
0.02184282722455012
2611
0.07504544355702275
2612
0.02891620776936798
2613
0.04696262643308542
2614
0.015259878630569048
2615
0.03653200702002325
2616
0.021339760365371926
2617
0.02415706442264764
2618
0.03279312506832865
2619
0.04921240126969254
2620
0.052093683245196504
2621
0.02810979858243665
2622
0.01836860407313405
2623
0.03885289972459979
2624
0.049333535912773174
2625
0.030922753658221044
2626
0.02389780856880093
2627
0.026580894457341898
2628
0.03414284919540621
2629
0.020433324559594946
2630
0.07365567710724831
2631
0.020232893971265993
2632
0.02431531247185179
2633
0.03749238582798851
2634
0.036412206154368965
2635
0.07573393052325339
2636
0.0321537801468453
2637
0.047794117391121105
2638
0.05239771328699346
2639
0.0384054292501191
2640
0.024187582501855383
2641
0.0898528652469504
2642
0.036881633243343974
2643
0.026237377687583868
2644
0.03381414475488973
2645
0.02732162729572504
2646
0.031116811954670733
2647
0.028674878258650643
2648
0.033372797927144295
2649
0.05556507478771994
2650
0.06794928187457164
2651
0.028952980127822426
2652
0.04166196568444767
2653
0.04417625475932045
2654
0.023325050727331927
2655
0.014146617531313797
2656
0.051437855717387626
2657
0.02040745535159346
2658
0.021857600816971707
2659
0.048039383515653525
2660
0.016746838603823103
2661
0.03283844663080311
2662
0.026905080241989152
2663
0.056405050031312916
2664
0.024478405786986443
2665
0.09447385137133574
2666
0.08574307071190401
2667
0.03800346849736151
2668
0.021331576969676764
2669
0.020479123083079177
2670
0.021868195910825425
2671
0.03495926674127241
2672
0.04381382863243621
2673
0.042687384319356654
2674
0.03452481777374517
2675
0.030460603117694017
2676
0.038334913512253134
2677
0.02731622001793233
2678
0.024989595904087128
2679
0.02916944505513217
2680
0.03015893059898637
2681
0.027718966509766005
2682
0.024317978394811864
2683
0.04364585707971371
2684
0.028101061198811117
2685
0.03869612390822628
2686
0.02503413439583692
2687
0.03367874501149129
2688
0.03716536549605435
2689
0.065033412636777
2690
0.030101558142209387
2691
0.04294687196794369
2692
0.029784384592691098
2693
0.03160553259534772
2694
0.035784290642817955
2695
0.030533140350982094
2696
0.17473206613334702
2697
0.03360536439775374
2698
0.040269194791511094
2699
0.023800711186791296
2700
0.03015860625876541
2701
0.02929259361563591
2702
0.0495948159707761
2703
0.021639765692641127
2704
0.02634626473782822
2705
0.026033371722887524
2706
0.07238204339797763
2707
0.07086399974463724
2708
0.027317111147466544
2709
0.019091208220541177
2710
0.016568542666538337
2711
0.05669083557899149
2712
0.017991133381786737
2713
0.024439005666933557
2714
0.05335896976525429
2715
0.05993102247452494
2716
0.028933323440240317
2717
0.021914606502182597
2718
0.020104933207313474
2719
0.03055519649071136
2720
0.02543296382207525
2721
0.019434037023456936
2722
0.03833446551474604
2723
0.12010402929818907
2724
0.016477628358246975
2725
0.03354941583600737
2726
0.027163553015921663
2727
0.04371367594732257
2728
0.028444867962682745
2729
0.04581508564996998
2730
0.027420695858328056
2731
0.02962968671601946
2732
0.018665172874276378
2733
0.02794115613535696
2734
0.04935796841382742
2735
0.02313361585747798
2736
0.04658513369613793
2737
0.035918591010303105
2738
0.04312880133997943
2739
0.052959885874227175
2740
0.0326342148123095
2741
0.028253927821569866
2742
0.03122515642616274
2743
0.042982356444597226
2744
0.037800891849939865
2745
0.03405910150423829
2746
0.028083201714383124
2747
0.033505886003091706
2748
0.023339559105861035
2749
0.017593417109310262
2750
0.0213351278988296
2751
0.034921975151193656
2752
0.04156340724774307
2753
0.03842149978705325
2754
0.02829177758856541
2755
0.026440899743607357
2756
0.017535198472809967
2757
0.027451522976372232
2758
0.03442425769274853
2759
0.036113495048302524
2760
0.0214349126451648
2761
0.022877261650726947
2762
0.02300331831872752
2763
0.03107612153844431
2764
0.02061441901712669
2765
0.03077382043724779
2766
0.0261594926650131
2767
0.03345204886848103
2768
0.10208012293942681
2769
0.1264636453236452
2770
0.022924893412922816
2771
0.04298644748444292
2772
0.04700795244228961
2773
0.03240904558116997
2774
0.02825722898142936
2775
0.03764244291233462
2776
0.030338884572558792
2777
0.02340290400913717
2778
0.050326891925506684
2779
0.022771824461963967
2780
0.05876270656483059
2781
0.026764545383735183
2782
0.03337122813922903
2783
0.02245560045998468
2784
0.04483217749948499
2785
0.024909993720895328
2786
0.03764063549725811
2787
0.07717541026208094
2788
0.03027074688764303
2789
0.02855023875317804
2790
0.031164831556326676
2791
0.05007535734374129
2792
0.04540163868675256
2793
0.020556060360735012
2794
0.022360131341555546
2795
0.028688485013009198
2796
0.017082945752161693
2797
0.03034261497217766
2798
0.03416576971208898
2799
0.029567039288108814
2800
0.04567506689495138
2801
0.1371911332196907
2802
0.0358365589067583
2803
0.03547130082021912
2804
0.03743166249750643
2805
0.023092337739905693
2806
0.03969339479868691
2807
0.026643075307966477
2808
0.04280147042902254
2809
0.04002714769002556
2810
0.041733150748458354
2811
0.05209931667413515
2812
0.018994619040266357
2813
0.02176133695678941
2814
0.03984412565941184
2815
0.03041790570856477
2816
0.03036300726830852
2817
0.01352027321848962
2818
0.03258844291445773
2819
0.01984910469794726
2820
0.02682809629083414
2821
0.025777310027591753
2822
0.02333366206225499
2823
0.04874046141957684
2824
0.025186737993564707
2825
0.020035839347750575
2826
0.037224458735603316
2827
0.05629037069701615
2828
0.03465224624539624
2829
0.017945526004777595
2830
0.036283959847845715
2831
0.02327714437468791
2832
0.03997460313966133
2833
0.03182810025864296
2834
0.03617597499791437
2835
0.033256562091618445
2836
0.023462182212123976
2837
0.04825875667993938
2838
0.04469953664803991
2839
0.0334211541107429
2840
0.022485165994628235
2841
0.025025736056825138
2842
0.030704580969722246
2843
0.02339289869950224
2844
0.040374565717399835
2845
0.02738537927284471
2846
0.03926627515974257
2847
0.034059800878648856
2848
0.029295861590734225
2849
0.030902192674030698
2850
0.03219705422837288
2851
0.030284967984489295
2852
0.02145323369150686
2853
0.02619540672140775
2854
0.07256378561700252
2855
0.05948710303970226
2856
0.032065885354520436
2857
0.048061361915658025
2858
0.018711429347513336
2859
0.03042148374139413
2860
0.03598969613420544
2861
0.028700600515747864
2862
0.02769657810959414
2863
0.03797175364825517
2864
0.028814213207718375
2865
0.030498814897036527
2866
0.041585838825522775
2867
0.03479298881663467
2868
0.03733172941793679
2869
0.02633941948048932
2870
0.03886267894117688
2871
0.035619940323782046
2872
0.01934531192959182
2873
0.026130377011166533
2874
0.02005343896501369
2875
0.026670487985462954
2876
0.034609975123522874
2877
0.027254191945309
2878
0.016378498511183854
2879
0.036684834233035944
2880
0.02867109656648931
2881
0.03594347397302156
2882
0.039734465337853984
2883
0.052823222490604324
2884
0.02346244225202273
2885
0.024121809697832185
2886
0.02554182383540868
2887
0.024875455374255083
2888
0.018831881844554414
2889
0.027018090071789652
2890
0.031153758969369193
2891
0.03583433631100546
2892
0.03237944905442264
2893
0.03415688389214398
2894
0.0268832790039274
2895
0.03785766770964771
2896
0.03374938809673334
2897
0.03420981761585627
2898
0.04253243025920502
2899
0.016362137848274165
2900
0.053965720962259524
2901
0.04266728926970612
2902
0.03686444926004758
2903
0.035984904130957486
2904
0.038669597338420285
2905
0.0628447065850046
2906
0.04788197824359402
2907
0.022758098182769516
2908
0.027355487025830728
2909
0.054229956121265174
2910
0.039653724793211505
2911
0.01725396147143322
2912
0.0406016900761132
2913
0.03257033826226362
2914
0.032354628818722704
2915
0.0605067169666741
2916
0.031272493772036336
2917
0.01792144365833312
2918
0.08195290669487224
2919
0.027483717231081697
2920
0.027447446898077214
2921
0.03388353885805721
2922
0.045800624881733386
2923
0.021918268519801217
2924
0.026963854548914496
2925
0.04385925038538131
2926
0.03194386317704949
2927
0.059857422212824335
2928
0.04803237470193835
2929
0.0477054497760222
2930
0.027144939930837688
2931
0.02758233176895257
2932
0.028966352145743578
2933
0.032359179320584575
2934
0.03773045461192108
2935
0.026572601042240983
2936
0.0321771045340607
2937
0.05840058199716348
2938
0.06003748991992525
2939
0.023235996281280927
2940
0.02640386176107697
2941
0.04334059745091505
2942
0.03311120795410638
2943
0.031012601855194364
2944
0.0326626906391345
2945
0.019167657180829703
2946
0.03290777391605621
2947
0.030142401836932047
2948
0.024148303560714908
2949
0.03335526189676765
2950
0.02819451799412551
2951
0.02685144530342218
2952
0.030346870419345834
2953
0.036245292484565025
2954
0.029825237838777243
2955
0.03121840740054691
2956
0.06361550827508874
2957
0.020479043857406235
2958
0.05249787153246687
2959
0.04493100036119313
2960
0.017966694058145136
2961
0.026137686469591505
2962
0.01936238345372121
2963
0.03507646423534258
2964
0.04786083707865066
2965
0.06052319803133769
2966
0.01837615919856912
2967
0.02894851025699433
2968
0.052558821916385313
2969
0.04222324728902943
2970
0.026458035889326145
2971
0.03829980934356412
2972
0.02606218141786732
2973
0.02342814901168016
2974
0.05982173446598722
2975
0.04398732073480134
2976
0.050015795795832846
2977
0.022318747408667787
2978
0.03555995119325109
2979
0.025727388581747376
2980
0.04052407941870675
2981
0.019020834673234652
2982
0.02924473901916006
2983
0.040393061056878045
2984
0.03222099044731288
2985
0.023813843838092746
2986
0.018585875083935464
2987
0.03037461131933832
2988
0.03503490626010162
2989
0.025899269885923108
2990
0.024529989736725436
2991
0.028244050280457084
2992
0.03634574549225305
2993
0.04204619212023467
2994
0.02396646933427001
2995
0.02001730604583934
2996
0.024373664858179708
2997
0.05090922824368187
2998
0.026265986005132632
2999
Mean MAE: 0.03618097699562328
