Linux command line output (left out):
2461
0.354863263185448
2462
0.39353252044091014
2463
0.3121541139452811
2464
0.3744040355964986
2465
0.38791035020493403
2466
0.3758222163025698
2467
0.25245115782286137
2468
0.30587181921625967
2469
0.33833728598748847
2470
0.23331042901630172
2471
0.24055852984951268
2472
0.47797845961168256
2473
0.5904782567406247
2474
0.3971500729101986
2475
0.26622397112843604
2476
0.3822265700704285
2477
0.29635783286694395
2478
0.24333157492176946
2479
0.3754998715329114
2480
0.38723361735214934
2481
0.38250754790016556
2482
0.4131442843429512
2483
0.3179836749727171
2484
0.2953575348285101
2485
0.44604395904058164
2486
0.20783963575966208
2487
0.27019297023472055
2488
0.33751098142055386
2489
0.26309508027900874
2490
0.35466010235297285
2491
0.2211208497538636
2492
0.3210215278266515
2493
0.29261015913395894
2494
0.358717703208222
2495
0.27104627855427166
2496
0.3107531209815985
2497
0.33534257593970046
2498
0.3327375695550751
2499
0.2447609995556119
2500
0.32162583149726176
2501
0.28830506396159067
2502
0.4982932183597766
2503
0.2987405441295375
2504
0.44819145001437966
2505
0.3230449115091305
2506
0.42199344985199694
2507
0.29048191872360074
2508
0.35811338468738474
2509
0.44162642467878754
2510
0.3245120666213895
2511
0.5974230464054043
2512
0.39258450258448097
2513
0.4707614096738269
2514
0.5692818514077888
2515
0.2749381832696042
2516
0.6484560581620389
2517
0.3701907136763498
2518
0.2735597073845197
2519
0.4436620158218223
2520
0.2975560451051476
2521
0.3065292559797604
2522
0.46244615143900336
2523
0.2784644090194435
2524
0.27514060224857095
2525
0.31423796355891537
2526
0.2586741070425188
2527
0.22741749635426062
2528
0.2828105971579118
2529
0.37457229692291727
2530
0.5504743870601426
2531
0.2891576893674001
2532
0.277436849450957
2533
0.5083723414371994
2534
0.30232105541260523
2535
0.3994902996747361
2536
0.23896239130931593
2537
0.3459639565394982
2538
0.293078700644258
2539
0.42784500163222194
2540
0.3312603150849664
2541
0.2719620260857682
2542
0.3341066955594002
2543
0.2746617339852207
2544
0.33356196870267574
2545
0.21436074290988252
2546
0.5057122219552935
2547
0.351878787446066
2548
0.35580743458103337
2549
0.35528794309007405
2550
0.4356826830097618
2551
0.30902608439054285
2552
0.35212358026013496
2553
0.3838631360493149
2554
0.3685957711373651
2555
0.3150175327149912
2556
0.2801127935603262
2557
0.1658242744645158
2558
0.21621972940205336
2559
0.3681324593186378
2560
0.3286120744379481
2561
0.2923046310003314
2562
0.3383548109556609
2563
0.22390426455688175
2564
0.259448901589829
2565
0.5290682450760965
2566
0.30753276103469274
2567
0.36406783435081874
2568
0.4651441664531173
2569
0.18015651707254804
2570
0.26547819448618737
2571
0.6469721399575491
2572
0.25172093907770254
2573
0.4803412857276528
2574
0.3141557845871623
2575
0.3465772718663788
2576
0.23341353284976762
2577
0.3114745347956109
2578
0.49326026908660486
2579
0.3056463941883769
2580
0.6523696631759522
2581
0.3314002120760877
2582
0.34193464312726146
2583
0.24697302756593761
2584
0.2535109890377773
2585
0.22184287561690563
2586
0.41929622272184847
2587
0.30069316840879656
2588
0.40001003222458575
2589
0.38316793371400937
2590
0.3372861779664682
2591
0.436550035604054
2592
0.2967265146904657
2593
0.3513176220073724
2594
0.2784614917633241
2595
0.24269467066985106
2596
0.4259306724820609
2597
0.3496534160126939
2598
0.20692272450317556
2599
0.39680075170074824
2600
0.2516135208435527
2601
0.3028942892164805
2602
0.3507107738143346
2603
0.3059509657037682
2604
0.2636576053649486
2605
0.3193604737905363
2606
0.3443917392092954
2607
0.33438671072819137
2608
0.2521231316095459
2609
0.3006508560580129
2610
0.2548093668060444
2611
0.520085776241044
2612
0.34733231741825965
2613
0.3679815415414414
2614
0.36177250779503994
2615
0.5033321288176413
2616
0.3048295284108966
2617
0.3649759454536394
2618
0.3360993468852114
2619
0.47251564143620745
2620
0.3481992405117874
2621
0.23523175654871661
2622
0.34409379552275904
2623
0.3208467903548201
2624
0.4471946246572037
2625
0.329302911194487
2626
0.32815656552635986
2627
0.3137744278149763
2628
0.36290714797647466
2629
0.35241646204887395
2630
0.5499656059725243
2631
0.3417138004426224
2632
0.2709430510955333
2633
0.3861614404834295
2634
0.3225089790601141
2635
0.3426415312195203
2636
0.26376132497289073
2637
0.26451535843105106
2638
0.37251592890923796
2639
0.29647400291898673
2640
0.29021091014012257
2641
0.5104803276849413
2642
0.44657024140715884
2643
0.34970976440626717
2644
0.34561088041634064
2645
0.3178966922588097
2646
0.29538118675183755
2647
0.29342738778346467
2648
0.3674654549700793
2649
0.3424999542375018
2650
0.41343730973746184
2651
0.2227520015270235
2652
0.44408678489012604
2653
0.3942809357641037
2654
0.2753426989523219
2655
0.35608213029736135
2656
0.44998451938385875
2657
0.3199078003584699
2658
0.2974189375472344
2659
0.3962525727672097
2660
0.267234707814854
2661
0.21269555306666169
2662
0.2921772438098283
2663
0.31643328610773724
2664
0.23629523105791747
2665
0.41084434220056065
2666
0.36807459839384615
2667
0.32508982824848254
2668
0.23218829748763603
2669
0.24599752070293024
2670
0.2978730104866023
2671
0.31865154844548216
2672
0.2797955409474827
2673
0.5085593341697641
2674
0.3468107976754263
2675
0.31715950440930024
2676
0.3581836729885806
2677
0.33146129944504926
2678
0.31794790305105525
2679
0.319455248898556
2680
0.36970500947231577
2681
0.27116221700182297
2682
0.28002156033521536
2683
0.2537712095788758
2684
0.28797404149602324
2685
0.4324118720002082
2686
0.21279367166067129
2687
0.4586182675131128
2688
0.3874820251700665
2689
0.21250334509689472
2690
0.2839759492331694
2691
0.32871078087217676
2692
0.19224148890568013
2693
0.38081262806162075
2694
0.5229069130799686
2695
0.28777843640885187
2696
0.4863542541661412
2697
0.2067367858132269
2698
0.37868060615104276
2699
0.27848321975763957
2700
0.32419350580961853
2701
0.4167922646002078
2702
0.45824176335029615
2703
0.3111600378609887
2704
0.3663534460099737
2705
0.3357530354481179
2706
0.5245488454650459
2707
0.1490292737291197
2708
0.3164679332200188
2709
0.34423845149732746
2710
0.3424460849184987
2711
0.19932816197891395
2712
0.27432412787633415
2713
0.5269886453112137
2714
0.3482364527183552
2715
0.40350671128699156
2716
0.3590560275448584
2717
0.24642419082760036
2718
0.2887055969526142
2719
0.3176968411507103
2720
0.3453288130136952
2721
0.32086874763747103
2722
0.4101646922856587
2723
0.6995203655502898
2724
0.33236959822259876
2725
0.26198696602250915
2726
0.30055022152776706
2727
0.3458863637071923
2728
0.23683746677128573
2729
0.4773700676884509
2730
0.3061167636135927
2731
0.2845735482363864
2732
0.2750121987972343
2733
0.29023275967889967
2734
0.2738591676924832
2735
0.28982312551739925
2736
0.3515233809714718
2737
0.38369599923896064
2738
0.24566670573922164
2739
0.4191503147583803
2740
0.27578555181215886
2741
0.29361225652526196
2742
0.293835484828391
2743
0.23567330073080373
2744
0.3466128343054775
2745
0.39515426460002145
2746
0.20294144884771728
2747
0.1922143897753124
2748
0.3370848746608223
2749
0.3692986825914789
2750
0.2921938909295759
2751
0.2719572608913092
2752
0.3797395562430483
2753
0.3484771339893128
2754
0.30972424165823736
2755
0.3868495406553408
2756
0.26770135202829254
2757
0.20820885365268507
2758
0.31677341592234154
2759
0.22062790845624228
2760
0.2770224747539466
2761
0.2698979256741902
2762
0.34687496249482047
2763
0.33148356305190674
2764
0.3070028584801511
2765
0.33096746875088956
2766
0.2797575114418774
2767
0.20950181296796955
2768
0.6124073712281929
2769
0.42454477981119415
2770
0.3037230175227156
2771
0.31055422406776373
2772
0.3445498324589623
2773
0.2850441556813247
2774
0.2661922413728365
2775
0.363783464312683
2776
0.34280583984251717
2777
0.2955368681613404
2778
0.47837471814662186
2779
0.3012437718617541
2780
0.5371874399219246
2781
0.162498325334775
2782
0.32028210398642004
2783
0.26155333843812967
2784
0.3695425185590354
2785
0.3337347613002472
2786
0.27617984416430025
2787
0.4579829274989859
2788
0.2956657520108477
2789
0.32704630276267976
2790
0.2612361727931956
2791
0.1816695798705077
2792
0.3040574828168431
2793
0.26538568137673235
2794
0.27204121504137646
2795
0.27516178140690184
2796
0.3951939221079553
2797
0.1944551603889181
2798
0.1810598337021512
2799
0.29428127513092733
2800
0.2650948822014012
2801
0.6166256036841755
2802
0.42294442348220046
2803
0.29655613300782446
2804
0.2980262375202962
2805
0.18076388331076065
2806
0.3173365390171759
2807
0.34424429388545796
2808
0.3059016525107367
2809
0.2963729384085408
2810
0.30858203102276877
2811
0.5605891915364312
2812
0.43409830269790683
2813
0.27866606875559846
2814
0.26252864777942686
2815
0.29334321388590506
2816
0.2935977116173826
2817
0.3518980948527113
2818
0.3819538397476332
2819
0.329360044139574
2820
0.2905185074033899
2821
0.21663732093892288
2822
0.26920457187020913
2823
0.32792862290079006
2824
0.32427001010935425
2825
0.28822646930415746
2826
0.37085989676856046
2827
0.4030499881581887
2828
0.3383590614315091
2829
0.25138047863526103
2830
0.291406082567279
2831
0.31958684531211823
2832
0.25615954797107243
2833
0.4232742426059978
2834
0.2686447794674303
2835
0.23919079839805682
2836
0.2211828354659915
2837
0.28216896757638993
2838
0.36641228592148906
2839
0.40163421648434544
2840
0.25858434178767165
2841
0.3778698382319689
2842
0.31855589007888213
2843
0.26327480169179446
2844
0.4175727362128994
2845
0.4608206950701124
2846
0.28989236758934844
2847
0.33774996149231806
2848
0.18978747714483327
2849
0.3033287410544145
2850
0.2545605532180079
2851
0.34230407951604325
2852
0.3025238693814999
2853
0.37059137929556746
2854
0.431970495252103
2855
0.5310417176694422
2856
0.296552988183674
2857
0.5368567176390746
2858
0.34142642546873375
2859
0.3130896783220595
2860
0.33667692267728894
2861
0.3885790659521792
2862
0.31152036232195873
2863
0.39370006910648025
2864
0.29844513061813416
2865
0.265986702213134
2866
0.325288966765919
2867
0.3827873560144232
2868
0.32285523108731445
2869
0.3102685609885604
2870
0.4134593383246883
2871
0.2912613388325496
2872
0.3158870959368555
2873
0.35419850428042277
2874
0.249660376176875
2875
0.27343979497784293
2876
0.4176321626316101
2877
0.26176400048689125
2878
0.24997755337335695
2879
0.4346584457221452
2880
0.2724605264400806
2881
0.25486556643632197
2882
0.4458819794104704
2883
0.27781081672156455
2884
0.29451431299930786
2885
0.41054582883512736
2886
0.2347285209447671
2887
0.3861097096070924
2888
0.25778993737093514
2889
0.3064469079714647
2890
0.2792590901789148
2891
0.22270709669414432
2892
0.2794553786783441
2893
0.32470881324563594
2894
0.31848742131483315
2895
0.34588357376945417
2896
0.25167524377423717
2897
0.3503927673331061
2898
0.2574865298802134
2899
0.3108679506705421
2900
0.3887186625752982
2901
0.26833095601024987
2902
0.23885934929179298
2903
0.36106097252822017
2904
0.28048478297502777
2905
0.34429970597273496
2906
0.4812716928148467
2907
0.24981105992772323
2908
0.22159256646269443
2909
0.4346639378714493
2910
0.3656932111366817
2911
0.38855139537108724
2912
0.5667944587380636
2913
0.3443642530774145
2914
0.24170806792688715
2915
0.2781170723120805
2916
0.29835789822607944
2917
0.32617135849405743
2918
0.5503074060667091
2919
0.3206032045666732
2920
0.26380297469112857
2921
0.29062953318733364
2922
0.36706610500312425
2923
0.22289780478635213
2924
0.32726551632314604
2925
0.25396306250469447
2926
0.40220252241538945
2927
0.31840000991075407
2928
0.26207788960418393
2929
0.3223817529223876
2930
0.3528256072309815
2931
0.2301771325117293
2932
0.2847362766301714
2933
0.23322762707728764
2934
0.3802449002815623
2935
0.30758591884699027
2936
0.36232106600349034
2937
0.5708594290556748
2938
0.4705134289310008
2939
0.38199094211240325
2940
0.2772366498619545
2941
0.39824818730232237
2942
0.256665702595616
2943
0.2792955662697436
2944
0.33128975284644985
2945
0.3006156989757705
2946
0.38795252674469777
2947
0.2909357934078331
2948
0.28121831435320155
2949
0.3215343111295048
2950
0.27530176308774995
2951
0.3415974726203093
2952
0.23614455137098408
2953
0.3205363374369554
2954
0.1997391753825502
2955
0.26462593619335933
2956
0.38519403064601226
2957
0.24874535537589287
2958
0.38601061935015135
2959
0.4006688391353226
2960
0.27769121291359616
2961
0.35940660101313693
2962
0.46292814249033354
2963
0.2880099941780325
2964
0.44423091063647285
2965
0.5098508583854032
2966
0.28216862319311264
2967
0.32003694448213055
2968
0.42687656533790397
2969
0.48341466129556765
2970
0.20890522865655003
2971
0.42992508493290804
2972
0.2768404146332366
2973
0.20406729138956287
2974
0.24653895119728106
2975
0.4755079798326954
2976
0.3371761570679737
2977
0.2973081776652452
2978
0.2736841844805839
2979
0.1843172306542394
2980
0.3557046714418342
2981
0.34287640056943963
2982
0.2683017646153491
2983
0.3748471331548953
2984
0.3531628774897185
2985
0.1961862714687043
2986
0.3363013115856045
2987
0.2844920754596272
2988
0.29620268643438463
2989
0.27662573846818617
2990
0.29395082566936553
2991
0.2876014909703316
2992
0.2711935576386404
2993
0.22691145814182231
2994
0.28610368017703613
2995
0.3534607253281138
2996
0.24398826949268612
2997
0.5468443451968344
2998
0.2976401000663599
2999
Mean MAE: 0.33380045179368273
