nohup: ignoring input
0.33333333333333337
1281
427
1.729567020562789
0
0.9471946459861075
1
0.9699113170717937
2
2.365996659589661
3
1.0888767607869747
4
1.8537722131594183
5
0.8610243203390565
6
0.7566091849789023
7
0.6771668329465291
8
1.7880266289435156
9
0.8712455145179583
10
1.2406450301650134
11
1.0635191471071355
12
0.8923420011912743
13
0.8070836088572337
14
0.917193873143922
15
0.636580062505716
16
0.8770680625184807
17
0.6605115165397751
18
0.6724945524773004
19
0.9214625099478041
20
1.6563136857006246
21
0.7133938820576551
22
1.0445992573485814
23
0.6483450633802939
24
0.7749955315265079
25
1.8699786819078057
26
1.4022622466955885
27
0.8430528462043229
28
0.8945222462378644
29
0.6202536361874273
30
0.7626518323773263
31
2.0920324297602955
32
0.6366750915818121
33
1.296844493682271
34
1.9261608226516644
35
0.9029334520071053
36
2.05860600921561
37
0.6577692169501353
38
1.1079157171805465
39
1.469423956045618
40
0.7852832875870934
41
0.8418796004156014
42
2.147498642339462
43
0.8934941474846049
44
1.074329119691035
45
0.7419874183839258
46
1.247596078517766
47
1.0483881113340119
48
1.089414654481575
49
0.7641930830945696
50
0.9203527999595116
51
1.2394952332115214
52
1.6072735709677468
53
1.281108171663502
54
1.011610692790016
55
3.007142497007998
56
1.2489687012284187
57
0.895065661330873
58
0.7734117995749767
59
0.7179826861667327
60
2.2405091574395395
61
0.6848186031014711
62
1.083766517188295
63
0.7412346289615168
64
0.8596953140577499
65
0.649553997124588
66
1.3148502258173267
67
1.3072608492033113
68
1.5283148413172685
69
1.168515741316722
70
0.8592520872458868
71
1.2407866294882681
72
0.9146283504539291
73
0.8080168316988706
74
1.0380934541875877
75
0.7886992891101381
76
0.8327953486861704
77
0.9101200637252403
78
0.7965507290573084
79
1.092292450423794
80
0.6878254576777837
81
1.344994881659707
82
1.0279703053074114
83
0.9228269423342469
84
1.1280380221060975
85
0.8127979343168881
86
0.9094284076413139
87
0.9837149476977463
88
0.7789538781987587
89
1.2481226885990158
90
0.6503895415386919
91
1.4017196986297646
92
1.4997530205049414
93
1.224798909248548
94
0.9568907299055012
95
1.2376382895385603
96
1.5566705667713092
97
0.7807966975580528
98
3.468389494508959
99
0.7973620685165902
100
1.6015064315422245
101
1.08472315343634
102
0.8410550071565526
103
1.5016140618829923
104
0.8144374966327997
105
1.3318407479136811
106
0.7859824166596906
107
0.6566897178654255
108
0.8306630651649012
109
0.6586329574237964
110
1.0230172144994794
111
1.0926445488688914
112
0.9611263952140185
113
0.7368155970779203
114
0.7879721974933265
115
1.408059202811894
116
0.6078463545216322
117
0.7864577150233476
118
0.795414913993573
119
1.4082708275585418
120
1.7902869238042356
121
1.1508003121894537
122
1.8440962810601664
123
1.1038262578286087
124
0.6953727229852494
125
0.8633407120532078
126
0.6419684522804773
127
0.7254446074814276
128
0.9101500007653227
129
0.8119759464163149
130
2.2027072190100667
131
0.837642370794238
132
1.5982603783688896
133
0.9254760823145597
134
0.8240125673998361
135
0.7835835619824045
136
1.9324376593508958
137
0.8546027523739738
138
3.930301552608607
139
0.9523842890523895
140
0.9098606096716759
141
1.0866444174386298
142
1.0489566209998753
143
1.6747325858361222
144
0.8024210354755785
145
0.9051479114130961
146
0.8201551166507229
147
0.8138840341478598
148
0.6686954131937521
149
0.7677062314624016
150
0.7350342305410381
151
1.2250312214809922
152
0.8358395846011362
153
0.8230686460562036
154
1.4469894970111123
155
1.0895871957432448
156
0.7732530620339026
157
0.963687084518048
158
1.3825738832100691
159
1.4174056338158612
160
0.7754465737438583
161
0.8089722685899308
162
1.1362105482513898
163
0.8994168906103938
164
1.0264748776947799
165
0.9271742171752608
166
0.7169827471145374
167
1.147700957219962
168
2.7598667982188685
169
0.9683174933686401
170
2.6420840023786742
171
0.8652582922207397
172
0.9088017543845038
173
1.3297189384063235
174
1.230830891038427
175
0.8027943884333019
176
0.7983546777078765
177
0.8664837106806024
178
0.729214091886324
179
1.157537851396332
180
1.5043105121668137
181
1.4185873902149135
182
3.335034914668789
183
0.7491463780700621
184
2.32075149468969
185
1.1933836034343193
186
0.9609119068975721
187
0.7589734000019212
188
0.8549817561685696
189
1.3670430243078195
190
0.9772777968671184
191
0.7481140713967218
192
1.0816559699646802
193
1.0083103426118427
194
0.9737043608030373
195
1.1406137726101324
196
1.611656149826513
197
0.8108503816046567
198
0.7501005480890739
199
1.0696608666731329
200
1.1412761602425359
201
0.9755081349134409
202
0.7534294153464915
203
0.9611237370625999
204
1.3342364203903565
205
1.4347891315388985
206
0.8011464348782941
207
0.6597831606304896
208
0.7494769406727955
209
1.54804207854166
210
1.0851684748950232
211
1.3943571149160108
212
0.8778375318498626
213
1.1422364174050281
214
1.3597780245323874
215
0.775635388979035
216
0.7780622810914044
217
1.093221930397724
218
0.6691307256413215
219
1.677896759584005
220
0.9403108175540896
221
0.847501399332992
222
1.2478428785770008
223
1.883376909433867
224
0.6700629763578673
225
0.6834526247113314
226
1.2879734002070866
227
0.7631943129084673
228
0.9066402385321688
229
0.9177148836426571
230
0.6292205431190457
231
0.8288614056976265
232
0.9375005435478185
233
1.0799926048294048
234
1.2812749634755276
235
1.138000360792111
236
0.8338885277736897
237
1.625030793326595
238
0.7340395277936019
239
0.8835704172275444
240
1.5284477741336642
241
0.6365701893690756
242
1.253785217054959
243
0.9200187818657524
244
0.7565434078310032
245
1.4056558647827866
246
1.3982337559590654
247
1.1003186210088582
248
1.1332535661162555
249
1.4370394137168347
250
0.8666159318367874
251
1.1948282789570686
252
0.5378901617735445
253
1.1505961971672827
254
1.1415928552777297
255
2.546910487002254
256
0.8513188808996173
257
0.9215252089816587
258
2.2243792437757772
259
0.6476174606224148
260
1.0166458042760147
261
0.7923297907464038
262
0.7144458060814769
263
0.9277076486513972
264
1.9149626300078257
265
0.953682764456532
266
1.1090840110975746
267
0.8050765147378823
268
1.2357802730622476
269
0.9333908932199395
270
0.8307741345249867
271
0.6396893130962568
272
1.1392953087435491
273
0.9596692336043305
274
1.0083500647266728
275
2.336877133136012
276
0.6850984255899384
277
0.7907589293458861
278
1.186300296325789
279
0.7953139932242376
280
1.7856836996599177
281
1.1054375721410035
282
1.5918027150157092
283
1.004780893614685
284
0.6732226974744521
285
1.834051298822004
286
0.6517877762328047
287
1.4590830410771642
288
0.927834319083266
289
1.4739660928541898
290
1.59273833465347
291
1.1707880296280793
292
1.2345386855352758
293
0.7805839846550449
294
1.1768847183646913
295
3.4640910280101123
296
1.3766347826153318
297
0.9465769456723441
298
0.9880863226574971
299
0.8304024732083733
300
0.9451327475916079
301
0.932978964473105
302
1.0821222082612882
303
1.2446218319307356
304
1.0268808273249594
305
0.7448977796188735
306
0.7455691092448896
307
1.4098480092840793
308
1.3511921435159286
309
1.1563560585930655
310
0.8785870497883542
311
0.9158542206568532
312
2.267726249981505
313
1.086198580122295
314
0.7262703152131009
315
0.8364253020888476
316
0.9173932879321294
317
1.8072559777930626
318
0.9505395549472113
319
0.8287660078965893
320
1.07981060190745
321
0.9394848323324679
322
0.9084032675793974
323
0.9177100347727741
324
1.1827343475376975
325
0.9619138572866754
326
2.6751863429720024
327
0.6944802856734403
328
1.3743658452916876
329
1.1781128101806635
330
1.2016204044230538
331
1.3655094572342934
332
1.0216048840720815
333
0.6556823064743859
334
0.8491990477734779
335
1.5868016890931436
336
0.9449950714442721
337
0.8155461992432822
338
1.6312971948768105
339
0.8397486063294881
340
1.0382560545353212
341
2.0398679265517097
342
0.7442867727718959
343
1.454748737832789
344
1.4055702301534763
345
0.7198942334960279
346
0.9295409280335281
347
0.7724322621666445
348
1.439752894753152
349
1.5584664433553381
350
0.7300820742618245
351
0.8194182441918473
352
0.8008026880922869
353
0.9212131152211979
354
0.6493159427543825
355
1.147421006100887
356
1.348368529286235
357
0.8597255201488899
358
0.9753974958896496
359
1.1803129281521711
360
1.8510475465767067
361
1.1024171794782787
362
0.8046767728478964
363
1.0972232157346848
364
0.6174893132908089
365
1.9425327107780557
366
1.2389979435970466
367
0.8254758244199318
368
1.0671515338539548
369
0.6634697636346547
370
1.7198107432657967
371
0.7307315578874388
372
0.9097245046602288
373
1.2986428914639623
374
1.087966064220182
375
0.8813287722966889
376
0.8548742706955101
377
1.3268041312505487
378
0.6908945901101318
379
0.9773486156809296
380
0.8316139179323843
381
0.6511385299510636
382
1.4161165179828188
383
0.623659789002447
384
1.075798808756365
385
0.753034170418244
386
1.0459790949448247
387
1.2404564875756436
388
1.593997549787957
389
0.8571876413711487
390
0.8534038746584489
391
0.8415796986486973
392
1.031431016726603
393
1.7652995648722438
394
0.8344584596833092
395
2.3629148160261586
396
2.3099636655391342
397
0.9335380791198924
398
0.9875311207072054
399
0.8840357509924469
400
0.7168936634275509
401
0.9007132425382687
402
1.6488788664331624
403
0.8914453258096803
404
1.0910032736036483
405
0.8864814398008815
406
1.101823760791025
407
2.0758396610187684
408
0.9358706615417675
409
0.7329682642680625
410
0.8526288811746238
411
0.9306399658807267
412
1.583786887901826
413
0.8735740982138496
414
1.7344554301141735
415
1.8417460974557827
416
0.6694865303227276
417
0.7370184675426501
418
1.0923539936493676
419
1.3656467941347659
420
1.0933860558897086
421
1.0166394077855083
422
2.367566043559728
423
1.0007728221024303
424
0.9208009740317765
425
0.9851309035928516
426
1.0341707808019625
427
1.1002858220534897
428
0.7415588668431915
429
0.8394407610579457
430
0.668834671149709
431
1.2428909620105926
432
0.7088716077060686
433
1.4711950571426755
434
1.8374173920208623
435
1.008769089840459
436
1.5509656069684978
437
1.098336904919475
438
0.9333948922062194
439
1.0110019769774643
440
1.241238845795512
441
1.388674228328001
442
0.9564243957951873
443
1.8682020378779305
444
0.9573266979710737
445
0.9783384501653312
446
3.3986253386481104
447
1.3416796923079872
448
1.1557966873490158
449
1.5495668708139478
450
0.9413988133965772
451
0.8967078191846475
452
0.9808155309079398
453
1.0687670550334345
454
1.1195738062247096
455
1.1164993828909957
456
1.876533262456512
457
1.0062424198720294
458
0.7558977410521872
459
1.25248081957051
460
0.7471209769822087
461
1.3236293687096978
462
0.7243615641681876
463
1.0307223572668922
464
1.0455342121793496
465
1.0212875454759076
466
0.771045956932852
467
1.5581735907157936
468
1.1936866809906308
469
0.834974922556862
470
0.9375758079891414
471
0.7772092633315436
472
1.173831058280571
473
1.925232070634195
474
0.8190116055800812
475
1.1331480399588032
476
0.6866974012659521
477
0.9415848205170336
478
0.8462084197513757
479
0.8066469910408814
480
1.2768330430012618
481
1.2319245301052668
482
1.4631306777713178
483
1.459604848731795
484
0.9320930823608872
485
0.9626118336788761
486
0.7467331762227551
487
0.6547592863911972
488
3.625485754197647
489
0.7955657858928368
490
1.0336647147926978
491
1.131033611236738
492
0.5672115895934634
493
1.3492147034353679
494
1.2174130501357217
495
0.9631858598389189
496
0.801620375870057
497
1.4098569240301555
498
1.8008646846986138
499
1.0422723088992463
500
0.7629092499944484
501
1.3191075366372809
502
0.7837405770605345
503
1.8911347989553497
504
0.8759504244984614
505
1.6390941147381806
506
1.3550738993770586
507
0.7850927142495278
508
1.2576382634330543
509
1.4569039878089636
510
2.484379755628334
511
1.0902496180587724
512
0.8469532936034524
513
1.1740227984288478
514
0.8506037663365136
515
0.6478530655284804
516
0.8288735546471471
517
1.2824392045073019
518
0.9455524621158278
519
0.8678711522446882
520
1.375274930178418
521
1.1263720894028957
522
0.8675687768830725
523
1.1500870977573028
524
0.6444917527391743
525
1.7408972585359614
526
1.0013582458661143
527
0.9169792075687704
528
0.8352462469144049
529
0.8734892102537822
530
0.7760366974393932
531
0.8349143054003837
532
1.1185933834873414
533
0.9165121490025124
534
1.02863649146726
535
1.3154420618271063
536
1.2110066405126978
537
1.1629359841368843
538
1.8249614944407462
539
1.108549239305289
540
1.0201642862453002
541
1.6390214488224915
542
0.8417642564749522
543
1.117240506155553
544
1.132889676545403
545
1.2516413666232047
546
1.123772087519892
547
1.3659022727752188
548
2.817232736260866
549
0.8075703810695543
550
0.707017800542166
551
0.8380846703364192
552
0.8971789150897364
553
0.7456056098539686
554
0.9971975599408412
555
1.3211826902534365
556
0.8533827121083655
557
1.8732336766130726
558
0.6905482434548801
559
0.6843899228085119
560
0.9561510318585964
561
1.4412118231328996
562
1.0416845082326849
563
2.024016962966415
564
1.5616682790210683
565
0.7926513217414247
566
0.9562816364287045
567
1.18184942706178
568
0.7482960642336468
569
1.0584030553877832
570
0.7771583239988195
571
1.728899464510085
572
0.9232510768658069
573
1.0007517443119993
574
0.9091386244827047
575
1.5820203480945734
576
1.1707624863609378
577
0.9315026294067237
578
1.049563140868876
579
1.1281072589541492
580
1.348303911578826
581
0.8066507762891486
582
0.7700543144136742
583
1.8715222965303995
584
0.9064704498167789
585
1.6519167625817828
586
0.8281416103416066
587
1.2952058814006182
588
0.7960545173873027
589
1.260450725354976
590
1.46866491281539
591
0.5747636167175086
592
1.3616669021780916
593
0.8361258777652645
594
0.8119906677736739
595
1.1197680399403054
596
0.9753366782490288
597
1.2246393788078878
598
0.9293795437743132
599
0.7699893775259501
600
0.9323185186923066
601
1.6260385110668132
602
0.628090272639274
603
0.9215381978077909
604
0.8484934574556968
605
1.1829201467268378
606
1.6650765174636382
607
2.0003816638318677
608
1.1618061792970495
609
0.7979233953767654
610
0.7930442836489273
611
0.8262708828997162
612
1.3023836176861399
613
0.7580114818432052
614
0.99777863526095
615
1.3264099817369095
616
1.0535992558419114
617
1.7646502713329946
618
1.2655603035402179
619
0.9312863823728987
620
2.163132281810284
621
1.1537254448087195
622
0.8193935682427322
623
1.0076377416810982
624
0.5713055520046878
625
1.0944840428305787
626
0.7343514793968156
627
0.8153786149142978
628
0.7566002633119149
629
0.7180908681832127
630
1.1936222120605844
631
0.7801208151710942
632
0.8669472061878671
633
1.5230419047244914
634
0.9442082915704612
635
0.631081711939969
636
1.0652667547646844
637
1.2460919548951828
638
0.753306709563302
639
1.1073577308944467
640
0.9884494257955828
641
0.9782935919375866
642
0.9752146127893011
643
1.6335118898252066
644
1.806318639465812
645
1.7367723220386126
646
1.0719787319634768
647
1.2934295430408451
648
0.9206676893305275
649
1.0047867867874443
650
0.7355648549887289
651
0.7979595875234065
652
1.3958283186073432
653
1.0515451915546854
654
0.9177564571869608
655
1.0428252840404566
656
1.6643523369290867
657
0.9747945732136939
658
1.1065385985338723
659
1.605891111624679
660
1.6203381219110817
661
1.1083547804722869
662
1.0912111129923967
663
1.4018593251673352
664
1.203161667250666
665
1.006362728660938
666
0.7462110100057768
667
2.625422143901256
668
0.9478832319962573
669
2.63458625081291
670
1.1112112922818196
671
0.721530818801561
672
0.6177290881436828
673
1.2489059488254222
674
1.8503742711312312
675
0.6410078118447968
676
2.7112192281165846
677
1.9473698976467433
678
1.8129362299843823
679
1.2643796895344122
680
0.7651347746562733
681
0.8336112256428944
682
0.9346274654393839
683
0.8867598703853885
684
1.0840613869758275
685
1.0306048480449679
686
1.2367663673703595
687
0.7330991927133437
688
0.9705968840287363
689
0.910481296525689
690
0.8610994807445675
691
1.0619338232986701
692
0.8628173204069891
693
0.9439075928909642
694
0.8438780548896223
695
0.7688842533086663
696
1.9342454238341036
697
1.6874299732403741
698
0.7476083911908228
699
0.7838812319391584
700
1.354507977726252
701
1.1267381377825672
702
0.8900591183763203
703
1.3902514770900876
704
0.7709621940240178
705
0.8340059269576912
706
0.6147848040358493
707
0.8349686755042517
708
0.7227874148042075
709
0.8953587209483288
710
1.0444943144121188
711
1.1230052335080487
712
1.1668314847176209
713
0.9701445176298017
714
0.9110714512392055
715
1.1005573806438338
716
0.7968190344174344
717
1.405560010336771
718
0.7249104512604319
719
0.7598996889794284
720
1.2365617210159436
721
1.3571628719433695
722
0.7248099267936846
723
1.164283414798195
724
1.3431882743926271
725
1.3452348434509698
726
0.9483421116875052
727
0.7272318446847609
728
0.8102838954920173
729
1.0352121595112433
730
0.8436870576998693
731
1.7251411319099905
732
0.8001020999093039
733
1.1062754643924493
734
5.096962927069184
735
0.7365773806313751
736
0.673129642169241
737
1.0257543885874625
738
1.5959793273183758
739
1.1567363770564552
740
0.6498443600664052
741
1.667930555918894
742
1.3620499827114636
743
1.0695603252752874
744
1.4823739700468281
745
0.7148558052263115
746
0.7932644259910093
747
3.063098242561828
748
1.5355835636574184
749
0.8648806334812625
750
0.7922013176734775
751
0.7389506356048943
752
1.434950341917534
753
1.0467018045448444
754
0.8337293305743932
755
0.8616762867219808
756
0.7836563847810247
757
1.5471763511954826
758
0.8421103313869748
759
1.9352774845115768
760
0.9397098990495335
761
2.1682780186034574
762
1.315745112536026
763
1.7974957469057422
764
2.441962690203046
765
0.9328549352623232
766
1.0090180929617396
767
1.0692067703106203
768
0.8409925970092177
769
1.1355516719252658
770
1.020420973422574
771
1.0587394769081555
772
1.7838701797621193
773
0.7554630033361586
774
0.9960943869114359
775
0.7663030847840759
776
0.7578538393076389
777
0.6054115427496372
778
1.0771514952767252
779
1.1680845287341288
780
1.2550825864450303
781
0.9114204389663492
782
1.0226238029472163
783
1.0102982317145388
784
0.9197918901821837
785
1.266864103836659
786
1.547301021785707
787
1.715881498749611
788
0.7641360258224389
789
2.6344382349556423
790
0.8872731524325921
791
1.0282144854906474
792
0.7186582977250701
793
0.7478956045086508
794
1.1023991251694916
795
0.7454349763178234
796
0.7611214184621862
797
1.0152967727901596
798
0.7204612479011412
799
1.693119080520903
800
0.7322381353844579
801
1.2514247474205493
802
0.7668370107013704
803
0.9901388795954057
804
1.1501710158102887
805
1.7404037262708922
806
1.1837338193518305
807
1.1101259208605676
808
0.7747339073586035
809
1.396356758585313
810
1.334522053167772
811
1.0870913913564224
812
1.0219984544655945
813
1.1216800088770433
814
0.8342361691912297
815
0.7051568851655394
816
1.2988495167541734
817
1.008886219586058
818
1.233744589761064
819
1.2463445924800565
820
1.0464744393200014
821
0.9860798726966895
822
0.8061747950857024
823
0.6312130105787128
824
0.9282061144490835
825
0.7824148564765439
826
0.8842798861377457
827
0.7736183313259352
828
0.8786991840735496
829
0.8603184752097077
830
0.9298262525440173
831
1.3284428634219385
832
4.50510083665385
833
1.1181038924450086
834
1.0570179673242042
835
0.8588441839125134
836
1.5990981714211745
837
0.986178282386202
838
0.8310624025344637
839
1.4973991248988867
840
0.6992877946832226
841
0.8366036262865894
842
1.2021741231614425
843
0.8287852340422925
844
0.7834569917615104
845
0.9024518631988407
846
1.0185511343466978
847
1.0142088265721547
848
0.9722009464337256
849
0.712971174338748
850
1.7750889523920974
851
0.6994923777864326
852
0.7177039449208841
853
0.8031132180714985
854
1.4600069969502905
855
1.1323211101246466
856
0.9005936094866348
857
0.7477539738298914
858
0.8436564467233435
859
0.8255561325544531
860
0.8720000302489921
861
0.6694203061685193
862
1.1223102077981049
863
1.2241381756158896
864
0.8531597600995106
865
0.6133881801485868
866
0.7023137141119501
867
0.6881648285626523
868
0.8382009299390046
869
0.6998137498681735
870
0.7579728487015415
871
1.1805930745942879
872
2.522262473658904
873
1.2694368430242524
874
0.9359833544440866
875
2.237088253542692
876
1.2951316477304053
877
0.7736028163522872
878
1.2245229234850334
879
0.6974569072160387
880
1.1505180714698824
881
0.8199220330546411
882
0.5719485620200555
883
0.7542967110441205
884
1.745672686613593
885
0.9980894280781978
886
1.2251411937676973
887
0.9355077900984471
888
1.1262722077740046
889
3.5767254233889005
890
1.2239322988216461
891
2.3443871702793895
892
0.6418660893585015
893
0.746265152378644
894
1.2979576989972632
895
0.8690386322710812
896
1.0429895154440838
897
2.1680380016605976
898
0.9331717923755354
899
0.7552193790176489
900
2.852566738708441
901
1.4347623259968478
902
1.3461247920212749
903
0.735561488942342
904
0.7582686631185476
905
1.5479510567999297
906
1.0557340895578438
907
1.511688761696652
908
0.9532985640940201
909
0.8480286104120713
910
0.8387655774875044
911
2.083707058972049
912
1.1379287559306732
913
1.2780662571177046
914
0.7798124785059571
915
0.8252942698189657
916
0.9725730944840025
917
1.2381714107743327
918
1.3670319763035628
919
0.9081878197802011
920
0.8845928911281064
921
1.4316532411237806
922
0.9712528666306399
923
0.9231493369029548
924
1.254307750807992
925
0.7327219157670393
926
1.4639203613327012
927
1.2867599096816253
928
0.9802899899296313
929
2.281200458934935
930
0.9290397727284346
931
1.1925725389845485
932
1.0349428317763296
933
0.8249302900305928
934
0.7508313513207742
935
2.9556602087389985
936
1.0589382542386276
937
1.0860601827228962
938
0.7798806852229959
939
1.4046132293577704
940
0.7563084039039019
941
1.0666979172913928
942
0.7904974053840655
943
1.0784578940842975
944
1.472636745734261
945
0.7440754897260407
946
0.7977550845645333
947
1.0768032528737879
948
0.831980152113065
949
0.8913304961393448
950
0.6855707031371642
951
0.8536347545315696
952
2.390523101138938
953
0.8780806585406437
954
1.7759627699669158
955
3.8744613594697994
956
0.9987027302257654
957
1.0211518116816585
958
0.7662116194387396
959
1.1117766441658845
960
1.125964834756049
961
0.8032963327654045
962
0.9464011447178443
963
0.7790870518689527
964
1.1869639521198971
965
1.0245080663133714
966
0.7815724780119567
967
1.1997784590098117
968
1.3362574786276844
969
0.8097088807337085
970
0.7881860262037735
971
0.6314982708541826
972
0.7393800631482743
973
1.0022450571060209
974
0.7392359317083538
975
1.2857423906178185
976
1.5553880434849185
977
1.105052660010282
978
1.2203447292548202
979
1.4796229676216224
980
0.6627182840621499
981
1.8593723164951412
982
1.6230460912671674
983
1.0318259709254878
984
1.4118688037246336
985
1.3282305658670543
986
1.960091854563289
987
1.8197285540882597
988
1.2526208440062516
989
1.5825947108564862
990
0.8241154824894991
991
1.1066332874082814
992
1.2529195216972329
993
0.9308605344759998
994
0.7071106357639012
995
0.8110473988429551
996
0.7882652275906915
997
0.881103964125187
998
1.294272342715259
999
0.7102560647064117
1000
1.1293470927501579
1001
0.8734777236817581
1002
0.8795376981655948
1003
0.9632470316802837
1004
0.9211772007765774
1005
0.8255393979230298
1006
1.3151938735810949
1007
1.4322431807320501
1008
0.7514372570129842
1009
0.9054028086921828
1010
1.0334230873757495
1011
0.9992664532247204
1012
1.8267666595403456
1013
1.1782118412484148
1014
0.6456460407331823
1015
1.6358039265655593
1016
1.6356987961501532
1017
1.0595994741040509
1018
0.8919284507564953
1019
1.4377721090764624
1020
1.3969445089596182
1021
0.9223134260891823
1022
0.726259181738016
1023
1.1326207426011816
1024
0.8814160121531066
1025
1.3573883295057416
1026
2.029472484025175
1027
1.6692001943421402
1028
1.7365851368109118
1029
1.0494376103694627
1030
0.9270464052782379
1031
1.181593236315349
1032
0.7248586354067104
1033
1.1077826301257256
1034
0.8923559793635856
1035
1.0941706515564074
1036
1.02319707129998
1037
1.5259196508533628
1038
0.6930237180748214
1039
2.13545792678064
1040
0.874432771947804
1041
1.0059133936302593
1042
0.9975530636812329
1043
0.7749800946785927
1044
0.9355832061345529
1045
0.8547797209646649
1046
0.7587634058303919
1047
1.318414017743893
1048
1.3240657853627231
1049
2.447013354924633
1050
1.5192097926207586
1051
0.8378035697652398
1052
1.7901985139859018
1053
0.8676942454662956
1054
1.5432394556559372
1055
0.9090455677489375
1056
1.1006054167163828
1057
1.6144526966239512
1058
1.0443924921704917
1059
0.8181018138600579
1060
1.6394201014592884
1061
0.9072395355419789
1062
1.185828612523915
1063
0.9287212178598212
1064
2.3781500187526032
1065
0.6511583742891984
1066
1.220326951758672
1067
1.1102808304941318
1068
0.9617870026634194
1069
0.9457206734272426
1070
0.7725573129034174
1071
1.6642468739368899
1072
0.7875309530420371
1073
1.5907213235260698
1074
0.9669720415713725
1075
0.8654733208013142
1076
0.9517449300299694
1077
0.7951051426491634
1078
0.7506598143883236
1079
1.08683395876039
1080
1.046117712179735
1081
1.4137905871543568
1082
0.7342841055933167
1083
0.981865030703833
1084
1.1307590068271434
1085
1.562225925616314
1086
0.820054212768409
1087
1.5058409808993594
1088
2.0010064956178586
1089
0.8836202693329239
1090
0.8958788600330759
1091
0.8035930171182929
1092
1.2339804445608624
1093
1.9563150244406113
1094
1.0206450677662102
1095
0.9049219776392431
1096
1.4785822872621344
1097
0.7993130336417437
1098
0.7713612384517767
1099
0.8075375938390474
1100
0.7138015681993173
1101
0.9494410280355424
1102
0.8335246740177104
1103
0.9586111865125279
1104
0.8885002330340023
1105
0.9834366883492129
1106
1.7269811782058364
1107
0.9712914089524446
1108
2.10187156228981
1109
0.6793223414908439
1110
1.3181434462545132
1111
1.0540047436862807
1112
1.1276112627188897
1113
1.2539194071600666
1114
0.8108789901319576
1115
0.7626250924736511
1116
0.859126124777736
1117
1.0070518075867534
1118
0.6574392846093934
1119
1.5401930362280178
1120
0.7566289818736892
1121
1.0348460815933123
1122
0.7106740379053393
1123
0.886499259679639
1124
0.8743150194820551
1125
0.9146728897038081
1126
1.0748836119470926
1127
1.5559389853967902
1128
1.3112999167696773
1129
1.1697827306581197
1130
0.7365494858870918
1131
0.8798061539489954
1132
0.9449287103586321
1133
3.6450136384963376
1134
0.7674251718537385
1135
1.4792448226137498
1136
0.9075345816892166
1137
1.5581315617990807
1138
2.606094952085473
1139
0.9611036172291856
1140
0.8887577865865708
1141
1.2623601680906744
1142
0.9164796757998415
1143
0.7134704196707541
1144
0.7243354322119062
1145
1.2755910274268913
1146
0.9351234231218023
1147
1.838941861431934
1148
2.111249793022773
1149
1.1292139634284344
1150
1.3546078792263123
1151
0.7838310135790966
1152
1.192097774546112
1153
0.9586650614312491
1154
1.3412396343293107
1155
1.5199041708075713
1156
2.0048604180949843
1157
1.0283829451314104
1158
1.226476742155655
1159
1.0122707274109015
1160
0.6767280611714773
1161
0.8714044033323373
1162
1.4434419352229273
1163
1.4886398478512983
1164
1.1046713084164943
1165
0.8689186077745379
1166
0.822688240297549
1167
1.0659570874476079
1168
0.9840357390258343
1169
0.7780406500248369
1170
1.9505610262783348
1171
0.7840054594016759
1172
1.1518861394354987
1173
0.8449978708697459
1174
1.088079257205555
1175
1.1597135685620854
1176
1.2254067829068067
1177
0.9502619386161586
1178
0.7785149474189376
1179
0.8105951303307753
1180
0.816262764096348
1181
1.2597521387639257
1182
0.9583504445681742
1183
1.30620528497348
1184
0.8479165899810938
1185
0.7133064711915338
1186
1.3506989487389762
1187
1.7284638218391954
1188
1.1862342659634437
1189
1.331996067770596
1190
2.472460316810011
1191
0.952265063157357
1192
1.148529465293213
1193
1.4656778902545726
1194
0.9901273497469919
1195
0.926072607543221
1196
1.18182089684492
1197
0.8283357645934996
1198
0.7387094166392711
1199
0.6565768739663375
1200
0.8011587381785502
1201
1.2707126505584267
1202
0.767105606361607
1203
1.39010468555503
1204
0.9271988104116615
1205
1.008900052974784
1206
1.9194158465752
1207
0.9846887867497547
1208
1.3077057597607231
1209
1.163780568738665
1210
0.927377637335382
1211
1.1066076826398008
1212
1.525571465037053
1213
1.2404384454352344
1214
0.890076664529833
1215
0.8978015454164894
1216
0.8427767314290712
1217
1.220181481252716
1218
1.2249358027597432
1219
1.1416406528897944
1220
0.9145636839579022
1221
0.6650251446614568
1222
1.0029079794362126
1223
0.8337167678458443
1224
1.0804296844264538
1225
0.9067133286260192
1226
1.2634415166388764
1227
1.2961021217691526
1228
1.2602638815200953
1229
0.8202829471972318
1230
1.065075703434994
1231
0.8513793135720172
1232
0.9704601606311575
1233
0.6478702746066114
1234
0.9977705709182703
1235
1.02071201801587
1236
1.29468228021441
1237
0.9988733637861876
1238
1.8076469853617634
1239
1.4536238415813945
1240
0.8421636311617083
1241
0.728909493545221
1242
0.9899136270382001
1243
1.1550624953547362
1244
1.2239396685355153
1245
1.0473081305253875
1246
2.5618909251224533
1247
1.066363794118671
1248
2.2533315823181153
1249
1.101350612642476
1250
0.811182189644594
1251
1.3806024219222093
1252
0.9637934816569451
1253
1.5132510284687168
1254
0.98787720851207
1255
0.6431205794252506
1256
1.014782993119249
1257
0.7062519786175294
1258
0.674094156587009
1259
1.0362198918974201
1260
0.996263723768523
1261
0.9649980597295948
1262
0.7346238807389838
1263
0.9946946455184836
1264
0.7324543927245913
1265
0.9023383845840037
1266
1.311322033308457
1267
1.710468504704246
1268
1.503780332244835
1269
0.9165662914704269
1270
1.0051944576549985
1271
0.7082318016482679
1272
1.0709713602082462
1273
0.9005639017181211
1274
0.7692842038686
1275
0.8369721815228447
1276
0.9386376571462379
1277
0.7186792509308191
1278
0.7015650524389223
1279
1.0803926482850987
1280
0.8731677263718371
1281
1.5714682662579238
1282
1.1071512877104246
1283
1.312062876627429
1284
0.7634302309388983
1285
0.7733522863769555
1286
0.698721069918596
1287
1.0136356553172934
1288
0.9762356710593464
1289
1.8306170376767503
1290
1.0941106199935622
1291
0.9616946429917013
1292
1.6505717411748078
1293
1.2480846211364702
1294
0.952617160154128
1295
0.9895766138600559
1296
0.8459173901066168
1297
1.1143614122283285
1298
0.7632945248686663
1299
0.9428562611823547
1300
1.2565967792440493
1301
0.78440994741252
1302
1.04998188898634
1303
1.1790042162502055
1304
1.2010377993426418
1305
0.7888950748570919
1306
0.8220507164480829
1307
1.1155766899229995
1308
0.6313239622165078
1309
1.0402479239265228
1310
1.779536672642344
1311
1.1180146256667103
1312
1.2059900632828648
1313
1.5678240867335127
1314
1.3933667394682034
1315
1.317629541407028
1316
1.190609318816611
1317
1.8692482083143451
1318
0.9034161282286338
1319
1.2110790407838752
1320
1.230847012105287
1321
1.3459269870585209
1322
0.6054098148710378
1323
1.7254804971348607
1324
1.1216771053050445
1325
0.6716569485962299
1326
0.5926364713496834
1327
0.6867081956870468
1328
0.8827674630536281
1329
1.267503128515843
1330
0.7579315367411247
1331
2.0032668884173948
1332
0.8573882390354632
1333
1.785560913504901
1334
0.649302925320343
1335
1.601375604875398
1336
0.8373858675070162
1337
2.0275599663029267
1338
1.5325366657987993
1339
0.964755120691629
1340
1.5036921649088382
1341
1.0341948339126381
1342
0.6711019367361237
1343
1.1057149985350692
1344
0.7851529978348326
1345
0.8587159076799787
1346
0.9009355260862756
1347
1.2933471509585492
1348
1.3358991805978713
1349
1.4297514364096344
1350
0.7361782966932487
1351
0.6519547547076948
1352
1.1435522597388745
1353
0.720892552407078
1354
0.8472298542169442
1355
0.8540282097476866
1356
0.7628029625374051
1357
1.2930263716419594
1358
1.6302368047017828
1359
0.9332148652545307
1360
2.8211818737473138
1361
1.1760043084088334
1362
1.069342367926838
1363
1.0501765309740692
1364
0.8310770657608336
1365
0.7440297734836863
1366
0.7736948082293751
1367
1.49919371891541
1368
1.1216983916978434
1369
1.1605403601553703
1370
0.9569569188070456
1371
1.0268988541051909
1372
0.9437271442092857
1373
1.1401441487583666
1374
0.643445152745674
1375
1.6225652440678726
1376
0.8214078278464232
1377
0.8897542588289643
1378
1.1602678866158194
1379
1.5723161553260894
1380
1.4525572638751243
1381
0.7726499000396362
1382
2.1963346166159687
1383
0.6692968115027493
1384
1.415909118405539
1385
1.0526526409169747
1386
1.1633408451358855
1387
1.2934982670107877
1388
0.9131987062234805
1389
0.7942798926167332
1390
1.779799734676732
1391
1.8667303796093215
1392
0.6871859980750703
1393
1.311977324324924
1394
0.9159442921301394
1395
1.1242641472092194
1396
0.6803548410936927
1397
1.364437371994946
1398
0.6983820705444768
1399
0.8979648263151782
1400
1.0366390424964642
1401
0.9993083357760391
1402
0.7992159822287632
1403
1.3926931249756382
1404
0.8532248487744645
1405
3.73196046443713
1406
1.6401116653297512
1407
1.5678896508235265
1408
0.9306549393667194
1409
1.0123081977013588
1410
1.4672539337622155
1411
0.7725219119613199
1412
0.9332725747489832
1413
0.8459746198504479
1414
0.8096992824004836
1415
1.0520171964049712
1416
0.8131831404436244
1417
0.826096372643215
1418
1.465453025598556
1419
1.010208295765779
1420
0.6892886018039125
1421
0.7901350260567929
1422
0.9445018791813351
1423
1.2174612508789409
1424
0.7708017088661377
1425
1.035179750494038
1426
2.0132988682298456
1427
2.20146213193401
1428
1.262675611219612
1429
1.1174777262610738
1430
0.8294463751229678
1431
1.7410637467364278
1432
0.7804151348816887
1433
0.9227897098229431
1434
1.0275494989130043
1435
4.057791782420992
1436
0.7320978034335958
1437
1.3288188625775434
1438
1.1118309888864448
1439
1.5053023993414532
1440
1.1322785582136123
1441
0.9067890525639088
1442
0.9053584026774751
1443
0.7453121446019333
1444
1.278315405471891
1445
1.2741035482971443
1446
2.027122334638926
1447
1.271846368837508
1448
1.3585038634057462
1449
1.0888353347567226
1450
0.7940765165926513
1451
0.7096197001325133
1452
1.249980855786464
1453
2.242904601468293
1454
0.8309681040795347
1455
0.6802770356688835
1456
0.7178148445860012
1457
1.0527578106065525
1458
1.1379515424107243
1459
1.720639935100482
1460
0.8812908703208958
1461
1.1724140431019945
1462
0.9006504714566101
1463
1.201359827198137
1464
1.1430154682053888
1465
0.8364107951006067
1466
0.797216521478099
1467
1.7498348482665016
1468
1.6983336603049994
1469
1.0050189504715945
1470
1.1158579630762915
1471
0.7544831235164704
1472
0.9311720968219724
1473
0.7718204151113524
1474
1.5251511550897177
1475
1.433073910338813
1476
0.7637870990984765
1477
0.8259851543782798
1478
1.0365195288336757
1479
1.234279080481656
1480
0.8142072568028684
1481
1.252515484231791
1482
0.7495538663203734
1483
1.1577691468568694
1484
1.3984724049513344
1485
0.9338179485728553
1486
1.1131402625804208
1487
0.6814858250956651
1488
1.279436346835086
1489
1.0791846279479134
1490
0.9283926648796025
1491
3.6880307998615245
1492
0.8957883923114575
1493
1.3159661393003292
1494
1.2609820008328976
1495
0.970489327970292
1496
1.02698859889463
1497
0.9476866580162355
1498
0.787567515100219
1499
1.2266631564765214
1500
1.1194796192628518
1501
0.8435688338584533
1502
0.7767260289702317
1503
0.9797418830688605
1504
0.8895198812479002
1505
1.9362341331322883
1506
1.8019241911413046
1507
1.0363392202089077
1508
0.9697875605982047
1509
0.7923641651804428
1510
1.2407213321136972
1511
0.8546922780939471
1512
1.0393389877292178
1513
1.7312170147450943
1514
0.7493205132223544
1515
1.372589365103161
1516
0.7253025047184085
1517
1.1464413107935132
1518
0.9259531242231682
1519
1.1292860815049448
1520
0.7166672868140879
1521
0.8111846839329244
1522
0.7829800734112178
1523
2.4720952556061317
1524
1.2309980398693114
1525
0.7729004089268644
1526
0.9822120984649448
1527
2.6473153907877958
1528
0.8977168938608278
1529
0.9683643476059648
1530
1.772021408793337
1531
1.361403935372517
1532
0.7447010267642061
1533
1.0486052061983375
1534
0.7592982895021686
1535
0.6852896159388279
1536
1.0187590623582699
1537
0.754917270083184
1538
0.6812353443808508
1539
1.3190406725116093
1540
1.3466285473246076
1541
3.9141173297695335
1542
1.0007358299001559
1543
0.584350688992898
1544
0.8610571001511147
1545
0.962255793885066
1546
0.860922430220607
1547
0.7206352178156783
1548
0.8204934180149558
1549
1.0362035636279252
1550
0.8630492181838565
1551
1.0595201865744734
1552
1.3511161583934308
1553
1.0224150023335221
1554
0.9740470889391867
1555
0.9311332452256842
1556
0.9356371007071046
1557
4.052211678847245
1558
0.9871017814562411
1559
1.3614380409539681
1560
0.8489679913240604
1561
1.5407357457823927
1562
1.758047020459174
1563
1.0365397715747409
1564
0.781331550687956
1565
1.4815719987536744
1566
1.4343123979511883
1567
1.0174108843729321
1568
1.61192697722218
1569
1.2520010807803021
1570
0.8216423342623572
1571
1.518681696887695
1572
2.2159813740737304
1573
0.8138712611693757
1574
0.8245640665495824
1575
1.32261555369489
1576
1.508556099726539
1577
1.372586761126166
1578
0.9066380315435753
1579
1.7994014631776274
1580
1.4380568356011072
1581
1.1286764163283751
1582
0.9504242258961695
1583
0.8528367723052869
1584
1.288439435480151
1585
1.351101868600977
1586
0.8434296689772116
1587
0.7406823607399123
1588
1.7788659015741057
1589
0.8127539691654833
1590
1.049055101252495
1591
0.9758526361172095
1592
0.8972895892511701
1593
0.880445108900487
1594
1.3041107468219277
1595
1.6184641692988275
1596
0.8478910936895682
1597
0.8073232347771495
1598
1.6658433762245635
1599
1.4999797604437373
1600
1.1626800460154645
1601
2.155372260226942
1602
0.8441627254646115
1603
0.7402945860579289
1604
0.9784554721394214
1605
0.8728657504093019
1606
0.7813136165317511
1607
0.8894617322941487
1608
1.5750881984999707
1609
1.1264229976791016
1610
1.0027393537971243
1611
0.809481715514411
1612
2.82471805118081
1613
0.8212385026398471
1614
0.9503709894069362
1615
0.9999621821019969
1616
1.762047799363301
1617
1.8110363373870344
1618
0.926881933564641
1619
0.7654919651850092
1620
0.7705768276271472
1621
1.2838580601690144
1622
0.9996936059374865
1623
0.6099485508670592
1624
1.041629037364359
1625
1.0069445775446046
1626
1.4300119098827044
1627
1.4044685152597014
1628
0.8642959540124998
1629
1.1719368551655993
1630
1.130261505945992
1631
1.2925269072728194
1632
1.5138575328864472
1633
0.9514186560855916
1634
0.6978581898001772
1635
0.9684105362097593
1636
0.8721455246216913
1637
0.8541727838920741
1638
1.8422457766565414
1639
0.692460619293891
1640
1.0261893714849422
1641
0.7384859533219207
1642
0.6440132753565019
1643
1.3093562219161077
1644
0.7020410058407831
1645
1.8097248170548341
1646
0.8749205867339058
1647
0.8202824208267677
1648
0.6943907286210667
1649
1.1520558321158134
1650
0.9329186187185663
1651
1.0335343467037048
1652
0.8219644388280042
1653
0.9587340923759515
1654
0.8645430432266149
1655
0.7836196972026542
1656
1.2313012632503488
1657
1.2785925253668782
1658
0.722858209638492
1659
0.890191453513719
1660
0.867136777882303
1661
0.8014341496968413
1662
0.739077028369459
1663
2.2703458446645586
1664
0.8156812274786628
1665
2.210795451531673
1666
0.6730743441065294
1667
1.3656651752623459
1668
0.702718113528036
1669
1.470381171312796
1670
0.7480266719729621
1671
1.1617510304951566
1672
0.8366137850682229
1673
0.7712863575285817
1674
0.6832650917556735
1675
1.2308440805943648
1676
0.8347792339901647
1677
0.9549762747782521
1678
1.1587538068584107
1679
1.09343422866234
1680
1.3192413812885826
1681
1.0588838154920162
1682
1.5509578626337124
1683
1.278236336575586
1684
1.079632757631556
1685
1.696213208848063
1686
1.226370618795225
1687
0.9880718778233236
1688
1.202031702142031
1689
0.7694761172539866
1690
0.9510498173609989
1691
1.479001774563585
1692
0.8715780080610144
1693
1.5115773340926821
1694
1.574013312242633
1695
1.413198803208907
1696
1.6922145900649892
1697
1.8203225821030555
1698
1.807268451655566
1699
0.8970850333933635
1700
1.0497050065646958
1701
0.7505502541541811
1702
1.3187677868413008
1703
0.8062286962025957
1704
0.6653861544996221
1705
1.6982850383303028
1706
0.7364895749121114
1707
0.9408112659681331
1708
0.9176975031089821
1709
0.8163934111221032
1710
0.8705246073389179
1711
1.0282547314427395
1712
1.3686075507506599
1713
1.1455145789747345
1714
0.9042678111441602
1715
1.044876426492399
1716
1.5372117327501125
1717
0.7698181536321292
1718
1.1115074288732483
1719
0.8148547624053109
1720
1.4606749315357919
1721
1.8067539333325986
1722
1.3700832710014437
1723
1.1777804786576935
1724
1.1917512961959127
1725
1.3894898061237242
1726
0.8264712606206983
1727
0.9270584647221769
1728
0.815512636892039
1729
0.9463232537143861
1730
1.297076317176066
1731
0.8127848905191213
1732
0.7731743503554063
1733
0.94758949061607
1734
1.2135217336238506
1735
0.9744909628088425
1736
0.843494944648419
1737
0.7025639767308902
1738
1.1483951924998472
1739
0.9106561916980419
1740
0.7809092731108923
1741
1.218752417777126
1742
0.661522052398304
1743
0.7934797308826999
1744
1.0285007672399147
1745
1.0414203436932947
1746
1.4476523113532684
1747
1.4270670622752162
1748
1.0843280321631763
1749
0.856602788471995
1750
1.1064108172621674
1751
1.848718452444471
1752
0.7115119196711779
1753
2.314576956689367
1754
0.8985795621418141
1755
0.8597835751732077
1756
0.7542051894847434
1757
1.3767114335366506
1758
0.9076590063463101
1759
1.36794429152854
1760
1.0124632000385612
1761
0.7459934087059453
1762
0.8433115710118148
1763
1.222473895132624
1764
0.8287803396364919
1765
1.1307545171955422
1766
0.8948833313215294
1767
1.4822509243127235
1768
0.8920666295362973
1769
1.862239191296209
1770
0.9720744346284238
1771
0.946438602825841
1772
1.1989592309973625
1773
0.6503920771041738
1774
1.6237952231490793
1775
0.8607111380708063
1776
0.8578128645751245
1777
1.1084004733605997
1778
1.3143239603438626
1779
0.9405724690779803
1780
0.6220534894945492
1781
0.7280791438186911
1782
1.2144780305604952
1783
1.0355709354816172
1784
1.525260520902151
1785
1.6349138880765692
1786
0.8532299596271302
1787
1.0264535883482047
1788
1.2437172490778856
1789
1.7102114610682904
1790
0.9492505246769792
1791
0.9858358387737787
1792
0.8646127607891462
1793
0.6745267168072551
1794
1.2241560254791972
1795
1.0638021234173214
1796
1.0389404836053644
1797
0.923975102193206
1798
0.6153243199292538
1799
0.9800964177450572
1800
0.942805995827479
1801
0.8108018555285378
1802
0.892985745184152
1803
1.2655093637409007
1804
2.0967891696692798
1805
1.0096709146230303
1806
2.873632746991687
1807
0.7258854935264559
1808
1.2355030341847184
1809
0.7400235287510937
1810
1.1193412783227632
1811
1.4827792115045133
1812
0.9429962034107273
1813
0.6974458652909518
1814
1.0089129392670624
1815
0.749183478466223
1816
1.1630612939544898
1817
1.5346068656704521
1818
0.9069778619091141
1819
1.2844612042115806
1820
1.1123460738787474
1821
0.8346243852287881
1822
0.9783239662496538
1823
0.7786394086759133
1824
0.7660186305591548
1825
0.7422687713044636
1826
0.7452746236729632
1827
0.8616989226179083
1828
1.7401541386443895
1829
0.9770592114955728
1830
0.9472077850855167
1831
1.3843724301347524
1832
0.8957611066966141
1833
1.7195223245543507
1834
1.1634590589545055
1835
0.8698690199723195
1836
1.3663028402232131
1837
1.5804490730682499
1838
0.9563570142347194
1839
1.5617001992106454
1840
0.7437642350910149
1841
1.5522304106103033
1842
1.1638247276234057
1843
0.8254288811305124
1844
0.8350207965496045
1845
1.6651549737906264
1846
0.7915937935371536
1847
1.0965360482679323
1848
0.950685870533156
1849
1.7580736325403568
1850
0.834239123462677
1851
1.1527221865839175
1852
0.9100909597330534
1853
1.106472612962792
1854
0.6707981053982129
1855
1.0511671926057427
1856
0.8631351542140497
1857
1.377631768757516
1858
0.7239205436387247
1859
0.8724222150640408
1860
1.006113004077942
1861
1.6695244690667717
1862
0.8682446621014837
1863
1.443817113240861
1864
0.835748694330295
1865
1.0858226933205293
1866
1.6881988910406132
1867
0.9893489840757523
1868
1.9377732755775166
1869
0.831357215527512
1870
0.9417373537798259
1871
1.2447287706798549
1872
0.892299131816279
1873
1.1625596248608234
1874
3.835814599957826
1875
0.7695144656306443
1876
0.6659379590487293
1877
0.9833563294256447
1878
0.7748423270418033
1879
1.1745256505600348
1880
0.7876723818524488
1881
1.5214507498579775
1882
0.9463072792591923
1883
0.7959948111665494
1884
1.4823913863589724
1885
0.8532971433468296
1886
1.0547953661265945
1887
1.3065587634735547
1888
0.7607262296701415
1889
0.8807457928292343
1890
3.4840409890481405
1891
0.9286151981183192
1892
0.8884349043397031
1893
1.5085259993427396
1894
0.8588180719895627
1895
1.3632789564958994
1896
1.206463739173019
1897
1.5518199818748142
1898
0.7727246221276387
1899
2.0056485345056965
1900
1.0012187209172538
1901
0.8133402050677968
1902
0.9282230824079232
1903
1.0285763060591908
1904
1.0377079484210332
1905
1.1919441498359495
1906
0.7482436047108206
1907
0.9925852188168631
1908
1.5296571362514826
1909
0.7301846030921552
1910
1.0016223088440726
1911
1.0310168456820623
1912
1.310998409571131
1913
0.6989582869488415
1914
2.044861036871106
1915
1.0301124344656296
1916
1.5367430680542058
1917
0.7959020485199718
1918
2.3491781080125835
1919
0.6672250094283696
1920
0.8700471555476931
1921
1.2633144818977444
1922
0.8583859876153707
1923
1.6124605186910488
1924
0.9827262734317902
1925
1.3133019808276973
1926
0.8261293950427483
1927
0.7320524146508685
1928
0.9979683275816217
1929
0.7039459250825741
1930
1.4954365226594586
1931
0.7554568706871272
1932
0.7418039472371925
1933
2.5693685548997403
1934
1.265133656828863
1935
1.0959324684664944
1936
0.7629818186479179
1937
1.028321941611541
1938
0.7037436684733003
1939
0.9676737761177527
1940
0.8254319291386522
1941
1.8353215840677333
1942
1.8789660673359416
1943
0.8416749760382984
1944
0.8339242858417638
1945
1.8682529490335091
1946
1.110852164998348
1947
0.9590004349374607
1948
1.1487833674405385
1949
0.939251123296663
1950
2.772456084394785
1951
1.0673116720120868
1952
0.7535788861656165
1953
1.0157004573984647
1954
0.7354992348911642
1955
1.559121621134972
1956
1.4904247451430714
1957
1.376060731431251
1958
0.9146896401321859
1959
0.6504216408075905
1960
0.7168151853398317
1961
0.817626913399904
1962
1.0805923353025062
1963
0.921596904464447
1964
0.7006760805968565
1965
0.7156778789878989
1966
0.8374683510728217
1967
1.2631133137029662
1968
1.1606577995759946
1969
1.1780294732380163
1970
1.7040899192601229
1971
1.6329618928599303
1972
0.9134415780004093
1973
0.9607461622383451
1974
1.0368702503881368
1975
1.1149660281973748
1976
2.2254997384641326
1977
0.8911455518694973
1978
1.0140902048506006
1979
0.9163042247214848
1980
1.3264175844078014
1981
0.7300739013476749
1982
1.8917041352213577
1983
0.8805045140765309
1984
0.8476814640496584
1985
1.320082382817605
1986
1.486082043558383
1987
1.0145481788727853
1988
1.493050734107281
1989
0.7121088172365246
1990
0.9209122403996053
1991
0.6798919420965249
1992
1.3524371997824387
1993
0.8738830520161516
1994
1.1075143265223288
1995
0.8208740572425852
1996
1.2955168576675158
1997
0.8808542774856932
1998
1.0658860939625787
1999
0.9175285845559419
2000
1.6362293209348286
2001
1.183497313719436
2002
0.7680197670717862
2003
0.7969702852381153
2004
1.0525638434490665
2005
0.8600971174654398
2006
0.9461471061633665
2007
0.9322225889619926
2008
1.754144721614308
2009
0.7140699080259001
2010
1.3253530159098954
2011
0.8209837752009208
2012
0.6925479867404287
2013
1.3883965302346204
2014
1.6280390479003508
2015
3.4153765009791797
2016
1.5112272368402904
2017
1.3026967240863383
2018
0.9090027306246594
2019
1.0587764384245262
2020
1.0364636816585768
2021
0.6657369560452575
2022
0.7317986459980157
2023
0.8516226003514967
2024
1.5840491729990727
2025
1.4234568004297243
2026
1.0698758524570289
2027
0.9249607000810758
2028
1.5329964700084417
2029
0.8117739470334655
2030
0.8007778045174408
2031
1.3853023617985276
2032
0.7607422558123734
2033
1.1686935838258063
2034
0.722310227445231
2035
1.0233676579318043
2036
1.0929226445717846
2037
0.8144419196577204
2038
0.8075959127450953
2039
0.5578090201794575
2040
0.6832232339846687
2041
1.248929305146472
2042
0.6828695836376987
2043
1.0947958471260266
2044
1.0580360213008488
2045
0.9576107758983473
2046
0.81931241378882
2047
1.1221538856038518
2048
0.8823195744930289
2049
1.2307304305262885
2050
0.9606982228427724
2051
1.4310997375548324
2052
1.1556604350285729
2053
3.292573334340131
2054
0.9253660717258784
2055
1.1224023154516827
2056
2.852211273951597
2057
1.6668020588797463
2058
0.8670699322719313
2059
0.9741392539249624
2060
1.5859387233755946
2061
0.6528113386752777
2062
0.7590750925084632
2063
1.1728753896206645
2064
0.9978996039913337
2065
0.8912021320681319
2066
1.261955469805815
2067
0.6648065812824885
2068
0.9222640686557859
2069
0.9065768211528803
2070
1.1938477655087643
2071
1.1257807043823784
2072
1.842262632224858
2073
1.0361475395564022
2074
0.634234651206546
2075
0.9074645797625095
2076
0.6484209993768243
2077
1.6137205271997606
2078
0.7584080996750192
2079
2.0073061550180635
2080
1.4202449509835682
2081
0.9412800394098411
2082
1.4645708599796419
2083
0.9975143661131296
2084
1.0264881396478975
2085
0.8533701110569574
2086
1.012155534517328
2087
1.402978348203941
2088
1.235271254894945
2089
0.8036251104634585
2090
0.8282495016921371
2091
1.5193302912699829
2092
1.9632917792656222
2093
1.0656659828357478
2094
0.7761246789224809
2095
1.0643432469953142
2096
0.6375338691136146
2097
0.6713063071076776
2098
0.9783031234432874
2099
0.8305034974099877
2100
1.638287623930004
2101
0.8494055487514668
2102
0.9067495429655299
2103
1.2730972341305982
2104
1.4748129394605383
2105
1.2832267689776342
2106
0.8149916223476947
2107
1.0346427138244272
2108
0.9509612214693594
2109
0.9498403271539961
2110
0.9152353677849607
2111
0.9528295247323967
2112
0.6624544926727481
2113
1.0624357900894945
2114
0.7972618334975538
2115
1.1194520782203286
2116
1.631878926741588
2117
0.7708530393722497
2118
1.3672060926349128
2119
2.2708547926330045
2120
1.5189945924938584
2121
1.029992125218108
2122
1.0489128146152518
2123
0.7688096983278077
2124
0.8846297976900853
2125
1.2151550408892011
2126
0.8821293846254095
2127
0.97270839053225
2128
1.1255236047849453
2129
0.8362525777750666
2130
0.7534769659223535
2131
0.7404735648061165
2132
1.0338954246156598
2133
1.9150749419945017
2134
1.0107619581366138
2135
0.6787224666690516
2136
2.258026995983536
2137
0.5546517605304954
2138
0.6665823792738287
2139
0.8837096171688661
2140
1.055860475605011
2141
1.6108978627277457
2142
1.2508465214129472
2143
1.3283358919213333
2144
0.7423022941964067
2145
1.4406714708336696
2146
1.0762390586240402
2147
1.1515239099547963
2148
0.6387755188310501
2149
1.118111475487149
2150
1.4471968395831678
2151
0.8267341194638959
2152
1.0934954759007305
2153
0.7205118860496096
2154
0.8145920612945526
2155
0.85139739790641
2156
0.8015240749947401
2157
0.8767728362528673
2158
0.8712845129793074
2159
1.3246234353822153
2160
1.5662320484989485
2161
1.316667272092302
2162
0.751702255648606
2163
0.7409157131856448
2164
1.0818503896912768
2165
1.52592995312587
2166
0.8937401819299966
2167
1.1435074641251466
2168
0.673667697617721
2169
0.9443007738719136
2170
2.3120489495278282
2171
1.3248307871215061
2172
0.891808266828624
2173
1.8433564536636078
2174
1.0835159741046665
2175
0.6685735538635892
2176
2.1029673283598207
2177
0.9296355955567018
2178
0.994248506223612
2179
2.4469176364982044
2180
0.7601842537393729
2181
1.328933291846665
2182
0.837958002010991
2183
1.1633940812314523
2184
1.024604736106207
2185
0.7294665261093375
2186
0.8499712524532037
2187
1.6500978976948348
2188
1.122148110242251
2189
0.9450737471700523
2190
0.8950045399936689
2191
1.4505358087457159
2192
0.9916085358822074
2193
0.6581948629175658
2194
1.087656386500004
2195
1.0308312420077348
2196
1.1541028909593325
2197
0.9712062809311337
2198
0.6871699442147617
2199
0.7798915741349098
2200
0.8827849400286238
2201
0.8729852866003927
2202
1.1679071352004915
2203
1.0225829520445515
2204
0.7816765744281905
2205
2.638776478529223
2206
1.1518742571160239
2207
1.6299659438597764
2208
0.8965834569409487
2209
0.6054039105583485
2210
1.119727479292475
2211
0.9414568316679733
2212
1.2471571905423677
2213
0.8278328910494538
2214
1.1496053169839362
2215
0.6960897502786985
2216
2.1471319512212754
2217
1.4363576967350538
2218
1.441849341413187
2219
0.8297164739142769
2220
1.2467174464670767
2221
0.9683081074119178
2222
1.0322616887602236
2223
0.9500806589934574
2224
0.7059501212329333
2225
0.7585786455485173
2226
2.400819152002311
2227
0.8330837111285307
2228
0.8233424700342731
2229
1.1431622513925692
2230
0.775443816415462
2231
1.0127443149873754
2232
0.8767673642841202
2233
1.2232137846824886
2234
0.7189329393974243
2235
0.8542816228738564
2236
1.3930351727960708
2237
0.679026244049052
2238
0.7655725918679398
2239
1.2733912690809102
2240
0.7686639240598334
2241
0.7769629254050909
2242
1.7662783859992255
2243
1.7226987157513765
2244
0.6760704692846409
2245
1.5551892134082215
2246
0.700350841823399
2247
0.9680329225651799
2248
1.0942768292469032
2249
1.539275714969222
2250
0.9975344110063559
2251
0.8167331207663421
2252
0.6668195953195494
2253
0.9742339426532503
2254
0.9428206369048702
2255
0.8524355969692795
2256
0.9362348632158698
2257
1.3124780160649416
2258
2.3920226779469305
2259
0.636865797204577
2260
0.8658631774378838
2261
1.2254112708077827
2262
2.5145239753309503
2263
1.115167469156294
2264
1.3166514505018518
2265
0.8123810960099286
2266
0.7689292124772094
2267
1.1094640439191323
2268
0.9266741264188376
2269
1.6496525478834723
2270
1.5250916421939746
2271
1.0297440580488104
2272
1.3745399557807458
2273
0.6877329611458437
2274
0.7732549841160475
2275
1.1235671068572106
2276
0.7354737728773068
2277
0.7976522933628435
2278
1.0722387856300821
2279
0.9305473364674524
2280
0.9756661939396554
2281
1.3333928874903815
2282
1.4425630844550839
2283
0.6193664518017171
2284
1.0469325611663867
2285
0.9516011230771243
2286
1.3633154288821947
2287
1.8590142575086837
2288
1.2832359656884944
2289
0.8416362545484798
2290
0.6456631231715935
2291
1.1234469961478375
2292
1.3357873772850692
2293
0.7381575872036669
2294
1.9766784825610293
2295
0.7830138694965916
2296
0.9120121848432416
2297
1.8713082361691102
2298
1.1246515808120052
2299
0.997738877818551
2300
0.8127463738477494
2301
1.3952403687682373
2302
0.7429978877984965
2303
0.957827122278731
2304
0.6136457834448588
2305
0.92509921570352
2306
0.8144639233983194
2307
0.794451652169292
2308
0.6302173544884798
2309
0.6807141825064644
2310
0.8371400854936044
2311
2.07531031614721
2312
1.6961680409521733
2313
0.8233436312079514
2314
1.0101783327670977
2315
0.9809951638441124
2316
0.7501067597165685
2317
1.9289117973486574
2318
0.9332932045517952
2319
1.9394992826741333
2320
0.8531133495887118
2321
1.9841493542006061
2322
1.061398536143
2323
0.8659364427775889
2324
1.0402738495242865
2325
1.558498160639582
2326
0.9726634001863438
2327
0.9461721449814164
2328
1.0456960562829738
2329
1.03959290510679
2330
0.8085768887314718
2331
1.4118310201383293
2332
0.9684564222811929
2333
0.8900338048380765
2334
2.1628807160914234
2335
1.0262160723675569
2336
1.1742667097061181
2337
1.6576020094253205
2338
1.5525823025125183
2339
2.3837912265204766
2340
0.9720814120399003
2341
1.2561370438837693
2342
1.280990274704575
2343
1.073926292400668
2344
1.1535567691580662
2345
2.84538667723408
2346
1.4332169393990983
2347
1.777312959408897
2348
1.768420032142859
2349
1.4572818782121295
2350
0.6707202799614526
2351
0.8850742654829894
2352
0.7073999517384523
2353
0.8991171352526548
2354
0.8863734269598806
2355
2.0003240056111347
2356
1.07239088579339
2357
0.9609164759348862
2358
0.6790899117325091
2359
0.906878087041997
2360
0.7033420357824987
2361
0.9678656463693222
2362
0.7610230667060985
2363
1.2838721351235884
2364
0.7522496393540109
2365
0.9857834974225917
2366
1.0773545776541307
2367
1.0544931289065185
2368
1.346553708617896
2369
0.760804931070525
2370
0.7970382986198029
2371
1.794702921483571
2372
1.6985569592571759
2373
2.1379398054190437
2374
1.3100055859115332
2375
1.0307455714492233
2376
2.7940199007296154
2377
0.7768332124841317
2378
1.5171899002853184
2379
1.3554246086977824
2380
1.3460053644410634
2381
0.6558035759200548
2382
1.9341997389273364
2383
2.0430687937267256
2384
0.9626035703192952
2385
1.7445391045446956
2386
2.119222686843917
2387
0.7943336504017888
2388
0.9486042412015172
2389
2.2485663651201016
2390
0.7970243419199595
2391
0.9295425227095502
2392
0.7292171108459946
2393
1.1957263808039758
2394
2.245116605050895
2395
0.9008817141843244
2396
1.0222245143622894
2397
0.5980056885018702
2398
0.7849791825146625
2399
1.2773270974398863
2400
1.243644682723656
2401
0.8044765593500127
2402
0.7066484442462568
2403
0.9310299459294723
2404
0.7871571081861307
2405
1.1303841399566292
2406
1.9471940476496503
2407
0.6735871387662082
2408
1.1806353121012778
2409
1.2061365883109743
2410
1.0048595457795004
2411
0.8931498779926565
2412
1.6229384002973208
2413
1.2309180916319944
2414
1.1259196783065593
2415
1.4844538866056314
2416
1.9117214734568602
2417
0.9110108971252066
2418
0.9624753459822367
2419
0.8281655317552093
2420
0.870897345759796
2421
1.1145307912830498
2422
2.0515113471055324
2423
1.1112299655055575
2424
0.8718273741084431
2425
1.5223928667373172
2426
0.7886524351515375
2427
0.6553067080860938
2428
0.8797490541354895
2429
0.8545911116633835
2430
1.5151804013019374
2431
0.9342919690870368
2432
0.9777116348834686
2433
0.893587598290166
2434
1.1073144915621547
2435
1.6097036013134747
2436
0.9159824076982647
2437
0.9987683727557243
2438
0.7872297114648471
2439
2.077936648438674
2440
0.7817406756839642
2441
1.9047638658849224
2442
0.7759541047448993
2443
1.1483994085095397
2444
1.938381755332887
2445
2.3914320498336665
2446
0.8867946679657528
2447
1.605620558946404
2448
0.9013171627941098
2449
1.5672311762865319
2450
1.3761034155977931
2451
0.8987227106076119
2452
1.1614971869180333
2453
0.8338207824296016
2454
1.5402966267188374
2455
1.2354152539197893
2456
0.8958849114328107
2457
1.0418409877871455
2458
0.9407902710736107
2459
1.2644596961078538
2460
0.992014524081364
2461
2.3287255838374024
2462
1.0007804563856468
2463
0.8848026350976206
2464
0.8681720274770084
2465
0.7587669541041056
2466
1.700937606417555
2467
0.7801221098909045
2468
0.9890200272521247
2469
1.1903560474394985
2470
0.6874458130571793
2471
0.6770247509514378
2472
1.1645001345982593
2473
1.5054070590050301
2474
1.500883956058964
2475
1.1960850110416033
2476
0.8049082693316917
2477
0.9022691183667605
2478
0.6919976484300956
2479
1.2553870070611661
2480
1.8329082691243814
2481
1.09800473452439
2482
1.6712119424326537
2483
1.8275590462068803
2484
0.690608428303437
2485
1.1067701983136737
2486
0.8159334929655058
2487
1.4349711616668908
2488
1.0460367909738637
2489
1.0206125222351974
2490
0.9991941162456327
2491
0.8877131357910145
2492
1.3593847355859565
2493
2.0576526189019164
2494
0.896694107218941
2495
1.7885702032963473
2496
1.0279822533766356
2497
0.8186590010326165
2498
0.7249786740709631
2499
0.7750007380324518
2500
1.099478692546653
2501
1.2593201547619912
2502
1.1785446874103285
2503
1.4369481711197123
2504
1.1965176256371446
2505
1.0437360633143264
2506
1.2472031655617333
2507
0.9393020107092922
2508
0.9472825344672493
2509
1.199265826704629
2510
0.6931437509243183
2511
3.858446201656033
2512
0.7091926451357542
2513
1.1227070823947964
2514
1.714849858684658
2515
0.8116704099412076
2516
3.2520928143969807
2517
0.9045175624959364
2518
1.1509996986138546
2519
0.9186159836113477
2520
0.962788095042961
2521
0.7888678486522098
2522
0.9473659674016105
2523
0.7703022552691173
2524
1.115148126135647
2525
1.354132171644946
2526
0.9445600645371057
2527
0.7650169898423173
2528
0.7351019926381971
2529
1.5012045863497518
2530
1.3750251192392504
2531
0.8265927734666135
2532
1.1691865196157083
2533
2.5465675537476384
2534
1.689770654971172
2535
1.3151277572304596
2536
0.8844069215616337
2537
1.0588013425194285
2538
0.7704091275940573
2539
0.9495567478295582
2540
0.9843254287962082
2541
0.8753318792743331
2542
0.8405266015620039
2543
0.8484970818357817
2544
1.559136125506056
2545
0.6198707938849229
2546
1.3358771340105733
2547
0.699063165066327
2548
2.2062811352987155
2549
1.452019098595134
2550
1.4043004576828417
2551
0.8305067119271872
2552
1.2295474232499397
2553
0.8524432627071822
2554
1.543396486774139
2555
0.9096127820652382
2556
1.1865905383345363
2557
0.847881345061431
2558
0.6759129851259408
2559
0.8140932478424544
2560
2.8004064839558795
2561
1.3705633996850761
2562
1.3027837334682326
2563
0.685278336452151
2564
0.6893595351424772
2565
1.0659895143156286
2566
0.8795540881798057
2567
1.7870725884987488
2568
1.4401642196726103
2569
1.3606039286702845
2570
0.7526468729303416
2571
4.267613231642169
2572
0.9138013849375289
2573
2.289525693300481
2574
1.5111834543304505
2575
0.8356164433716023
2576
0.9532846890101798
2577
1.8469083614352373
2578
3.779481910050603
2579
0.826913918894097
2580
2.1783577041734112
2581
0.8455620765885647
2582
1.479163215739535
2583
0.8297196351761188
2584
0.7757908358719576
2585
0.654311093130761
2586
3.1866078317410205
2587
0.8206285184055191
2588
1.842522831869168
2589
1.74392670454613
2590
1.3920861905373936
2591
1.6513099674401819
2592
0.9009883998726255
2593
0.8513203424351823
2594
1.0104334041357788
2595
0.6508782077502435
2596
1.2329443164365361
2597
1.3152377336396204
2598
0.7582874214608633
2599
1.013182711292004
2600
0.926569025813892
2601
0.7237830963541507
2602
1.2209412185575683
2603
0.9007191026311347
2604
0.8776540234094508
2605
3.546295091796943
2606
1.1153299902519744
2607
0.9171219674581462
2608
1.1781524900831202
2609
0.7442845624027317
2610
0.627994841608844
2611
1.823923041517526
2612
3.2949885579764953
2613
1.0621168949912214
2614
1.1683026961866965
2615
1.094470475044279
2616
0.8022346669538681
2617
1.6006194020300535
2618
1.0781663917489959
2619
1.4813483681327764
2620
1.1847771947774512
2621
0.924328006009862
2622
2.091776675862947
2623
1.3271637226564734
2624
1.387031561257217
2625
0.8328541818057131
2626
0.7158366504445015
2627
1.0942693124565308
2628
1.130015369810738
2629
1.3547556188589136
2630
2.321829715457012
2631
0.691588699913705
2632
0.8016645267991809
2633
0.8355817888169961
2634
0.9602000455304441
2635
0.9498358270650004
2636
1.0202743117287956
2637
0.9104701811609087
2638
2.795791240730224
2639
0.8371127428611755
2640
0.6453069022997533
2641
1.234869905132213
2642
1.4887812071091462
2643
1.54907282098064
2644
0.9430916163422962
2645
0.8705438426932721
2646
1.4418357176701002
2647
0.70306863423053
2648
1.2466532472092229
2649
0.9199724352327946
2650
0.9741448919561196
2651
0.8118042908361126
2652
1.0974759103510439
2653
1.1873345396945447
2654
1.106623074885878
2655
1.1918122345038022
2656
1.2992757698756998
2657
0.813833541435407
2658
0.9426264528386977
2659
1.1263617625866302
2660
1.6061429130849578
2661
1.351656541851845
2662
0.8312873603132688
2663
0.8617472241363321
2664
0.6708362985336651
2665
1.028102361366075
2666
1.3519386208175541
2667
1.0075934155011248
2668
0.6249056484427085
2669
0.6692487089474818
2670
0.9769363501267846
2671
1.123481613233972
2672
1.3327788263966966
2673
2.4326837902543863
2674
2.7615019614336247
2675
0.7269559082700685
2676
1.0075701979925953
2677
1.1340349737153248
2678
1.2183172691157358
2679
0.6820133061432317
2680
1.0666296640700086
2681
1.4411768629109987
2682
1.2624894742290684
2683
1.9042327406327848
2684
0.8570380319087096
2685
1.419072580093627
2686
1.0288127481477733
2687
0.9711782820793327
2688
2.289102567708161
2689
0.8318117652966582
2690
0.6747504215899918
2691
1.3584767829343025
2692
0.8407144692062342
2693
1.229180760178444
2694
1.5538090866932046
2695
1.0326771846151703
2696
1.9797832521295595
2697
0.9806440172444456
2698
1.0566476005193368
2699
0.7886254028717701
2700
0.8800896869767004
2701
1.1083857970025208
2702
2.2898267692603254
2703
0.7459035758725595
2704
0.9299751393916259
2705
0.729606829113892
2706
1.0965202621596384
2707
1.2171050901829221
2708
0.7602374328336121
2709
1.2837849220441295
2710
1.2092244968823986
2711
0.9065281378333999
2712
0.8752353529266945
2713
2.312610518956967
2714
1.4375113906331396
2715
1.3044826221469485
2716
0.9145081194647383
2717
0.7286645021108288
2718
0.8499218904043238
2719
1.042755213539492
2720
0.7871437510101665
2721
0.7691352397736836
2722
1.086403380657824
2723
2.6550628439439445
2724
0.8075585908911688
2725
1.1304793155421564
2726
0.8381717275243322
2727
1.2209327010889601
2728
0.7043388433334361
2729
3.19560425842731
2730
0.8315663987193563
2731
0.9341410483085428
2732
1.0493587790576344
2733
0.7370471108189113
2734
0.9039124540144129
2735
0.9108338564635139
2736
0.8071457746380708
2737
0.8095687730616843
2738
0.6142561247268375
2739
1.2214689424802265
2740
0.7082960003759099
2741
1.27257489626579
2742
1.05634105443176
2743
0.9482713689727295
2744
1.1275299559934904
2745
0.9296077365507025
2746
0.6999567866167975
2747
1.5221582206700441
2748
1.137237115436505
2749
0.9906636522230576
2750
0.8612500936169576
2751
0.6337630886808632
2752
1.4591123927173721
2753
0.9618967900637205
2754
0.787053108585305
2755
0.8873277299283988
2756
1.0129773748319897
2757
0.6230007153658793
2758
0.7107379056302435
2759
0.9917966566478131
2760
0.6734272659323636
2761
0.9223639685302745
2762
0.7805392597557022
2763
0.8515431733822921
2764
0.6738785073263908
2765
1.238109723974005
2766
0.7270989045627428
2767
0.6916423489341936
2768
1.3273549663617195
2769
1.5843065435494954
2770
1.662247613343213
2771
0.9663519642510976
2772
1.6063569203341719
2773
0.7885553656500237
2774
0.9586411757436736
2775
1.1637030527091772
2776
0.8946845405148152
2777
0.9506270800164193
2778
2.163137664281534
2779
0.6419117969879125
2780
1.2604973656848593
2781
0.6921832535870112
2782
0.9573539011172816
2783
0.7132642393876444
2784
0.8626964399737941
2785
1.0613582438234699
2786
0.9606814643971381
2787
2.3365598710341406
2788
0.8855124828725466
2789
0.7897294679417272
2790
1.8334301403389464
2791
1.0257871575965796
2792
0.9358361747697355
2793
0.6734172960299085
2794
0.6903075134415115
2795
0.8427662015891372
2796
1.3083631478522244
2797
0.7692182970746079
2798
1.1213176881065425
2799
0.8604997132461175
2800
1.2640498725475895
2801
1.7983954440735312
2802
1.686191363609999
2803
0.7484763847342574
2804
0.864906276503474
2805
0.9281786004314192
2806
1.2682772498275297
2807
1.0182833282968815
2808
0.674926475292304
2809
0.6767520991976045
2810
0.8695823528106612
2811
1.6027439801048848
2812
0.9595440490399801
2813
0.8743918994122627
2814
1.0132743501903672
2815
0.7835132122394486
2816
1.7130817210314526
2817
1.3969589377858234
2818
0.8677355639059319
2819
1.6656629148225306
2820
0.7560451946109802
2821
0.6542531396039066
2822
0.6699506887107601
2823
1.249623246009209
2824
0.7618124544565401
2825
1.3037268088604455
2826
0.9448848033361242
2827
1.0657251209103225
2828
1.010217195172665
2829
0.6788460290642334
2830
1.261458348136319
2831
0.784145750316497
2832
0.7316901738385494
2833
0.9427928303249283
2834
0.9206793319129944
2835
0.9937487849934428
2836
0.7543516202930424
2837
0.8088289940786342
2838
1.1876433523038952
2839
1.9892839923435683
2840
0.6460467148839003
2841
0.7506364431101611
2842
0.723480885182397
2843
0.7558212027424125
2844
1.03888557905503
2845
0.9790612019212581
2846
0.8080383582654453
2847
1.6020489180904398
2848
0.80603678433004
2849
1.444422288065424
2850
0.6938621949639551
2851
1.4999287348168702
2852
0.7250436137288695
2853
1.7679442336904851
2854
1.1267105832073274
2855
1.8666772742488027
2856
1.0719568238828665
2857
1.7454546151608121
2858
0.8285559320641628
2859
0.8677911333645054
2860
1.012895322406339
2861
1.3331469298662344
2862
0.9299730284528288
2863
0.9966136971407383
2864
0.9299385362103947
2865
0.9810627196650631
2866
1.2385786851073823
2867
0.8995530888865164
2868
0.7973687318374554
2869
0.9213813821496579
2870
1.28884950444949
2871
0.955727489613694
2872
0.6707566310769348
2873
1.0186373307818877
2874
0.8316420788830979
2875
0.6908241412542174
2876
0.8101055275821331
2877
0.9015425155144714
2878
0.7250152770829063
2879
1.556545171322752
2880
0.6443373451463148
2881
0.7942308623193411
2882
1.1952741788177594
2883
1.1185761285790652
2884
0.7560584630659927
2885
1.0376792641697572
2886
1.0579824020189639
2887
2.090944015594887
2888
1.0655836241538832
2889
0.8657890349411735
2890
0.8250059752578737
2891
1.1777509000124888
2892
0.8066001934731414
2893
1.0625231051495918
2894
1.0116910409153137
2895
0.9271435624305899
2896
0.8812103919255727
2897
1.3483146551761767
2898
0.9329015287737316
2899
0.922673654031705
2900
1.1971217864387294
2901
0.9079587334985689
2902
0.581414404856999
2903
1.0134237337721512
2904
1.0844296980398278
2905
1.1292748815846185
2906
1.7289014502458904
2907
0.8114334660271101
2908
0.7860994895783051
2909
1.8058689989711094
2910
1.453358001291455
2911
0.989382059146845
2912
1.3001273676591218
2913
1.1958055509527614
2914
0.8989821605183203
2915
1.1478331383253695
2916
1.1499269725524033
2917
1.3558097818364245
2918
1.320984970235019
2919
0.7359910837727451
2920
0.6357407423293968
2921
0.7817232162302835
2922
1.3610104455199175
2923
0.7099627839018952
2924
0.6743786578214198
2925
0.7767308024985057
2926
3.5773097174516333
2927
1.2132100696250054
2928
1.2960097697607906
2929
1.4022734297528994
2930
0.9350422027318956
2931
1.3962834839521028
2932
0.8288643229403753
2933
1.253396388799066
2934
0.8297758528208736
2935
0.8320308428146247
2936
0.959998764361018
2937
1.3116808251741645
2938
2.039429877026401
2939
1.4461622433224088
2940
1.284180891020471
2941
1.251599975971596
2942
0.9846336180469912
2943
0.927297882923628
2944
0.8045318532941703
2945
0.7516336019293587
2946
1.2698060951026513
2947
1.0922888455683128
2948
1.0390666968980147
2949
0.7630868622500414
2950
0.7687325619850134
2951
0.7287454725336542
2952
0.8038802687643678
2953
0.7208763430012235
2954
0.7036513826505046
2955
0.7658813555757854
2956
1.6941222217293028
2957
0.6376316055500623
2958
1.2534711694141052
2959
1.4702941403703265
2960
1.0376511909779997
2961
0.8470367420778875
2962
1.3887813052877322
2963
1.1652703220109675
2964
1.5584024834154744
2965
1.2501030736963314
2966
0.746408114881416
2967
0.8720773986513704
2968
1.1276092592444698
2969
4.125363973216935
2970
1.1389895514168271
2971
1.8919293286221193
2972
0.6909558793050542
2973
0.7616098969706121
2974
1.1397077294534246
2975
1.4828893558541416
2976
0.7447392208100774
2977
1.1143452115546826
2978
1.0419917162347945
2979
0.6964412045933608
2980
1.0249165148724801
2981
0.6861802433476865
2982
0.7005168288456374
2983
1.0177588569552125
2984
1.0338364173355092
2985
0.8009534823296862
2986
0.9132983276549891
2987
1.1612184726561139
2988
1.0675687245287513
2989
0.7940339101853674
2990
0.7317168973587217
2991
0.738974320693263
2992
0.9008603385277654
2993
1.2364897700650757
2994
0.7957829310567204
2995
1.3989972880061583
2996
0.7193377804286883
2997
1.4281092381263576
2998
1.0052986669993504
2999
Mean MAE: 1.135040515294367
