Linux command line output (left out):
2461
0.06772900618551933
2462
0.027071714876206167
2463
0.04443702122484898
2464
0.06847015362209657
2465
0.050611060625906666
2466
0.047885058510733054
2467
0.03263891278690128
2468
0.06584355473749327
2469
0.06128879140479005
2470
0.03840010376383441
2471
0.033272833628445464
2472
0.07312649197645953
2473
0.08470962217723818
2474
0.07425908612126227
2475
0.04424625472362983
2476
0.06215665909608341
2477
0.060422892287250465
2478
0.11399438475095257
2479
0.05226693798346169
2480
0.04172117540403264
2481
0.06281577322203058
2482
0.11771522234708603
2483
0.08766147419007443
2484
0.05345582256882786
2485
0.11999886915104817
2486
0.0466745829495249
2487
0.033542139015329535
2488
0.07872712731397652
2489
0.052938316804477206
2490
0.056727388185313296
2491
0.08440984382319862
2492
0.053113361994402475
2493
0.02107327031780109
2494
0.059533002201196505
2495
0.028523134102657197
2496
0.06968718160142243
2497
0.04564565915102498
2498
0.05120909012382993
2499
0.061367053552842034
2500
0.06282318158563648
2501
0.04426988272110588
2502
0.0865465096056625
2503
0.06022108514590889
2504
0.09783833798943083
2505
0.0479799162053292
2506
0.09275954962188708
2507
0.054018508828949395
2508
0.05915632689527083
2509
0.06473410506914758
2510
0.04387060234460245
2511
0.11292770864587655
2512
0.05520015634523377
2513
0.09098828868954068
2514
0.08702162385320554
2515
0.047370838238279284
2516
0.09535323456836829
2517
0.06395099342793803
2518
0.057279454530705966
2519
0.07545798148420964
2520
0.04324783355388888
2521
0.030656574886208165
2522
0.12582962825904748
2523
0.03591515558160303
2524
0.027554665077482943
2525
0.03418207691802654
2526
0.06706652502576195
2527
0.0826662290442615
2528
0.03462615435318441
2529
0.04232244162515869
2530
0.10165195264934816
2531
0.04980233699046908
2532
0.06341111368563133
2533
0.08520256086541447
2534
0.048839701619753324
2535
0.08516256024321554
2536
0.03408969112179058
2537
0.11066248870287944
2538
0.05836722433388982
2539
0.06212335572680921
2540
0.051037463987484974
2541
0.046467108047001875
2542
0.045944031305668986
2543
0.05606239763064268
2544
0.07189692379659011
2545
0.05001156308963711
2546
0.07275351543948902
2547
0.06923182239482785
2548
0.04073175919523476
2549
0.04374352331643894
2550
0.07895159457831032
2551
0.08005048494153902
2552
0.07145276022650979
2553
0.10198216161020965
2554
0.05023408368480973
2555
0.05726184793765329
2556
0.061386653747093824
2557
0.08069089024206878
2558
0.03497438443951633
2559
0.08573937647447444
2560
0.05824243327857092
2561
0.052806788414782944
2562
0.06129513149691668
2563
0.0836720941274974
2564
0.04804799041170689
2565
0.1298144338893166
2566
0.06341500064
2567
0.08542063212654177
2568
0.1244418737726013
2569
0.040723876151697036
2570
0.03195609303654157
2571
0.20124395693207414
2572
0.04109271759590848
2573
0.090927195758265
2574
0.05975233712359185
2575
0.06495330551440896
2576
0.051253725275019445
2577
0.0411023110456122
2578
0.13402698702726273
2579
0.04134448665464643
2580
0.13519731452243391
2581
0.05614873984256899
2582
0.051540426198311305
2583
0.047292166540870595
2584
0.05617632836187287
2585
0.038040801177436835
2586
0.057011192946528705
2587
0.059603681312792596
2588
0.07875329042754582
2589
0.05398352724660363
2590
0.07554860006127911
2591
0.06517186148722447
2592
0.04486835045940965
2593
0.04636052403507056
2594
0.049066201097496515
2595
0.04347061155680613
2596
0.0775980489218508
2597
0.05122300027180609
2598
0.07429089904099885
2599
0.04571197187587904
2600
0.04036526509397655
2601
0.04572234648482518
2602
0.06848550712822866
2603
0.057776833021933656
2604
0.034122598625962536
2605
0.04177606912939507
2606
0.08212080405822038
2607
0.07697965630288232
2608
0.048661607683878165
2609
0.02633451705929793
2610
0.03715146725322147
2611
0.20032998497610996
2612
0.057821672534016384
2613
0.055402831411939024
2614
0.046857881012292026
2615
0.11370896282502703
2616
0.04834758501192593
2617
0.03462056057625564
2618
0.05773751220894696
2619
0.11202132949015589
2620
0.06677173223642571
2621
0.03433494903521739
2622
0.03605726479476619
2623
0.0895536736061535
2624
0.07906958175265502
2625
0.06747954128613963
2626
0.05333952930955363
2627
0.08160927853613814
2628
0.054221748033279345
2629
0.030524357931208702
2630
0.08578378102542783
2631
0.029615981022663298
2632
0.03426126631588284
2633
0.08167436946505793
2634
0.03861220267858424
2635
0.05153979332876828
2636
0.06603181925918057
2637
0.05279842093901328
2638
0.05976518093651447
2639
0.07286339056997639
2640
0.03410549393560759
2641
0.10790675340646448
2642
0.09007807263311812
2643
0.0305447074681737
2644
0.06918940396573436
2645
0.06498768603784803
2646
0.07499447818039984
2647
0.03471107256919292
2648
0.06307204969287566
2649
0.0743086458575055
2650
0.08706888992491926
2651
0.05228887378370137
2652
0.07948170614786484
2653
0.08678994535802612
2654
0.04231264642102798
2655
0.04047393204004969
2656
0.07767634716979699
2657
0.052581107271315694
2658
0.03691766542279261
2659
0.09947288036966424
2660
0.042084332428705955
2661
0.05144819393626215
2662
0.06290766384354722
2663
0.06843682967623706
2664
0.03391959054170966
2665
0.10226540551975218
2666
0.06304180344570567
2667
0.04896508276108396
2668
0.057538992848828845
2669
0.04547794016901122
2670
0.03681580847785607
2671
0.05053704218433607
2672
0.0981664376323312
2673
0.06339533220844619
2674
0.06253261820252963
2675
0.04737928164441018
2676
0.07154484254421117
2677
0.059321888745407926
2678
0.04470094888370201
2679
0.05454400801098419
2680
0.06815537042156979
2681
0.048586363725134224
2682
0.04770345392857902
2683
0.04118254141830454
2684
0.07554872118313169
2685
0.10088813924599248
2686
0.036510488800124176
2687
0.08696790032767823
2688
0.08812815047122373
2689
0.06962402474333422
2690
0.0322426299579009
2691
0.046578969817929604
2692
0.03909247482308112
2693
0.0561392407062192
2694
0.11783777942401583
2695
0.031629077788745755
2696
0.1270879254709932
2697
0.05845588286834934
2698
0.06782377421110918
2699
0.03496683989163114
2700
0.043286710096978195
2701
0.06395322299524361
2702
0.06963386743017472
2703
0.05105158115373134
2704
0.034755241254816306
2705
0.04659089034953379
2706
0.09124835563934451
2707
0.112266498167843
2708
0.05096112912034631
2709
0.030571176225421718
2710
0.026670211740173467
2711
0.04523979326236895
2712
0.037806585947577076
2713
0.09706369962821425
2714
0.05427750512780034
2715
0.06491066436806563
2716
0.04856021724326913
2717
0.05933471943083141
2718
0.04309099570833786
2719
0.0631938432011951
2720
0.027715121062123024
2721
0.048709103317075716
2722
0.08991848993911412
2723
0.12669937565203646
2724
0.04873579057200825
2725
0.049106654329519835
2726
0.070524274633694
2727
0.048885282349379576
2728
0.042698450597042595
2729
0.0641167864605014
2730
0.04868589776431578
2731
0.09086191443255015
2732
0.0486744640997877
2733
0.036585967812957726
2734
0.04233287310502078
2735
0.05776948834440051
2736
0.053272415698424336
2737
0.05996775946961336
2738
0.034019151726709884
2739
0.07205138221135712
2740
0.0637802917374095
2741
0.04713071913271959
2742
0.0711265162732504
2743
0.05172118961397738
2744
0.05670799581263364
2745
0.07476371759167277
2746
0.027325519819553872
2747
0.04902208972204259
2748
0.05602762192040393
2749
0.034384190587777745
2750
0.05866548208194878
2751
0.03685711253916271
2752
0.12195910687913797
2753
0.04362910222311552
2754
0.04246242660599234
2755
0.05734142037013707
2756
0.027857856608273446
2757
0.030693159338836994
2758
0.02263299849512569
2759
0.029636921678162044
2760
0.03840690420362718
2761
0.04949996743132996
2762
0.045701456581311944
2763
0.06820757753163878
2764
0.034361500068548816
2765
0.06876734925282539
2766
0.054703647796264986
2767
0.06027381929622217
2768
0.11466204144140305
2769
0.13647720697400284
2770
0.046625688741885295
2771
0.07460153973350346
2772
0.053763104601961376
2773
0.04244479987517128
2774
0.048786012410313606
2775
0.057073909595090885
2776
0.03697837230994746
2777
0.04392451177161186
2778
0.08546354800269623
2779
0.040663093968301776
2780
0.10339777495992454
2781
0.04179301677710726
2782
0.059638323692353834
2783
0.04723368686778068
2784
0.06305432789130042
2785
0.04879339396819518
2786
0.07235400935217758
2787
0.06998602226880961
2788
0.07622595011117246
2789
0.05360156558670201
2790
0.05378195392203636
2791
0.03836772139420713
2792
0.056315540187728594
2793
0.028004472556063052
2794
0.031434325212539214
2795
0.03565570988841909
2796
0.04355050044481885
2797
0.07957481683686803
2798
0.03430443195552666
2799
0.06761578924800732
2800
0.08040090865147816
2801
0.14942613257694443
2802
0.07224906661600017
2803
0.037298687521406346
2804
0.04918917929733195
2805
0.03545816591046144
2806
0.04254196453229718
2807
0.05938934863750514
2808
0.07960886963668302
2809
0.0906356366760861
2810
0.04106062029168203
2811
0.1521106479877956
2812
0.09339534942137549
2813
0.03868362045168964
2814
0.05383147005760121
2815
0.037147747579358945
2816
0.051832491926093925
2817
0.03159590912858157
2818
0.06691344449564106
2819
0.08361058783861505
2820
0.03393157141758658
2821
0.08136253476182724
2822
0.044388236366495755
2823
0.06483033770023275
2824
0.04239522267095222
2825
0.03810607733357499
2826
0.06261705975778156
2827
0.07128963306544131
2828
0.06457296868966415
2829
0.039467727869482355
2830
0.06803050757101033
2831
0.06013199264788588
2832
0.04270284135674986
2833
0.0882811356534647
2834
0.04697572095576067
2835
0.042191573312499245
2836
0.05467283306614132
2837
0.05191308145014208
2838
0.06345853667751566
2839
0.0838504712419054
2840
0.04696208597191275
2841
0.06274551015927049
2842
0.041652292832964094
2843
0.04373365849457797
2844
0.0706301591437398
2845
0.09935225217916159
2846
0.02993936771275178
2847
0.04252610444620243
2848
0.03988666570577179
2849
0.04801245342534713
2850
0.04388891016268431
2851
0.047771659297539175
2852
0.047821346806694365
2853
0.052688907002270274
2854
0.10184952148907284
2855
0.0701764319037887
2856
0.06982582956226586
2857
0.13652901828801225
2858
0.05722246958164707
2859
0.07440135828872085
2860
0.08219464073394568
2861
0.03970280960265058
2862
0.04377809436235933
2863
0.04750589900639391
2864
0.032818819467644075
2865
0.04109049886922291
2866
0.07610832591141917
2867
0.05463010240435661
2868
0.0508987997689674
2869
0.04680620053603844
2870
0.07776293773124361
2871
0.03857246939124909
2872
0.023005750741332962
2873
0.06857700408490804
2874
0.04240142426185396
2875
0.03065174304124977
2876
0.07592116673234932
2877
0.04363618752342575
2878
0.025228500658569006
2879
0.0693847569896691
2880
0.036036499599784
2881
0.040213486047428644
2882
0.10243424071943487
2883
0.04163296689896197
2884
0.06609032808768647
2885
0.06402757537474425
2886
0.03905940689151002
2887
0.08217741739948499
2888
0.05517140673810184
2889
0.04359059650522422
2890
0.10171600688583521
2891
0.04750569621220521
2892
0.054683881237628906
2893
0.045406869145909856
2894
0.05270988627167981
2895
0.08529442646632598
2896
0.06847087373236978
2897
0.06179244902974713
2898
0.0728405710661877
2899
0.04026216515822939
2900
0.06798425691137418
2901
0.04655482683208006
2902
0.028413668463009988
2903
0.05512864121101798
2904
0.03518070073938422
2905
0.05384907912396543
2906
0.077655610147994
2907
0.045726208380759074
2908
0.04255293395006618
2909
0.08292594432418558
2910
0.06635897482643902
2911
0.03558049269765621
2912
0.13093589072608103
2913
0.06331739273766199
2914
0.029223746183080976
2915
0.07637151895736569
2916
0.04247853888026285
2917
0.046573052393915876
2918
0.1200498083471257
2919
0.051790181352781815
2920
0.043520820103064135
2921
0.0729099021107112
2922
0.08529091622344755
2923
0.04066100779909949
2924
0.053406927298205446
2925
0.04138849446726947
2926
0.1098250718046049
2927
0.058626038695230934
2928
0.06151053045736888
2929
0.05455545402570294
2930
0.06223332561413925
2931
0.041107872720668036
2932
0.051417852217886716
2933
0.05453388238194475
2934
0.053011577773450905
2935
0.04143941192172109
2936
0.05944677271685855
2937
0.09552996582553165
2938
0.12985155783498173
2939
0.04886366069673566
2940
0.05961894163131106
2941
0.1535600628660849
2942
0.06005325752182396
2943
0.034458490265861154
2944
0.05022882355753622
2945
0.033806582641909326
2946
0.0270338995403296
2947
0.028696256444963677
2948
0.049884321037513245
2949
0.050907980661038375
2950
0.03919285247664877
2951
0.05336876168299375
2952
0.04459356410541922
2953
0.028872603085242067
2954
0.03664589004104787
2955
0.03122155581581515
2956
0.12385867389238832
2957
0.03866947153809474
2958
0.06438333287843628
2959
0.05817508843300831
2960
0.032022896224951414
2961
0.04275306371930519
2962
0.05595526062694842
2963
0.0640956104013311
2964
0.08958710549560203
2965
0.06668596991394744
2966
0.0417596235001004
2967
0.03698518613886905
2968
0.05229042104151477
2969
0.16445466466692257
2970
0.03254879944327983
2971
0.08299621710762094
2972
0.03880661032367954
2973
0.02529052634604032
2974
0.07722388409271688
2975
0.06251417075211178
2976
0.06738970743095139
2977
0.03595456393850724
2978
0.03212160712797074
2979
0.03644033973619736
2980
0.06698267778464193
2981
0.04063131076787631
2982
0.07337063116546819
2983
0.09863851283540222
2984
0.039596963794211945
2985
0.04823984273550188
2986
0.02247011936856391
2987
0.08575200706428736
2988
0.041620200095474895
2989
0.05348144389640619
2990
0.05774593377807261
2991
0.043060420874806556
2992
0.04219468593779096
2993
0.03200839771366667
2994
0.04729944456675655
2995
0.05951630979730839
2996
0.03453885982503151
2997
0.0932393767513787
2998
0.04958519548482679
2999
Mean MAE: 0.06043445391410054