nohup: ignoring input
0.33333333333333337
1281
427
0.7415378930715838
0
1.501581435055716
1
1.5541101153375938
2
1.8368793839296693
3
1.685569614140447
4
2.0460597965615688
5
2.022170228422042
6
0.7935139871819075
7
2.5028975296361176
8
1.3967950971073715
9
1.4186228940249515
10
2.037076794188306
11
1.205250681462987
12
1.5409908097141352
13
1.715038035850617
14
0.7682827088670632
15
1.7043029388177433
16
1.7706338994973903
17
1.4160199324035088
18
1.607725119872667
19
1.0230730455893564
20
1.0721248359716413
21
1.098497994423883
22
1.3318846787265437
23
0.6729949924122386
24
1.2135521856198896
25
1.5600562185616498
26
1.5579980730691922
27
1.349226856760731
28
1.7503064528653103
29
0.7855806940959839
30
1.6298284678673838
31
1.1586228195988286
32
0.7497813469979386
33
0.9061730081182697
34
1.0317990947775608
35
1.435092279214824
36
2.1121255852860803
37
1.165255533374233
38
1.6171928410953742
39
0.9419127744311472
40
1.423750517369376
41
1.0291496775963649
42
1.62060059291
43
1.1311436295200565
44
1.178771423258002
45
0.839803538764422
46
1.0498869482025346
47
1.2896729032823258
48
1.5000024532729002
49
0.8716128393269471
50
1.2967612076383892
51
1.77453646833665
52
0.9368609762537401
53
0.7218097113333077
54
1.583238418272645
55
1.12103233683794
56
1.5264817691938242
57
0.9796269436695315
58
1.3151506551352812
59
1.5931979563314171
60
1.7792855572016306
61
1.3187330052018698
62
1.2671208434325316
63
0.767839853407791
64
1.6448885007564842
65
0.8392757783071056
66
1.6680296199639606
67
1.7544541031132461
68
1.503093301298393
69
1.1808695431828944
70
1.1667988657397812
71
1.1313521139111482
72
1.3839241785374956
73
1.551262065375837
74
1.465821936587149
75
0.7282047017678579
76
1.9018669581214993
77
1.0308390630672881
78
1.437510474043223
79
1.5273437769050846
80
1.018958828835146
81
0.8401185990797629
82
1.3289895617826541
83
1.1206794618253446
84
2.0474953915295306
85
1.1664515825461907
86
1.2400201865858402
87
1.16036710287768
88
1.8606895165871313
89
1.6826529674068291
90
1.8479570999317985
91
1.8417687432798964
92
1.6924694073812032
93
1.8273284653383424
94
0.7282003729722656
95
1.780626304025223
96
1.7789324043754406
97
1.2160599746307958
98
1.0698648270765363
99
0.8166900369908181
100
1.5064323174697476
101
1.1672806016378556
102
0.8764972529238726
103
0.971580990926245
104
1.9790483195900117
105
2.1040217087574216
106
1.2939488585270904
107
1.55299141314847
108
1.3884101891461624
109
1.4462710741261557
110
2.1688549673612387
111
2.0856501123815683
112
1.3048608128043577
113
1.0036986729425004
114
2.0134948473508145
115
0.9862533409471582
116
1.301844295382289
117
0.7620429736537022
118
1.3024494590221427
119
1.7761140433899458
120
1.973088022517446
121
2.0344173009301056
122
1.4706852704710376
123
0.8644543774794767
124
1.8164883290264253
125
1.2605473219266643
126
1.2252035156167544
127
1.4761491394615676
128
1.6551820333065845
129
1.5801744403949003
130
1.548468885453953
131
0.650818282112991
132
1.397905877229689
133
0.643011621585801
134
1.821401756654992
135
2.0762712561404153
136
0.9938169862790812
137
0.6963139045272825
138
1.5651464481337536
139
1.1108569432706792
140
1.2522449519240895
141
1.7715485517807297
142
1.9462167707750777
143
1.3418778257582613
144
1.3265282117328336
145
1.3629570476622161
146
0.7257191336318499
147
1.5933598535709135
148
1.5572899295817137
149
1.7347512531157896
150
0.7534616768818813
151
1.4050239427394007
152
0.8404029437811084
153
0.7980984960271594
154
0.7871793980316166
155
1.2084374346325217
156
1.1744757982339689
157
1.2756148971208403
158
1.3866187564717891
159
1.4630607638367923
160
1.4621273117925666
161
1.2662718559357993
162
0.915079821427217
163
1.83154371943885
164
1.9499483083254823
165
2.0496194476047034
166
0.8353679032076844
167
1.0164923016035066
168
1.5057595481972041
169
1.5901652428127704
170
1.302622019449715
171
1.4826400340584134
172
1.0612017132535259
173
1.0300117981060692
174
1.9498499906123812
175
0.8345782564363451
176
1.6888891739263445
177
1.5460386859058781
178
1.3482042765231046
179
1.68541955718752
180
1.6324567244915917
181
1.264554955734547
182
1.102684461625543
183
1.5627228497123589
184
1.5885054724009349
185
0.8089026100711648
186
1.4628766998302372
187
1.7250140116350612
188
2.018582937093968
189
0.6853901947274303
190
1.445555720602841
191
1.0663546532507617
192
1.0011008901208556
193
1.4954868580240532
194
1.928912740854268
195
1.4063566088101056
196
1.2644732181474756
197
1.0016326111869005
198
1.8659788626099494
199
1.7277611941503532
200
1.2148927774505558
201
1.6308781435802118
202
1.1929964500240176
203
1.7660131132627381
204
0.9586870445835697
205
1.7612261225135453
206
0.7869071061765944
207
1.8752800483793286
208
1.652928859431447
209
1.8708043268190349
210
1.2454653273526624
211
1.8809091411040866
212
0.7289296746919668
213
1.2668261204213744
214
0.8146727115682553
215
1.495662106057285
216
1.2262282103435505
217
1.4201285407131337
218
0.900507177699462
219
1.4748814528715048
220
1.1362118028291253
221
1.6209859710084151
222
2.3621171446817053
223
1.2768026445971927
224
1.1210168738431006
225
1.8198557111675864
226
2.0334034632404023
227
1.26231809284455
228
1.4169538831624575
229
1.668066639999055
230
1.5031673086292987
231
0.8433277550782775
232
1.0130589558088454
233
2.2572579072325625
234
1.6800174344405676
235
1.3359776098907936
236
1.610355716291206
237
1.1378049011659022
238
1.0833737942793293
239
1.6475774307268882
240
1.3299159828489997
241
1.2111203271749829
242
1.7181940133910754
243
1.6636499233221917
244
0.7327092582654904
245
1.689789377181674
246
0.8029825007619174
247
1.2969737855006167
248
0.6473731562650971
249
1.3738508947408865
250
1.0723539936778432
251
0.9913963237130828
252
0.7657555416788427
253
1.3822935175616056
254
1.087812794307703
255
1.2679761000199223
256
1.215932107270526
257
1.2885578011579868
258
2.0242304801431277
259
1.597242749965443
260
0.7249469294012294
261
0.698686004143101
262
1.6740131062863086
263
1.6948753675961108
264
0.934969737289577
265
1.5515477282458934
266
1.1940161008816765
267
1.9953196555646369
268
0.8701541946342286
269
2.008891233563205
270
0.9136623126922603
271
0.7461181632969061
272
1.0121970500840465
273
0.9313381080040172
274
0.7928683570946486
275
1.8925218551780494
276
0.7634608042436405
277
1.4824492198791943
278
1.6210500928430573
279
1.1971943943251848
280
1.2475222106273363
281
0.9336960075743929
282
1.9420618702100516
283
1.0910136218975954
284
0.9479553935466999
285
2.0452919560886977
286
2.0570522274434
287
1.7407226968776275
288
1.9655370845777551
289
1.0751048545873563
290
1.4454051245234911
291
1.3776183906070918
292
0.849805899354195
293
1.5141942408764193
294
1.3175328446322556
295
1.9691986025619996
296
1.3026234313454212
297
1.257390647266319
298
0.6683602583414816
299
1.84775803937756
300
1.724193792572371
301
2.242621057065514
302
0.9505592417765429
303
1.3420006125208934
304
1.0332056811146226
305
1.1827233159682882
306
1.1303359633142924
307
1.6660055924186683
308
1.3392878451610215
309
1.183528821655697
310
0.8903130034148341
311
2.0026281893297897
312
1.4646900992755911
313
0.9234434705660602
314
0.7305808823883706
315
1.2587799218629991
316
1.0377276252306014
317
1.1204546769803927
318
0.886413307547822
319
1.5843090585187953
320
1.667373307837407
321
1.3899463620463997
322
1.5710450196288566
323
1.5248480962159807
324
2.2198572239433045
325
0.7602498577290709
326
1.699226520601783
327
0.9407140974707177
328
0.7216898428051999
329
0.6965184750625447
330
2.0274089454168425
331
0.6734430684099045
332
1.1724737353880597
333
1.4987323248041422
334
0.7567803638496875
335
0.973634286075973
336
1.229961267786083
337
1.067274419559614
338
1.3673894865344358
339
1.3250997699776998
340
1.228339070628985
341
1.6588590652755046
342
1.7198213528666941
343
1.2805330769377061
344
1.4075869309014957
345
1.2868882753717106
346
1.5537525228520448
347
1.380470798935281
348
1.447620630451015
349
1.059757238036077
350
1.5372672792872732
351
1.293254885388629
352
0.8535473592599582
353
0.7792154684273925
354
0.8601082924756818
355
1.1951556264430694
356
1.1293810510304023
357
1.4745451529994773
358
0.9728503798822218
359
2.150437494640773
360
1.112245931247023
361
1.5958342940982253
362
1.633854354934477
363
1.0611735647532488
364
1.317061379120802
365
1.76998548100122
366
1.3367707354459697
367
1.2360431353112555
368
1.8531888294849763
369
1.18020087203937
370
0.7612727770355086
371
1.0932794759712903
372
1.8760500172318655
373
1.7795696678452284
374
1.5274392838481592
375
0.8607579287071037
376
1.130446584247194
377
1.5131417272172318
378
1.7036365034146708
379
1.6333011551536716
380
1.5115470481937976
381
0.8989932180536416
382
1.086104133059569
383
2.024938699860018
384
1.3108044481717636
385
1.2499398347308055
386
1.849161397350013
387
1.0337807067797449
388
0.9000689846915704
389
1.549096912705737
390
1.6728266964627228
391
1.1335685970733471
392
0.8214777857742015
393
1.2091221128134948
394
1.5018282813904706
395
1.2529271244693598
396
1.7260254901946679
397
1.4873288147479167
398
1.2189847722486018
399
1.0041417083692308
400
1.0147954839189306
401
1.700734873874914
402
1.6547179171875497
403
1.2801213161425795
404
1.474293349496878
405
1.561833774369337
406
1.4521894833519347
407
1.2442804698035703
408
1.6824789306347163
409
1.0843196495664107
410
1.9553852062881352
411
2.0738183283225977
412
0.9080335583368142
413
0.7693820889900536
414
0.8928624325170568
415
1.727786899171012
416
1.557589907897677
417
0.700286545703106
418
1.7977520477265214
419
1.6539840070022542
420
1.7881108843523101
421
0.6943648047242196
422
1.2446123107822968
423
1.3340787718842628
424
1.1289254450014992
425
1.4036014111045059
426
1.2013404496467384
427
1.4778462174463116
428
1.5494416005238691
429
1.3323809319397752
430
2.0575231775688194
431
0.9155183806535329
432
1.1421088211921822
433
1.737369633874579
434
0.8729552362033174
435
0.9231595819866723
436
1.9731031486133137
437
0.6225101589815157
438
0.6901524310213765
439
2.018479916937089
440
2.163506643478988
441
0.6071470814442348
442
1.7240131571750776
443
1.3928535772601913
444
1.5618433136745613
445
1.1588320208266931
446
1.9261474835984633
447
1.254846071757559
448
1.4097426161710715
449
1.2440415733986345
450
0.8839717560007029
451
2.0255397001559086
452
0.7458423082469285
453
0.797931956602037
454
1.5633878587879224
455
1.821371093014862
456
0.8709962442851774
457
0.7545277522844396
458
1.4528383398314741
459
0.8461538305864812
460
1.931401029082916
461
1.901528856601668
462
0.8108236794960452
463
1.5961481199775502
464
1.1479940605261933
465
1.8135638059910761
466
1.0696304699100085
467
0.7631139054432178
468
0.6915848275065768
469
0.6247329118329293
470
1.2378632229632922
471
1.3278396185139407
472
1.7972054374533881
473
1.1938456568585336
474
1.0269587835271936
475
1.6795827290677223
476
1.8436085426692006
477
1.6347502752987473
478
1.3025434705075378
479
1.3336708388929788
480
1.809712804599122
481
1.4062370653307465
482
1.5907662251495152
483
0.8573051626834038
484
1.1499637067411788
485
1.6177498934412649
486
0.8814390777941881
487
1.8416075685883417
488
1.2295971961144254
489
1.6307339883822876
490
1.4596921536411687
491
0.7423081443551927
492
0.8717453814141546
493
0.6730862456243739
494
1.7227883615328135
495
1.0838356698791276
496
2.0778072882560887
497
1.2094964200563054
498
1.080695896850017
499
1.0268992306064768
500
1.1782963208225752
501
0.697715053409042
502
1.4641046762059513
503
1.3840633367673936
504
0.8340487928768849
505
1.6446247977890176
506
1.7421018616721888
507
1.8791972650254511
508
1.7881239674993628
509
0.7222691996457029
510
1.3818416491330006
511
0.9298108575219538
512
1.037585513470271
513
1.3992707746069988
514
1.1755874596569187
515
0.8973666198309015
516
1.936644746372024
517
1.37145880677302
518
2.125265766474871
519
0.9241655357607645
520
1.7216046536759055
521
1.1365440198858328
522
0.7053073682061255
523
0.7996911747694664
524
1.271003297021847
525
1.6744179599694644
526
1.6973475608606443
527
0.8301620767831501
528
1.3049246322191326
529
1.7644015402250417
530
1.2588729978512574
531
1.0166384130343347
532
1.6963510735699132
533
1.115922959129779
534
1.6612350779358946
535
1.5303919904496024
536
1.541161116131877
537
1.4973117908101015
538
1.6265029724192868
539
1.1568751738873897
540
0.7286445971121314
541
1.3813599998964852
542
0.9216324145915333
543
1.6234270743870982
544
1.410093121327676
545
1.9942934651046729
546
1.4388663997049103
547
0.8678982555467757
548
1.3115652767585824
549
1.4778732837773467
550
1.5390896664194278
551
0.8742811470904435
552
0.6302545330572407
553
1.267494887741351
554
1.528977247320904
555
1.5035028729995075
556
0.8626512574347852
557
1.2855130741112568
558
2.295844428327801
559
0.9764819265647189
560
2.358379330990343
561
0.7133901371915984
562
1.0165504415724962
563
1.63374278081279
564
1.5375960643236555
565
2.139937411734236
566
1.212653186729132
567
1.7426223828573928
568
0.7916931241443144
569
1.4471828572955596
570
1.1583501889680872
571
1.1219315407794272
572
1.5484002554652525
573
1.2152962304008015
574
0.7434324070359293
575
0.8435822487107832
576
1.5793242342987426
577
1.673136420392669
578
1.3412148681214653
579
1.050291506676147
580
0.8884665724675684
581
2.1448339334535462
582
1.7441007734966454
583
1.1937136124132286
584
1.0094245353001297
585
1.1016084472290364
586
0.9954839155282419
587
1.7910161949927186
588
1.0086195467707026
589
1.7160824831156896
590
1.7542779131596822
591
1.5214857778057684
592
1.6333403544727758
593
1.0206404039489154
594
1.483344321252211
595
0.7834560076227495
596
1.2188878308360847
597
1.2153456779835474
598
1.371029869968319
599
0.8668376081113496
600
1.2990796375448335
601
1.5227987517666355
602
0.8364850740786244
603
2.511652174685608
604
1.1766682145854184
605
0.6620805282183334
606
1.4843954239506656
607
1.1490496597687812
608
1.5900870514808325
609
1.349138558819451
610
1.3811769325342715
611
2.0167873911564613
612
1.398278798050585
613
1.4082079604123432
614
0.6667505967692363
615
0.8121938305736124
616
0.9813542753557073
617
1.4811428076980657
618
1.675445151963096
619
1.4765769935289472
620
1.7568024749649327
621
0.804819465807364
622
0.7713765768593988
623
0.9272904250636704
624
0.9545633297350812
625
1.947372242417825
626
0.8692480908768354
627
1.3177995162080942
628
1.5726876931492815
629
1.2623538893390502
630
1.3077063356644294
631
1.8016776987861436
632
2.0505180171370707
633
1.333483140773236
634
1.4772681774117087
635
1.174170550937075
636
1.2497147169413856
637
0.612393628209172
638
1.5398982737401112
639
1.088908479609571
640
1.8983227198305503
641
0.788725957749676
642
0.8706610033906972
643
1.5486299466407214
644
1.3484681447117874
645
0.9870735455224349
646
1.5566599250476623
647
1.8334079273564332
648
0.7229007498404315
649
1.3838477134814509
650
1.661716844944388
651
1.3316196900164292
652
1.7074536146293144
653
1.8574524027986983
654
1.6193594444605164
655
1.6447178596006848
656
1.1922520261951055
657
1.5714647480584694
658
1.5777114571856912
659
0.9798530371723476
660
0.7968609492278723
661
2.27429771050958
662
1.19029649731618
663
1.0074028780361626
664
1.490101937029827
665
1.3182558877669663
666
1.7504021924484041
667
1.6349609109253453
668
1.4681048542773052
669
1.9269570241786678
670
1.5985937406861075
671
0.9015032646284328
672
1.6476801342486722
673
0.7247859089602063
674
1.4068959196182333
675
0.9303735131298854
676
2.0264533394210162
677
1.6336405505539129
678
1.2083022048891074
679
1.2078265258377021
680
1.8100888273539615
681
1.681713222806333
682
1.1484688507443839
683
2.1099844557932457
684
1.2553028253857168
685
0.7412856280519706
686
1.6080660986404869
687
0.8090093422018544
688
1.18417351099665
689
0.838662880872233
690
1.3689245717303693
691
1.0030543001066434
692
0.7044820705854898
693
0.7330827867034743
694
1.0564248759991453
695
1.7091230657416854
696
1.622001815830651
697
0.6930585826664049
698
1.7970004124341286
699
0.8850201044732882
700
0.8193148948394111
701
1.3677180682018162
702
1.7670476016050007
703
1.0251665226747408
704
1.3511192803679957
705
1.233278519029572
706
1.4221498818257603
707
1.8301121156943316
708
1.4101482907575118
709
1.9110031803527494
710
1.0593905952536133
711
1.4826861657814712
712
1.2060374380860726
713
1.6694304339403478
714
1.7798145312440317
715
1.2333002301527354
716
1.7100077842413284
717
1.4546187241069914
718
1.904902069950571
719
1.541824434344582
720
0.7819671551506282
721
0.9063499861012112
722
1.0121363878109466
723
0.9875681566953964
724
1.9381107608057855
725
1.0573652551658306
726
0.7307289281015077
727
1.388303717687864
728
0.8871354367979142
729
1.4645220299677641
730
1.7723258792103453
731
1.4441900064735347
732
1.5184161236084939
733
1.1223965499536355
734
1.5158703294922167
735
0.8418549807157869
736
1.9985023432473867
737
0.9272558678976944
738
1.540883952767932
739
1.014231026954991
740
0.6967931587485038
741
0.8540792786539352
742
1.0754001403462576
743
0.6686231182556094
744
1.6914142548752902
745
1.6028255470747126
746
1.734012234774916
747
2.035486362636577
748
1.3334929182522484
749
0.9613467273200323
750
0.956152321782669
751
1.5197090577857937
752
0.7888661737093919
753
1.2853251621890338
754
1.5739718643174283
755
1.5697149263638313
756
1.213150331405719
757
1.4972159794284727
758
1.1943371275748942
759
1.0496548577294609
760
1.7082700353500426
761
1.728495490470816
762
1.616576294520587
763
0.7101327772924878
764
1.2736195979318297
765
1.732095780202426
766
0.7831779092180408
767
0.9064773646746062
768
1.498849982385359
769
1.6526357918614853
770
1.1422242512364167
771
1.8496885018939502
772
1.1045192109259185
773
1.3279355665100994
774
1.9959212439848146
775
0.8845287012616312
776
1.4615171028340408
777
1.1698806426370323
778
0.8843351515717793
779
1.5410978355801872
780
1.290589903581884
781
1.6440390166778371
782
0.9545784572227068
783
1.7772761671754376
784
0.7903180776201223
785
0.7941635499582512
786
0.8130408597521255
787
0.8458459376396181
788
1.206874583091098
789
1.3057020834301083
790
0.8884733603072558
791
0.9360935913815202
792
1.7934187380575581
793
1.2651083162109475
794
1.5085484097154906
795
1.1374686927446778
796
1.2756892666132773
797
1.8070702922490145
798
1.1197456978690998
799
1.158068433875222
800
1.4002909948443982
801
1.9420515822732818
802
0.9650864245172955
803
1.7882487987935427
804
1.4761853446962687
805
1.369095452065048
806
1.0399444125280235
807
1.803743375267631
808
1.7435500786269669
809
1.7410401298589315
810
1.1342554970812757
811
1.5583193582569597
812
1.7884663731850141
813
2.2027646232958493
814
1.4123935176035862
815
0.8169038261220091
816
1.379009109640957
817
1.036670477179217
818
1.4833748323995624
819
0.8260829913098314
820
1.3724972354790999
821
1.2665424876340377
822
0.6614989797885916
823
1.4307503513642406
824
0.7352493661349564
825
2.481018493826425
826
0.9054861524726411
827
1.1690637333143405
828
0.8191014402975547
829
0.9341516289667057
830
0.6070872529926824
831
0.8871225627444583
832
0.9851003598706644
833
0.671619381324128
834
0.7972169435627469
835
1.1446905044716305
836
1.0600023498912823
837
0.7603834346546758
838
0.6722582550585972
839
0.6812783698172943
840
1.2214469075140506
841
1.30872451510035
842
0.8199537313518708
843
1.3966308031675312
844
0.8342087904151155
845
1.529205572684191
846
1.7535347151380531
847
1.5261551673029359
848
1.6338084166825044
849
1.1002752217534186
850
0.7053141587561136
851
1.2192665279796264
852
1.425811371195336
853
1.0361942572120977
854
1.321168081156644
855
1.6662789772116209
856
1.151094606214958
857
1.7172443137060553
858
1.9755683214033701
859
1.41462513376977
860
1.5816282345437922
861
1.7908926721342084
862
0.7425894626593377
863
0.8117238368003575
864
1.3914355180621438
865
1.2278095230827062
866
2.39324141199841
867
1.3733438522161632
868
0.679725008668822
869
0.9230817932792862
870
0.7962171893798003
871
0.590184593968378
872
1.0137034955584268
873
1.6802788229195627
874
1.542857856272343
875
0.8432615074923169
876
1.7052659013937932
877
0.6812967937977762
878
1.3262840056361047
879
1.3465834227744122
880
0.8893362333196695
881
0.9531674784016548
882
1.4586500590990368
883
1.0328449842691108
884
0.7678276878399156
885
1.35530093898682
886
0.9893953892425013
887
1.2855937741718262
888
0.6380892959214691
889
0.8656507044520558
890
0.8686568790627198
891
0.7878030964152706
892
1.5487754863670182
893
0.7789096677555475
894
0.7362368564266117
895
2.102120287971624
896
1.0573333333640857
897
1.5869619571312485
898
1.6135265040790001
899
0.9342174562097011
900
1.6822719240491744
901
1.2773438531887267
902
1.1903666449647954
903
1.7613039738449137
904
1.15003153035355
905
1.0711516561926682
906
0.7447564947371647
907
1.6142611992837854
908
1.3675245263158005
909
1.9414583551570574
910
1.8047694679830701
911
1.7817025624271137
912
0.8732805554191216
913
1.0959861368606283
914
2.0365458876055973
915
1.4975890762519433
916
1.4461982779325615
917
1.4773057397366516
918
1.823620399237002
919
0.9506337782625373
920
0.8395920103090552
921
1.5881976936083522
922
1.7087938453331306
923
1.2689487145065605
924
1.3849488043981948
925
0.9109080878102428
926
0.975789633892097
927
1.0240203727545945
928
0.7540769876722415
929
1.4623137089616942
930
2.3090253734987827
931
1.4010705249368594
932
1.468262882388491
933
1.7114851360264947
934
1.3908409646810767
935
0.9225537134170281
936
1.1945720952014074
937
1.5337009017647438
938
1.7955700176420342
939
2.309706179622682
940
1.3942558870236939
941
1.1788634675089915
942
1.9266193747348532
943
1.893272035990762
944
1.4754169949695772
945
2.2747989141128717
946
1.2711622070404567
947
1.5097733861397211
948
1.3239811010924456
949
1.2884191923933113
950
1.2675779651720316
951
1.299373376303281
952
1.4269999778585156
953
1.711509436503272
954
1.643266743569325
955
2.1143332537961013
956
2.2223316060788654
957
1.1090865106544965
958
1.031478290888268
959
1.79590023288428
960
1.7941043036067041
961
1.204431382841838
962
1.4412142875534235
963
1.2832403581928877
964
2.030450653838973
965
0.7195635720103253
966
1.6689715074126543
967
0.8672253912921456
968
1.9396531957439331
969
1.095850756297158
970
1.380359869145616
971
1.9296188406788914
972
2.279034068373634
973
0.7926605943643331
974
0.9347159621567179
975
0.8963366876970738
976
1.3687282386160897
977
1.7214975254597227
978
1.3148278481291646
979
1.5008296711354785
980
2.151447834932364
981
1.0080163550379224
982
1.179746440452163
983
0.9130120364992178
984
1.2648790893621402
985
1.3542892557111266
986
1.185958409410611
987
1.1030832516372078
988
1.062655112145379
989
1.5697382983535932
990
1.0632427259162978
991
0.9122612634342911
992
0.6330477686228394
993
1.3914642317717187
994
1.9263196262258135
995
1.4580582794871813
996
1.0740728029586977
997
1.3217283067476173
998
0.9209694964628355
999
1.514255542546175
1000
0.680213956102032
1001
1.427674191574916
1002
1.3172795753475215
1003
1.6881289349312472
1004
1.2215889839048237
1005
1.2289730235604026
1006
1.6275653869142395
1007
1.3987344352775075
1008
1.0333143435920482
1009
1.4535397713809528
1010
0.7189968581452126
1011
1.569233108796711
1012
1.9395273322112352
1013
0.8723745732870561
1014
1.0720248014100715
1015
0.6364102846684454
1016
0.9005567176394127
1017
1.6656427732834334
1018
1.2685636230790118
1019
0.970963657135312
1020
1.3528814387104127
1021
1.1718755839535746
1022
1.3580677523277611
1023
1.2485727433375184
1024
0.833591294449897
1025
1.5282158059086746
1026
1.1979563644307074
1027
1.0872713035574595
1028
1.8000247068338313
1029
0.6876664423412968
1030
0.8225477501865675
1031
1.02457269740801
1032
1.5294865516555245
1033
1.2605882937363777
1034
2.4119213911058575
1035
1.2571719905309262
1036
0.9232682179665244
1037
2.3357699590544683
1038
1.9283659447920916
1039
1.9544686458654768
1040
1.2281589147643677
1041
1.3427086837082154
1042
1.3016803945634077
1043
1.8569265946097182
1044
1.506534671400399
1045
1.395300215348093
1046
1.6400226109103822
1047
1.4417199845336746
1048
0.877447438778446
1049
0.9681706176287105
1050
1.0890718620197977
1051
1.0202002291339702
1052
1.1215315478115435
1053
1.1782097457254386
1054
0.8510630756769274
1055
0.7082596783614125
1056
1.459882112012125
1057
2.0798425339219238
1058
1.0214676724621972
1059
1.0079306063356064
1060
0.7391908838502026
1061
0.9848333813289614
1062
1.4954325998575542
1063
1.5098065441957762
1064
1.5451222476610664
1065
0.8956207588971
1066
1.1751818982332245
1067
1.6998277901126337
1068
1.5900383782180536
1069
1.1931399734329096
1070
1.38320248372384
1071
1.7716550577232635
1072
0.6653792917633771
1073
1.7525867136776203
1074
1.3034867449501903
1075
0.5829354247666492
1076
1.1215149195932415
1077
1.373909405472146
1078
1.0258063877388002
1079
0.9583011888868769
1080
1.5599605301931097
1081
0.8707016052303372
1082
1.0026022240336605
1083
1.2946925297633605
1084
1.3763390985693296
1085
0.7612240619903662
1086
0.8539397272656748
1087
1.0618021953568324
1088
1.8033159675787764
1089
0.9619808568680706
1090
1.044467890505364
1091
1.9244300052504624
1092
1.2691966493545013
1093
0.9779444514413047
1094
1.5222367752851156
1095
1.5728543404910196
1096
0.7081961842392036
1097
0.9510961796428538
1098
1.3817409424561211
1099
1.077210852444326
1100
1.5102305487893413
1101
1.5244392281609853
1102
1.533482280516113
1103
1.567804709540534
1104
1.798712390626426
1105
1.5326809646765787
1106
1.6904557950924926
1107
1.7349315124536306
1108
0.9766013297587667
1109
1.347344417051012
1110
1.6361234643173839
1111
1.2618278846615585
1112
1.2893761010510074
1113
0.9787803768053613
1114
1.251337446823078
1115
1.7936325879791553
1116
1.4675557903982812
1117
0.941834993314861
1118
1.0754640190680131
1119
1.2970470550620319
1120
1.4250336720270929
1121
0.8796979500728234
1122
1.3935355809035963
1123
0.8460590825197384
1124
1.3033302036800831
1125
1.074273498375201
1126
0.7626790844204879
1127
1.6639785891277712
1128
1.388953212015296
1129
1.4238384114421252
1130
0.9214456568214359
1131
0.8184156445211215
1132
1.2133422149880213
1133
0.9082158216462332
1134
1.7485775958877054
1135
1.894162084064517
1136
0.9982655630391529
1137
1.3889685118658108
1138
0.9501352340457586
1139
1.0986166244195539
1140
0.9805319323188775
1141
1.2103457374723792
1142
0.8958173937778345
1143
1.3871471762806002
1144
1.16102504397968
1145
1.0934672051046195
1146
1.4420487201109968
1147
1.5606915466662195
1148
1.4126224902750109
1149
0.8166333464243355
1150
1.065346664530854
1151
1.442673792047264
1152
1.0997341737924633
1153
1.167717779651913
1154
1.4374616612272995
1155
1.2648759975063326
1156
1.277895862388195
1157
2.058947206830778
1158
1.064298739051787
1159
1.9524461653387477
1160
0.9401955839298042
1161
0.8649556126176894
1162
1.4657734804967253
1163
0.8468955787253374
1164
0.9223962856211606
1165
1.0670647679990108
1166
1.1510460021295779
1167
1.6186009289843948
1168
0.9013395164218886
1169
2.0883735141453124
1170
1.1956059426786456
1171
0.7923729431342578
1172
1.3444400030895036
1173
1.1328678992592287
1174
1.4225126182507808
1175
0.760347409285898
1176
0.6372297124146505
1177
1.8180085584771657
1178
1.0236346501527638
1179
1.2723850357390327
1180
0.8534894400181661
1181
1.0567766836452488
1182
1.0335749393862965
1183
1.1414144111339841
1184
1.0028126437249492
1185
1.2465614977774206
1186
0.7758136700267645
1187
1.958429828521039
1188
0.9108364294123746
1189
1.8712393304775297
1190
1.284172357053479
1191
1.5071160061944395
1192
1.6998199320680574
1193
2.0627545346380383
1194
1.697543994206754
1195
1.9360899496826471
1196
1.527975334434783
1197
1.7169062545461757
1198
1.1222762984026668
1199
0.9252853287541151
1200
1.2390115979348904
1201
0.8883089988415508
1202
1.084462673769296
1203
2.0446279451614697
1204
1.1953445483099083
1205
0.8965886700221749
1206
1.6915131418451692
1207
0.6559480395662814
1208
0.9592189716214208
1209
1.3397901385912394
1210
1.5431874307238491
1211
1.9553700614953726
1212
1.7738922876507355
1213
1.442666274864193
1214
1.333412127436496
1215
1.04416704494746
1216
0.8338631150606991
1217
0.5994123765316213
1218
1.0443461966748293
1219
1.4834869250481026
1220
1.3723665267221152
1221
1.251374741316213
1222
1.359844624232569
1223
1.41020654351029
1224
1.608734720833488
1225
1.961618677891037
1226
1.2479299577695124
1227
0.621657014788313
1228
1.3487085597966357
1229
1.7809298643979679
1230
1.6788976238996556
1231
1.299564030709238
1232
2.105577784687105
1233
1.1234047277450552
1234
0.8456208936864136
1235
1.314693085592171
1236
0.8939663480967763
1237
0.5810456627696989
1238
0.6141433679141621
1239
1.5721102158384506
1240
0.984701669311806
1241
0.7030703447885535
1242
0.9423359233145756
1243
1.426067765042832
1244
1.466938405340857
1245
1.744117601605537
1246
1.6831552499744113
1247
1.4883263416778962
1248
1.3742955168831517
1249
0.9840817611588607
1250
1.8016111922755607
1251
1.5534829863879764
1252
1.4647119371021602
1253
1.724795713862982
1254
1.648768137112171
1255
0.6271039721815036
1256
2.039280701567856
1257
1.5272727837876576
1258
1.827538793878078
1259
1.5677714433014431
1260
1.0677022898579303
1261
0.8844694159204312
1262
1.8681604440748867
1263
1.1383734730703172
1264
1.7750830128633954
1265
1.600248443029948
1266
0.9768001253296937
1267
0.7165773099538649
1268
1.8539309630273
1269
0.8902986660956597
1270
1.6594009030094166
1271
1.4653101122208128
1272
1.3304098400272404
1273
1.4378508426760195
1274
1.7306143186167193
1275
1.6642950977091882
1276
1.4430124277220138
1277
2.0141314155837757
1278
1.622152894847377
1279
0.7330009520254416
1280
1.0407485258638385
1281
1.5972116585312266
1282
1.4849267158884314
1283
1.2302899427325538
1284
0.8931545768324739
1285
1.4827620404933137
1286
1.043435857555704
1287
1.6877850735452624
1288
2.092627088133991
1289
0.6763781685621031
1290
0.8848654137437875
1291
1.1853504536515904
1292
1.4691127400963857
1293
0.8547350259303906
1294
2.156191415295833
1295
1.190898342354626
1296
1.7887548438660643
1297
1.730378063357529
1298
0.9210562411201135
1299
1.6578208223940796
1300
1.6386218851874155
1301
0.7122584478059883
1302
1.576705487501713
1303
1.347535044305133
1304
1.3832994198547335
1305
1.070714753885263
1306
1.512389236710499
1307
1.1409995664421166
1308
1.0693116860822984
1309
1.0603541163716648
1310
1.7734395022580955
1311
1.3691637509979735
1312
2.381749007418456
1313
1.5257920344412514
1314
1.4951475238670016
1315
1.1971654763017896
1316
0.6997142909383196
1317
2.1538250177788707
1318
1.1959282419732709
1319
1.5945004185422358
1320
0.9238264270846815
1321
1.4842124725322872
1322
1.4958632354663302
1323
0.6564233695894185
1324
1.776194743992662
1325
0.8741277057738854
1326
0.7572497812348112
1327
1.1777067122258844
1328
1.7406458605900623
1329
1.4173243446274122
1330
1.1293745274699565
1331
1.6887882237539862
1332
0.8478432377240205
1333
1.3116169272466198
1334
0.8504294543556286
1335
1.4018305758667031
1336
1.193558418846754
1337
1.4403587577006678
1338
1.4818504986102394
1339
2.0191483832109682
1340
1.257148925687251
1341
2.1017944013489767
1342
1.2964131219565886
1343
1.399961941079664
1344
1.1428861601221294
1345
0.8366333165817171
1346
0.9403984016215658
1347
1.9353750712940434
1348
1.3759752987739202
1349
1.3173722533673284
1350
1.7988234870944895
1351
1.0955796199976136
1352
1.3176145132373562
1353
1.8064385920991821
1354
0.7104799145244879
1355
0.8358688524301204
1356
1.5887740123960656
1357
1.9959520747676378
1358
0.8664381562110227
1359
1.552281809491774
1360
1.32349883841139
1361
0.9540634907759077
1362
0.6357979160970176
1363
1.484709064591161
1364
1.1117720314747574
1365
1.3861670215156168
1366
0.8117562191772953
1367
1.2342715839634935
1368
1.1982228238772858
1369
1.172177432036369
1370
1.1824409452643796
1371
0.790533032365084
1372
1.3510153027534844
1373
1.5010280012426944
1374
1.8254367490464594
1375
0.9004750978872078
1376
1.647502347680871
1377
1.4496207972155837
1378
1.516376992969492
1379
1.7560239472432493
1380
1.3203584696365978
1381
0.971636182781207
1382
1.1812640925145312
1383
1.0508940312803554
1384
2.2120216415057254
1385
0.8515653606782805
1386
1.6799766858523824
1387
0.9010058537083483
1388
0.8569578895740215
1389
0.7959017155789347
1390
0.6399956434204656
1391
2.4043148517874617
1392
1.0691766951952375
1393
1.1790072926243296
1394
1.3857772524014882
1395
1.0813852042656613
1396
1.7183451791084303
1397
1.5229802467075275
1398
1.5430379669911067
1399
1.2159455202589782
1400
1.6642835718180846
1401
1.5490857489424534
1402
0.8208471635390165
1403
1.4777364179359558
1404
0.6665005175948596
1405
0.8105028730067451
1406
1.1300493241487506
1407
2.0955909476001504
1408
1.3505582915148635
1409
1.123848623571369
1410
1.9984138560859945
1411
1.1847817058840493
1412
1.1445348057695512
1413
0.7392542441105117
1414
0.8129917284180181
1415
0.639565947874022
1416
1.4632965015285686
1417
1.1506847947485492
1418
1.6912569792803722
1419
1.9502508789457955
1420
1.2217292926267382
1421
1.2040550751754993
1422
1.327071581081455
1423
0.8227983670215181
1424
0.9721509666518031
1425
0.5960504741966871
1426
1.9871034632254567
1427
1.0687375219947393
1428
1.3337668849345319
1429
1.3305154512288062
1430
1.2234338239475082
1431
0.6598730187137671
1432
0.6946234627780659
1433
1.2858099353878967
1434
1.446856523201539
1435
2.125841263226321
1436
1.0863606644122672
1437
2.3788886790437087
1438
1.7970200454269845
1439
1.310265757166416
1440
1.4375398723715689
1441
1.3095959701229194
1442
1.2930235263807646
1443
1.6537957430229093
1444
1.234855866637164
1445
0.5986006847090243
1446
1.4922931451122012
1447
1.0908756505784096
1448
0.9390405016938574
1449
0.6582824089741548
1450
2.3867891586086976
1451
1.7869448571813311
1452
0.9748962916205549
1453
1.8768895571358857
1454
1.754528967912206
1455
1.529520253791377
1456
1.1408537659545765
1457
0.5926397043151034
1458
0.8925708558293659
1459
1.1667588699729736
1460
0.9649852948506522
1461
1.294126127816552
1462
1.5220755060409124
1463
1.350678909223943
1464
1.374508996328124
1465
1.2719994682132236
1466
1.4279480044033814
1467
1.5022317119841926
1468
1.8892128595229998
1469
1.7245493676721426
1470
1.0867785060197603
1471
0.8569540247760816
1472
1.385167584322802
1473
1.6584187931752314
1474
1.3322235445582513
1475
0.6611814858583162
1476
1.611356901625997
1477
0.851396303638489
1478
1.4535010391014285
1479
0.9172684601949013
1480
2.1687330813394783
1481
1.1430087999701293
1482
0.9414663792225892
1483
0.7317534349616494
1484
1.84004755071772
1485
1.451687104458239
1486
1.098777522150646
1487
1.4478179007345306
1488
1.3317155173329838
1489
1.1402447758389138
1490
1.5484266917014191
1491
1.4567467992329919
1492
1.5741956806409168
1493
1.5545896149137006
1494
1.6828111231565768
1495
0.9934783092233991
1496
1.0458282603033418
1497
0.7257500969716427
1498
0.6752859188593887
1499
1.5057452619763592
1500
1.0588785817423294
1501
1.1923793035502799
1502
1.2887068778305484
1503
1.5363780434200407
1504
0.6316411297773743
1505
1.0188616565595285
1506
1.3397956416029047
1507
1.019547497000339
1508
1.3950385474959865
1509
1.672101813938358
1510
1.8035275301501852
1511
0.8128734159557268
1512
1.1892069552398448
1513
0.9290737960375955
1514
1.2738762231718996
1515
0.7141833930069219
1516
0.9206838040002718
1517
0.9206303657421413
1518
1.3492156899431655
1519
1.4116399687214998
1520
1.564570351796503
1521
2.423259902247157
1522
1.6396489259005158
1523
0.9003611995297098
1524
0.988563576743607
1525
0.9962915267985507
1526
1.6843357943658548
1527
1.1525016031593993
1528
1.2033491778729108
1529
1.6673069482414757
1530
1.1142436824468662
1531
0.986591849689996
1532
1.3700914585778845
1533
1.2749027488524287
1534
0.7747209581948142
1535
1.255237299623742
1536
1.182104319737679
1537
1.8146587541621015
1538
1.2675118800367677
1539
0.8699147973007236
1540
1.4009110566882705
1541
1.7335645974730494
1542
0.9244832634061748
1543
1.21047457651547
1544
1.1133375575956144
1545
1.4833708086695792
1546
1.18058858879688
1547
1.406459017829345
1548
2.0114859871148814
1549
0.7510231186695357
1550
2.4087236048382237
1551
1.8406529269576892
1552
1.8597571938500945
1553
1.6910070870115137
1554
1.3975085709994979
1555
1.711257478485064
1556
1.66983585586679
1557
1.673100932559583
1558
0.9333560616561666
1559
0.7795778413388348
1560
1.4653151290449222
1561
1.7398595124583844
1562
1.6999612069545673
1563
1.1967920480861565
1564
1.2350646171357091
1565
1.284887444826737
1566
1.3494701179424387
1567
0.9326826299637336
1568
1.086132104315603
1569
0.6255831577655042
1570
1.0123379507432093
1571
1.3153293543684599
1572
0.8380094148831612
1573
1.2958157932358754
1574
1.3534354988775021
1575
1.356368050129425
1576
1.8024467547761898
1577
1.214948072420531
1578
1.1546177037660443
1579
1.5962992342052593
1580
1.9049287381560278
1581
0.8059630804195412
1582
1.3225633785332624
1583
1.2535995743866764
1584
1.4395319308418226
1585
0.8701656538745758
1586
1.1829315593459035
1587
1.2243361306170466
1588
1.756524490226401
1589
1.5265601343064654
1590
1.3461591810686377
1591
1.0544217508348193
1592
1.1765479600991362
1593
1.1421377286090666
1594
1.5324685096072417
1595
1.573881922088422
1596
1.0415890326369959
1597
1.1425562224381272
1598
1.979708984309848
1599
1.378480522913379
1600
1.0236101082525613
1601
1.5649283953516722
1602
0.6900853238413717
1603
1.4238114470536687
1604
1.374442164670393
1605
1.3446689519740884
1606
1.0570885787553674
1607
0.9791206055269083
1608
0.7063015905740435
1609
2.0664879851919067
1610
1.6344768449088325
1611
1.6630641015278125
1612
1.4657121564709716
1613
1.5632574172847753
1614
0.9222970333511459
1615
2.1448732548735627
1616
1.6493893581159338
1617
0.932157953642668
1618
1.5466926084197172
1619
1.103308001181501
1620
2.018216220573267
1621
1.4851447477324957
1622
1.5704562517345653
1623
1.0006229933849953
1624
0.75637774893016
1625
1.1336685674894884
1626
1.7046968027576395
1627
1.5600748422107826
1628
1.4584609390134982
1629
1.8059236924067492
1630
0.913690031879466
1631
0.8574986950183785
1632
1.6779640091586532
1633
1.1729507285085108
1634
1.096252744740192
1635
1.3140932468863835
1636
0.9055778872490032
1637
0.8999878771124906
1638
0.6905177820966893
1639
1.8905943175854358
1640
1.129148304301343
1641
0.8563993198654728
1642
1.4260361665818704
1643
1.0626927913321356
1644
1.72072740961144
1645
1.5051603402935019
1646
1.2401088627332753
1647
1.5971632405488774
1648
1.4622898865172067
1649
0.6465417599695104
1650
1.2006999544907766
1651
1.018266279775088
1652
1.204786484113731
1653
1.165809146500226
1654
1.476550780913236
1655
0.8519499578947329
1656
2.008862660049617
1657
1.2581643319222087
1658
1.7935272608162052
1659
1.5181498425094142
1660
1.3267849983258915
1661
1.7556499798144625
1662
1.6077538822602149
1663
1.0285011659998406
1664
1.2879581546570478
1665
2.319728612327618
1666
1.6294362033236656
1667
1.305283318103306
1668
1.80331638810013
1669
1.516015609236265
1670
1.5307863202982455
1671
1.5529009023177653
1672
0.9065278888258165
1673
0.6390687313803307
1674
1.1035218121149832
1675
1.3309548384797203
1676
1.6680252730552394
1677
1.505311844005986
1678
1.0165967335845005
1679
1.5476196859913443
1680
1.3764931979238637
1681
1.276028217570871
1682
1.2843061633220003
1683
0.727435378320019
1684
0.9160193137870922
1685
0.6574930333064203
1686
0.8701978913756726
1687
1.5461854047124541
1688
1.52790013660743
1689
0.5644630672222035
1690
1.9567869355082326
1691
1.0866343258833975
1692
1.1133650576123677
1693
0.9089273526947389
1694
1.181853013655954
1695
1.6469725956199412
1696
1.4399936480338478
1697
1.2958026167053596
1698
0.9418514489730562
1699
0.9069635086837224
1700
1.3460214892003795
1701
1.4501910909688267
1702
1.7157868382534405
1703
0.8267104493378706
1704
0.9753732177763591
1705
2.1283699349445637
1706
2.5819165822402987
1707
0.7996970832302943
1708
1.9144210152446408
1709
1.7819964405172086
1710
1.4661571014942907
1711
0.8768094893331834
1712
0.9982546041746707
1713
0.6311312840705113
1714
0.6293770812346411
1715
1.2829960339847895
1716
0.72087041667326
1717
1.960242841953516
1718
1.6642891177109271
1719
1.0345473112138426
1720
1.4929208830788638
1721
1.9250730870284496
1722
1.7312579590954313
1723
1.1341261514588552
1724
0.9647944106779194
1725
1.1673573440856155
1726
1.2727430677053853
1727
1.1948038554644147
1728
1.128328965306732
1729
1.1296431146864772
1730
1.3378297948179518
1731
1.0470830176371062
1732
1.6009153629628639
1733
1.8752601986036839
1734
1.9055961084088016
1735
1.1196270478506083
1736
0.7375427310900883
1737
0.6496218934904782
1738
0.681634572270711
1739
1.6349898977571375
1740
1.4670104794966963
1741
1.273230441115982
1742
1.3512426742558354
1743
1.3475774612545104
1744
0.7888978185837734
1745
1.0711565617477752
1746
1.5991922087520398
1747
1.5800243202352162
1748
1.277862969087605
1749
0.974986110180728
1750
1.4120878038213387
1751
1.3520339449946177
1752
1.1503069652506686
1753
1.1120185599271468
1754
1.1267057631086015
1755
1.1999111316500235
1756
1.3018788947048836
1757
1.0494108226310084
1758
1.4740627382653093
1759
1.414354843826436
1760
0.6980961373696256
1761
0.719660074393795
1762
1.5274418371022567
1763
1.5606672318300867
1764
1.1162860813172226
1765
1.393951443676904
1766
1.1587883209077634
1767
1.9096498328470426
1768
0.8069643301201386
1769
1.6682348091423818
1770
2.204958382099979
1771
0.7444978389677018
1772
1.3549268633465634
1773
2.0076675176918917
1774
1.891177568927713
1775
1.9477061148920136
1776
1.5949083891040794
1777
1.0606365898942038
1778
1.6988814419121996
1779
1.6967963449345123
1780
1.5619344675443694
1781
1.2437791974567702
1782
1.3166453924536747
1783
1.6936550264823909
1784
0.7765050836367636
1785
1.3136895200465941
1786
0.7505443809936658
1787
1.2119547101889543
1788
1.0010218754816946
1789
0.7742383029731651
1790
1.308259068681531
1791
1.5970927743402374
1792
1.4525059146313581
1793
2.1180642498056588
1794
1.8059382411856
1795
1.7766859450643258
1796
0.8721558287335028
1797
1.1030074722936303
1798
0.6292825437713235
1799
0.836734525391027
1800
1.2572341028413923
1801
1.243722866173119
1802
1.4621470530398328
1803
1.106383859546534
1804
1.5340091943970395
1805
1.893098051918581
1806
0.6119361617719868
1807
1.3364754968449908
1808
1.3832267180027578
1809
1.361942437796979
1810
2.0437204361814607
1811
0.7500610570752635
1812
0.927720123795328
1813
1.0614263977320477
1814
1.437431149562849
1815
1.125099190440145
1816
0.709621493111369
1817
0.6475516591968684
1818
1.5766928385744154
1819
1.4459967107088225
1820
1.7056544495090606
1821
2.0342125749810465
1822
2.3117690713329875
1823
1.4708092634072836
1824
1.7900702570610725
1825
1.273551819859766
1826
0.97945481169266
1827
1.5803998631694731
1828
1.6830069230950442
1829
1.4526792786639382
1830
0.880157638905043
1831
0.9593866359425276
1832
1.7137071560044057
1833
1.4554946968277171
1834
0.7720917996762887
1835
1.1853678435634856
1836
0.6972844674446881
1837
1.5365854956754348
1838
1.6765017249315006
1839
1.904342994076522
1840
1.8079620660363667
1841
1.8870353562029645
1842
1.4992142399251147
1843
1.4522182770590328
1844
0.8226378427505672
1845
1.1476148973301592
1846
1.0435853849662042
1847
1.5089493487242929
1848
1.3055058206414931
1849
0.7749297153138248
1850
0.6037572920692345
1851
1.2289613295731683
1852
1.6520442569604659
1853
1.4167262788072654
1854
1.5235888632231713
1855
0.9026969256307398
1856
0.9233240522866053
1857
1.7755096487638233
1858
1.3056490857811334
1859
0.9303653580697803
1860
0.7248088243851785
1861
1.38168070541269
1862
1.473216792866825
1863
1.1784393051353108
1864
1.5133672918997192
1865
1.6594404352194385
1866
1.6887324812949065
1867
0.7559123494612429
1868
1.252298056714445
1869
1.6940690267866516
1870
1.9734715718915596
1871
0.921955383429236
1872
1.4881251012624206
1873
1.1731729105459847
1874
0.7764585557802369
1875
1.6485553075002763
1876
1.5114186780064862
1877
1.8505688214061071
1878
0.9107849174278371
1879
1.1384192991975641
1880
0.9603553153512103
1881
0.9858309698746613
1882
1.6497870278373092
1883
0.9347773055004734
1884
1.4203783523521274
1885
1.1556367436323092
1886
1.8529389360060486
1887
1.7331667579999075
1888
0.6742395058511226
1889
1.4809636956831294
1890
1.8268653575327944
1891
0.8948386033189781
1892
1.491052628834918
1893
0.7901015213920032
1894
0.8015556329835342
1895
1.6709345855911681
1896
1.5093581955361364
1897
0.9301687139429122
1898
1.073072464210836
1899
0.6780661477003428
1900
1.0107055027942056
1901
1.658788005948424
1902
1.591171012633677
1903
1.593907371761401
1904
1.1428900112247826
1905
1.7927676286979235
1906
1.0392541829846624
1907
1.462480178028066
1908
1.9389251121556959
1909
1.2709381716584747
1910
1.5656898681617784
1911
1.125798261026607
1912
1.8435872027528644
1913
1.7415611059362277
1914
2.2482221358398258
1915
0.7987104449421091
1916
1.4844040119108104
1917
1.1842097060394532
1918
1.203832969870901
1919
1.5085328969605518
1920
0.8722236392599757
1921
0.8134121953328894
1922
0.8539792244197031
1923
1.5211385119839644
1924
1.9563753461535358
1925
1.5522503313027323
1926
1.5602522668661205
1927
1.3018126515366393
1928
1.4929107150958016
1929
1.7046081764706484
1930
1.095298249427221
1931
1.0503440109377844
1932
1.2255826801006922
1933
0.6870089605174671
1934
1.2159756936499753
1935
2.113770029476901
1936
1.2396569833647697
1937
0.9429685494728514
1938
1.3602795565049333
1939
1.4818252021640668
1940
0.90076800128518
1941
0.8172402639116689
1942
1.9778499219931136
1943
1.4558237144235076
1944
1.4235683810205293
1945
1.2552194506183412
1946
1.2707716832669032
1947
1.4086485814118523
1948
1.8392092258829236
1949
0.9518180629850913
1950
2.006653384904271
1951
1.0310486685215001
1952
0.853359315282176
1953
1.0712198118863054
1954
2.256212491975951
1955
1.3719462971848195
1956
0.9341683688284784
1957
0.6817388470903181
1958
0.6906257087890927
1959
0.8400679429535424
1960
1.5497063987545545
1961
0.9623501058683083
1962
1.240033715902421
1963
1.0518781406852775
1964
1.257217813509415
1965
1.2035849453416858
1966
1.2322024002368832
1967
1.278073498603988
1968
0.9064611369017331
1969
1.3318955742864758
1970
0.6490786964172173
1971
1.9844044733506854
1972
1.0963779406665008
1973
1.727327638985373
1974
1.439129413816157
1975
1.4302238583993057
1976
1.0180560746033314
1977
0.6221172291805098
1978
0.7818351095232184
1979
1.810273267367555
1980
0.8139575209481611
1981
1.4604813257707983
1982
1.199088167723836
1983
0.8743514407647627
1984
0.8027850320263996
1985
0.8828910191196361
1986
1.2842506900684765
1987
0.8161048418206217
1988
1.7279753088745728
1989
1.0422612712904589
1990
0.748488947337659
1991
0.6797812608806413
1992
1.218381686358325
1993
1.2460244671378966
1994
1.6940194186919788
1995
1.3038779828965694
1996
1.3725179120610698
1997
1.572075421931907
1998
1.8364512876012116
1999
0.7931066360301936
2000
1.898206376604504
2001
1.0940679424650546
2002
1.1973140879988047
2003
0.6419362278797262
2004
0.736830268512586
2005
0.7971882514666806
2006
1.565057693219686
2007
0.9978240114214916
2008
1.5955132160179408
2009
0.6879846689009063
2010
0.6244823066840256
2011
0.9426096253938386
2012
0.8139582890187123
2013
0.953533235958971
2014
1.6767289493041375
2015
0.8950300745505458
2016
1.730129928979217
2017
0.9855723810758551
2018
0.7017411106641988
2019
1.1379651735989753
2020
1.7299437099480044
2021
1.8345890629890118
2022
1.9921179849178967
2023
1.5693861946151866
2024
1.5892962406824527
2025
1.6905946653825028
2026
2.0242883958658338
2027
1.6560802127929921
2028
1.6259505255071005
2029
1.790683113219164
2030
0.8174347622419443
2031
1.5723959094256463
2032
1.4165676399023148
2033
1.7252786490564451
2034
1.6776393718357905
2035
1.4526684946869504
2036
1.4497686477908434
2037
0.7868392263499893
2038
1.0702493800846515
2039
1.7015929645206114
2040
0.9190833914437609
2041
1.1191096695234515
2042
1.3124126497387543
2043
1.4025089203181949
2044
1.6939538073791836
2045
1.4714428703826161
2046
0.6790996037753722
2047
1.2264177787916077
2048
1.1627486773097226
2049
0.8581149886575614
2050
1.9010552853231397
2051
1.613689967426624
2052
1.023855709737289
2053
1.6568489172452314
2054
1.5344371781669026
2055
1.8802711780458625
2056
1.7312879307322249
2057
1.013778167397067
2058
1.221923587544247
2059
0.8035815752533703
2060
1.7663511054020105
2061
1.0496403025974879
2062
1.978335734251993
2063
1.0623839980638812
2064
2.3405140620663616
2065
1.1220368046216163
2066
1.9017685110282707
2067
1.8860261969117782
2068
2.0633624915351083
2069
0.857862754086619
2070
1.3385020455940344
2071
1.3937054913774005
2072
2.0999701926216376
2073
1.446123165420979
2074
1.905476210094348
2075
0.6927988004312386
2076
1.6707283686583763
2077
0.655459264026269
2078
2.3605373596373895
2079
1.4471998012404919
2080
0.9323236756204811
2081
1.2717846045843266
2082
0.8358456838609376
2083
1.4941095844793206
2084
1.7800603888421471
2085
0.7317898166702422
2086
1.299881525386731
2087
1.0353176577788579
2088
1.1718107618847544
2089
0.8323547039655386
2090
1.1547697693144476
2091
1.3732874158813484
2092
0.6609090681019393
2093
1.9126954866096488
2094
0.8391772895971332
2095
0.6535797110146483
2096
1.2547276663843454
2097
1.390447389146396
2098
1.048281818214766
2099
1.5940185124949307
2100
1.7928029470667037
2101
0.8658986184171867
2102
2.5973815456332874
2103
1.6739215359672364
2104
1.018815427814879
2105
1.0988448058327418
2106
1.2734322833622804
2107
1.7723963432131928
2108
1.5974328532069775
2109
1.3679097556227595
2110
1.5070164057283026
2111
1.1433683422725256
2112
1.653512979675038
2113
1.5071302155059425
2114
1.7069536961500567
2115
1.0096003225389356
2116
1.4412433406156635
2117
0.8115857395271043
2118
0.9386860441819138
2119
1.4340655911539235
2120
0.861245324768682
2121
1.7868962452562471
2122
2.152075392035054
2123
2.0287659150897435
2124
1.079348288534314
2125
0.9463843228737456
2126
1.4357807431203684
2127
0.6460079334249064
2128
1.5705234779863315
2129
1.6386665487418601
2130
1.245957814853506
2131
1.1896652735714015
2132
1.1404476197403932
2133
1.6902573140064152
2134
1.3679745094987732
2135
1.2692021260388189
2136
1.2949559891329119
2137
1.2177518285462594
2138
1.2329523608992978
2139
0.8299357776620506
2140
1.523811363457092
2141
1.308462707778982
2142
1.654383604018075
2143
1.085106081385984
2144
1.6618632199614436
2145
1.6708729464604621
2146
0.8551272981996265
2147
1.9548209664169152
2148
1.7864258569284734
2149
1.1276941737458934
2150
1.5421073351413797
2151
0.7882630127693101
2152
1.3007630740567142
2153
1.0890607946169286
2154
1.4599549898519903
2155
1.5286194626476148
2156
1.6545707839133221
2157
1.8885095146229933
2158
1.2146220591741839
2159
0.854946274126774
2160
1.7049769433955941
2161
2.1497115137565945
2162
1.6701845204877392
2163
1.4297834841312682
2164
2.3340191303393887
2165
1.9154860817652823
2166
1.8602306531514432
2167
1.1773823000209642
2168
1.5161989362636725
2169
1.307286432430788
2170
1.8085833186357592
2171
1.2337318229423972
2172
0.915993471392351
2173
1.4373202471978679
2174
1.2384820392541736
2175
1.0302371700590431
2176
1.1589124561749486
2177
1.0839767116095274
2178
1.7709823219114493
2179
0.849975453182638
2180
1.3047602407404642
2181
1.583271634216582
2182
0.7466660509786479
2183
1.7543254931033958
2184
0.8624808165994566
2185
1.8634483399709922
2186
1.1005467219790799
2187
1.0200540141272525
2188
1.291915823068993
2189
1.7137952784432104
2190
1.5513560567081064
2191
1.533707533965601
2192
1.664944568583375
2193
1.0085905614738884
2194
0.9487926669981549
2195
1.745066201420098
2196
1.2302765997553353
2197
1.4457718183056
2198
0.7051988314378639
2199
1.82279662830893
2200
1.358519306301957
2201
1.43377931991772
2202
1.6013385317740507
2203
1.455402084083686
2204
0.9759008039022025
2205
1.7673528055087804
2206
1.6196262683939193
2207
2.0297702583608626
2208
1.4657294300158683
2209
1.919201406991319
2210
1.5348766899545292
2211
1.5110725171742667
2212
1.627193158254659
2213
1.267502618133688
2214
1.7846449900432582
2215
2.176258753328376
2216
1.514702494829997
2217
1.6867390314757085
2218
0.8808303017544844
2219
0.7598715851458465
2220
0.758012780899334
2221
0.6418039730335213
2222
1.5942982857346346
2223
1.6562425648204995
2224
0.843426084278175
2225
1.7157161859153653
2226
1.5043592670100054
2227
1.922134950030919
2228
0.6523105645874996
2229
0.608870860988722
2230
1.4367931550123083
2231
1.8360616011943398
2232
1.6652980977074128
2233
1.167780059110602
2234
1.7274184994340904
2235
1.4844249371042133
2236
1.8728719302741101
2237
1.7084715370259898
2238
0.7899535116166888
2239
1.108718311976705
2240
1.5580975241489539
2241
1.5055960517884317
2242
1.2858213073635192
2243
1.0140155161433018
2244
0.9544670858198142
2245
2.047056384917855
2246
1.3058982986115477
2247
1.1016217604826124
2248
0.859215984527378
2249
0.7704943473647976
2250
1.7660819038458493
2251
1.3742153820704146
2252
0.8948442566041358
2253
1.4013656350630532
2254
1.9692416038101068
2255
1.1309333196549047
2256
2.0085093211634057
2257
1.729497123347896
2258
1.498451141038594
2259
0.8968049033460486
2260
0.8670232272531534
2261
1.3793926221299313
2262
1.1230183617298508
2263
1.222284916018227
2264
0.9407296314270361
2265
1.7540541007902215
2266
1.390811758411053
2267
1.0267823150738646
2268
1.3968968983170633
2269
0.8743495205424784
2270
0.9886447684013883
2271
2.047073916011017
2272
1.2208187883610437
2273
1.737856074648682
2274
0.6586302038264242
2275
0.8120581553992609
2276
2.091302431807554
2277
0.6941897155800099
2278
1.5106398075363603
2279
1.4085883931632208
2280
1.603775077715817
2281
1.8618895889412201
2282
0.6273395835383696
2283
1.9118429179235459
2284
1.2378519572902713
2285
1.8224372305051415
2286
1.5135936956899996
2287
1.993228645795142
2288
2.031688128911999
2289
0.6268795396539817
2290
0.9417218336908331
2291
1.3991219423794838
2292
1.451852730441027
2293
1.0450459330314574
2294
1.3635533214968325
2295
1.5101866590364321
2296
0.8663330252472375
2297
1.2510683182565785
2298
1.4899042181043802
2299
0.8846526173555567
2300
1.2947499427481814
2301
1.1873839558067376
2302
1.9545830522238061
2303
1.37899514281443
2304
0.6207865842864991
2305
0.6358210653590269
2306
0.7402842646509447
2307
0.786649307042111
2308
1.2118021560826913
2309
1.2104912161578403
2310
1.6919401939578005
2311
1.0068082454349077
2312
1.6401056360161057
2313
1.8115301560350003
2314
1.3982920683151203
2315
1.316026609548986
2316
1.4542858896433302
2317
1.2628330929939633
2318
0.8107557888795323
2319
1.2867328102796085
2320
1.4109690576325242
2321
0.8629076611041664
2322
1.8394530348304117
2323
1.3195513660204854
2324
1.0828238381040969
2325
1.214270492278866
2326
1.525738396200443
2327
1.5837543757093806
2328
1.4338440620707402
2329
1.0578439568468774
2330
1.5029970327514632
2331
0.9187467441078572
2332
0.8551097910571943
2333
1.1130223789228098
2334
0.978466020529578
2335
1.2614344433776257
2336
1.455057995395865
2337
1.0823912063807442
2338
2.094426103898434
2339
1.3338972514372058
2340
1.7093855913765443
2341
0.916037628354065
2342
1.5110075221319454
2343
1.0886365655853822
2344
1.3642332240499704
2345
2.261688476416095
2346
1.2267637835393854
2347
1.8176540333907654
2348
1.4936895139207396
2349
2.115098733038826
2350
1.3132907978113766
2351
2.161905768467566
2352
0.6049975103375124
2353
1.1087104387357174
2354
1.6640425105291698
2355
1.4257784055080365
2356
0.6989162912426897
2357
1.145937251969692
2358
1.3216503766041556
2359
1.0562467197790797
2360
1.5254022880008178
2361
1.168953202015826
2362
1.1659912342483638
2363
0.7568517826973109
2364
1.392683312463051
2365
1.0248100586304907
2366
1.8446503757969888
2367
1.4777554351681295
2368
1.2014645686368803
2369
0.903308352574038
2370
2.0337207820858434
2371
1.5328148122856136
2372
1.5921741452210996
2373
1.3878773507061914
2374
1.4114912367186037
2375
0.9013099061069545
2376
1.0069138255733427
2377
1.1463060669756693
2378
0.6883786798929118
2379
1.6259430347476667
2380
0.954446663374763
2381
1.2196149081946355
2382
1.016883640539132
2383
1.5314870418103332
2384
1.2085876665852657
2385
0.8420326021918665
2386
1.1764217959998664
2387
1.713429175572675
2388
1.5824742900382653
2389
0.6750271189006929
2390
1.6200802791334183
2391
0.995604789484439
2392
1.5248360902146656
2393
1.2254777254888793
2394
1.6508257670851367
2395
1.269871049698875
2396
1.602309773868563
2397
1.6568269809387115
2398
1.343832537279849
2399
1.1104631964719014
2400
0.8275916886530031
2401
1.200562176351072
2402
1.4673801318181365
2403
0.9504385626728026
2404
0.7587440392069015
2405
0.7532521612329793
2406
1.5299352900612744
2407
1.7036947012379884
2408
1.558885888849444
2409
1.8586814445326298
2410
0.7756544729767249
2411
0.9962276100867655
2412
1.6095090685551408
2413
1.6407427147667566
2414
1.5644750614042937
2415
1.3869746760853443
2416
1.0666754541498324
2417
0.9406965133563048
2418
1.0633853201922197
2419
1.5372089783021232
2420
0.8434551879276753
2421
1.0770292117986975
2422
0.8084489191186461
2423
0.7903105591099687
2424
1.5147662641591189
2425
1.5076308712496045
2426
1.9508031185462953
2427
1.4106769574876223
2428
1.2577292025625701
2429
1.3827459113649423
2430
0.8649777283987341
2431
1.5085059092305189
2432
0.934590633794945
2433
1.041036780630799
2434
0.8658968200731275
2435
1.8397166012417998
2436
1.403266000934839
2437
1.0152846167210139
2438
0.5767955021161557
2439
2.1010990967747727
2440
1.79280141459783
2441
1.4471636049487437
2442
1.703922324878661
2443
1.385084582074746
2444
1.0158238954072714
2445
0.9668369207275712
2446
1.2433757412405746
2447
1.478005879983573
2448
0.9282179191477531
2449
1.3991931481154551
2450
1.569863731508265
2451
1.2459356958022425
2452
1.3232728825487718
2453
1.4452773271142254
2454
1.2741657117473453
2455
1.4509690962399315
2456
0.8039849362795748
2457
1.6519089309790007
2458
2.1231540965436104
2459
1.1255661738674287
2460
0.8121612360842375
2461
1.0547501315027374
2462
1.4042752037778257
2463
1.3213617816417034
2464
1.4420938220603579
2465
0.9352024566468582
2466
1.2745773837423147
2467
1.7865422714060535
2468
1.030790114702257
2469
1.6382269964670129
2470
1.1550021036647564
2471
1.1638559562927964
2472
1.7607706791670148
2473
1.2759370869041857
2474
1.1660628156637003
2475
1.122953455830349
2476
0.9239616744699111
2477
1.3534160729555211
2478
1.8030394103810106
2479
1.964359307061314
2480
1.3280449416552058
2481
1.1875862010288247
2482
2.0839815510265325
2483
0.8987465206720145
2484
1.3369806782899716
2485
2.0177744272845834
2486
0.584268174028495
2487
1.5119627917855074
2488
1.97897004903636
2489
1.841326155375135
2490
0.8963858690017377
2491
1.436636811703955
2492
1.3766152935701168
2493
1.0043052163732853
2494
1.2808045297309492
2495
1.23601901791872
2496
1.9533287043176415
2497
0.7725106698566915
2498
0.918498250649011
2499
1.278318818387306
2500
1.326093772948221
2501
1.0956734684028182
2502
1.1393150080981533
2503
0.7923248551125585
2504
1.118292127621109
2505
1.18556033787788
2506
1.7369920251392348
2507
1.4949364850766111
2508
0.7052576155013217
2509
1.6109374320820846
2510
1.7239055537437835
2511
0.6738993680985129
2512
1.5681574801072797
2513
1.0683336058652588
2514
1.7486835100362297
2515
2.1431062423265534
2516
0.7987013664747664
2517
0.8028828501403655
2518
1.3745045100538458
2519
1.15404698459748
2520
1.4722614790561206
2521
1.2809990576210744
2522
2.0749919560665533
2523
2.0953022856570516
2524
1.5917636488029043
2525
1.6632718077161317
2526
1.868168833011565
2527
2.0992700525102674
2528
2.2148769221438673
2529
1.226234621239894
2530
1.1386080303290573
2531
1.140303244608384
2532
1.7499039287028941
2533
1.5202343622119736
2534
1.0720430401746206
2535
1.539112272680889
2536
1.5907406796062715
2537
0.7306161440431534
2538
0.6297374394440179
2539
0.8161160099690818
2540
1.4237769624303724
2541
0.6350609976146404
2542
1.5186542396917404
2543
0.7549449063810774
2544
1.3830622634699459
2545
1.7541350342324542
2546
1.1006728954295903
2547
1.2074014386593392
2548
1.2565295333192024
2549
0.6443737876125042
2550
1.1576280931329634
2551
1.5090119865615335
2552
2.020777203336374
2553
1.8418074125362667
2554
0.9264973208324865
2555
0.8956317688015384
2556
1.4190029117265823
2557
0.6451162495658666
2558
1.532624266077874
2559
0.7681275406473175
2560
1.7092174597498042
2561
1.5729468183544806
2562
1.0170452441972286
2563
1.170339054677954
2564
1.7486252094670054
2565
1.987543550736888
2566
1.7412203557201291
2567
1.5655163261532432
2568
1.6399124136158691
2569
1.4406099623313213
2570
0.894306690534038
2571
1.4465556074142742
2572
1.8139700595688752
2573
1.1143726969245833
2574
1.0019212630497285
2575
0.862302211648215
2576
1.136996103927359
2577
0.9063475596557978
2578
0.9595579652517865
2579
1.4769540754814352
2580
1.3082203568584774
2581
1.2268340981887633
2582
1.7326007390735287
2583
1.9600139139954302
2584
1.1309482579182004
2585
1.3880024269997424
2586
1.655494324802959
2587
0.8726211558952244
2588
1.5385810920178735
2589
1.2575058285510181
2590
1.2959209172643311
2591
1.2383548062324574
2592
1.0990094281243934
2593
0.8766423684926373
2594
1.454329002944373
2595
0.8936144275513386
2596
1.0381133616898917
2597
1.7442015124252028
2598
0.7689922128264903
2599
1.5819232141950546
2600
1.231506708040084
2601
0.7781619653056884
2602
1.1791868852792975
2603
0.9163616438098532
2604
1.6875001028515983
2605
1.7607962199347695
2606
1.1482141066732183
2607
1.3309737183169836
2608
1.1331720200133149
2609
1.1898285927414303
2610
1.739930278037438
2611
0.8152048891879121
2612
1.1810913210595981
2613
1.9601860978511867
2614
1.7052709625703035
2615
1.521776528203465
2616
1.259857652056471
2617
1.9123162994131437
2618
1.2715843227470045
2619
1.1906759719122513
2620
1.6408017711883491
2621
1.56036189913894
2622
0.8668319393633314
2623
1.6775167609627428
2624
1.071163711904302
2625
0.8884650320320122
2626
1.2073299969404507
2627
0.9488670802168552
2628
0.801566195275954
2629
1.6769460898887725
2630
0.8471296447238704
2631
1.7733727290776382
2632
0.9233416822107668
2633
1.077529220074837
2634
1.018889177671268
2635
0.8306681160320684
2636
1.6965878207029763
2637
1.6566968519640277
2638
1.4330515096762866
2639
1.2049650060013068
2640
1.9218099290961763
2641
0.8899627377002476
2642
0.9749024596722653
2643
1.0561884057797573
2644
1.649124039737157
2645
1.0194080356666007
2646
1.9916646837688576
2647
1.9052540064509953
2648
1.4518217175283623
2649
1.73526225683317
2650
0.7009365138672901
2651
1.4496786211077235
2652
1.5510114097508012
2653
1.4700057093048704
2654
0.8882141071111967
2655
1.4822455360317965
2656
2.254547175924966
2657
1.4576186864506904
2658
1.4244285467526672
2659
1.0873188306191395
2660
1.898851356694178
2661
1.4865710487664903
2662
0.7730960884286993
2663
1.720627206590519
2664
1.3370448244451825
2665
1.234816248489612
2666
0.7858810840889916
2667
1.293262913333089
2668
0.9857439915500534
2669
1.379993019418298
2670
1.9128572195057771
2671
0.9069830501802362
2672
0.8725394212300558
2673
1.6083004514907058
2674
0.9142671928584972
2675
1.5021092461748244
2676
1.241328920335902
2677
1.2346368716659242
2678
0.8224021475836331
2679
1.4737706274232794
2680
0.9875772197193403
2681
0.9790574559789122
2682
1.7991950862650563
2683
1.2533709577082164
2684
1.7238341690080599
2685
1.0456703181130955
2686
1.0120814231244013
2687
1.034520489551988
2688
1.8127931177500942
2689
1.5495086269604215
2690
1.4844476162554308
2691
1.5171343161751216
2692
1.7182826619085447
2693
1.8097779870669102
2694
1.3780188317999527
2695
0.845808685249692
2696
0.8060573634593303
2697
1.2357316823189435
2698
1.2795724817559917
2699
1.809018544671534
2700
1.662193380031411
2701
1.0920082897272025
2702
0.8522523519134588
2703
0.8102315994104247
2704
0.8260783481479455
2705
1.666042719276417
2706
1.2060252611618365
2707
0.773787625220175
2708
0.9006701505364385
2709
0.911334888278735
2710
1.5382810262750282
2711
1.0424367019479626
2712
1.8773833880525497
2713
1.882722646080574
2714
0.9663807717544173
2715
2.0848785395135816
2716
0.719949428764148
2717
0.7991085101538985
2718
1.4061283020598507
2719
1.6979568651582078
2720
1.4771336183542891
2721
1.325342023503686
2722
0.9562221415264435
2723
1.2819288245928095
2724
0.8602886562233917
2725
1.0086263376732583
2726
1.6854985444796495
2727
1.2796885617579883
2728
0.9740795976917266
2729
1.4258578933862087
2730
1.3582426629156787
2731
1.6904811458598998
2732
1.2405341547371087
2733
1.2017466708408708
2734
1.095985959932515
2735
0.659665561806729
2736
1.308923127710103
2737
0.8808503366427143
2738
1.1473365728476317
2739
1.8557704062170663
2740
1.161528802893391
2741
0.9581882382500152
2742
1.9773324138755957
2743
1.1730766051197106
2744
1.2712208395054159
2745
1.6073312249103144
2746
1.4629845060796793
2747
0.8356566894630284
2748
1.4607557571873728
2749
1.261669352735188
2750
1.3356661783674255
2751
2.1297261256029922
2752
1.8014551848443667
2753
0.6254119989469594
2754
0.9667636736249261
2755
2.036433793140388
2756
0.8927423628069004
2757
1.478811445167882
2758
1.7236057828433005
2759
1.1850654342091822
2760
1.4692534311085566
2761
1.5389786718824527
2762
1.8946773389041691
2763
1.483969522563846
2764
1.0612617681750693
2765
1.295589972104409
2766
1.4771066704131426
2767
1.3419535616587446
2768
1.4652766919239595
2769
1.0320275112578436
2770
1.6143476090912336
2771
1.1094125551882446
2772
1.9425220912406314
2773
0.878316342250933
2774
1.5202339303154755
2775
0.804250077789399
2776
0.638112466524458
2777
1.5238198420034064
2778
0.7782358168889443
2779
1.091323081525477
2780
0.9899121115556404
2781
1.0494336886153908
2782
1.3160951035557311
2783
1.6162908662201845
2784
0.9161670245342295
2785
1.5476583190262965
2786
1.7249151093936221
2787
1.2045979929020096
2788
1.4295145344944886
2789
1.634250478719731
2790
1.4749784854519121
2791
2.0128171737944207
2792
1.243443952858405
2793
0.722119101550151
2794
0.750224758406906
2795
0.8225950172475415
2796
0.7291448631968943
2797
0.8746466648945059
2798
1.4909669224656448
2799
1.4656534582112646
2800
1.346012416435041
2801
0.7705191829290557
2802
1.2105114640708305
2803
0.6896669428452585
2804
1.266516829702207
2805
1.5675152697685424
2806
1.0909863414961067
2807
1.3178557136204536
2808
1.6793486385045895
2809
0.9687409103646444
2810
0.9975002581993403
2811
1.3814218625311976
2812
1.1902271165569391
2813
2.033743140503375
2814
1.715712790176593
2815
1.2091871228590674
2816
0.7991017860423163
2817
1.9880589111060532
2818
1.3021430712048419
2819
1.2263641894072017
2820
1.443671564699307
2821
1.8101043743198917
2822
1.6425533598090585
2823
0.9630749924753789
2824
1.7704528210236092
2825
1.1066208780734972
2826
1.8891512203279395
2827
0.6289303629796797
2828
0.7187089370752305
2829
1.6081285036343869
2830
1.3557533056594286
2831
1.8364489365152923
2832
0.7362812757860903
2833
0.8259887069832589
2834
0.846156230899008
2835
1.1506043982591585
2836
1.2583037149624214
2837
1.5458497354966965
2838
1.9097062110445793
2839
0.8777344083818591
2840
1.7164576053579994
2841
0.9920793861832231
2842
2.0976080158706325
2843
1.6585499714293919
2844
0.9354964441251624
2845
0.9570557663736577
2846
1.7491572161030233
2847
2.0779711061379653
2848
1.3293984150410938
2849
0.8463878249106336
2850
1.5032005196976346
2851
1.2420263974870498
2852
1.3408548520813506
2853
1.6777509348668398
2854
1.2660833730398249
2855
0.6943260587489166
2856
1.3625475813295103
2857
0.9197690566888699
2858
0.8537512671230262
2859
1.924430598651026
2860
1.6439352584915272
2861
0.8846216329731038
2862
1.4150399744079467
2863
1.3510173617168204
2864
0.8312762221865443
2865
1.7146771995594203
2866
1.3425181407672404
2867
1.0787872703664676
2868
0.6127850646418116
2869
1.8294048284245126
2870
1.559391532045567
2871
1.9367385112465993
2872
0.8136220035128425
2873
0.9546078029899047
2874
1.0684185127620394
2875
1.4467212428680007
2876
0.9548215952755338
2877
0.6490698480034384
2878
1.963467127914697
2879
1.077620105764453
2880
1.1669710339845139
2881
1.9013946833716031
2882
2.167185952409802
2883
2.24574804598657
2884
0.6697865374433934
2885
1.4877561341338246
2886
1.8339963841307687
2887
0.9022776633191644
2888
1.4244996944488835
2889
1.018441441731355
2890
1.4698794424466035
2891
1.2179073386820312
2892
1.037895035356884
2893
1.816802703245376
2894
1.6994511370386676
2895
1.1507008563107686
2896
0.9211574636209283
2897
1.0616361455087011
2898
0.63348098294971
2899
1.080595846501935
2900
0.8396070171168307
2901
1.5073744090056598
2902
0.9000905226053125
2903
1.3598182490589592
2904
1.5445968472320866
2905
1.6267751785422304
2906
0.8778781506415146
2907
1.3995439378992913
2908
1.1227282488406825
2909
0.6482676132269338
2910
0.8605314701473431
2911
1.9172742670471425
2912
1.2596423686294884
2913
1.5145841254211412
2914
1.1967368297258163
2915
1.0538783124821478
2916
1.2300590852482918
2917
0.8953025561508909
2918
1.1883662845001668
2919
1.5573064612359309
2920
1.6300278174753862
2921
1.7079228381268334
2922
0.6522577320098458
2923
1.7813688218342678
2924
1.735107436383272
2925
0.8295391485191341
2926
1.398782137033736
2927
0.8669764850060295
2928
1.3351085040216135
2929
0.8376614698965006
2930
1.5095611670098863
2931
1.2412843211486626
2932
0.940619555280066
2933
1.7835263170265985
2934
1.0700584710628482
2935
0.7560719038695255
2936
1.6741462032990106
2937
1.3945351641832413
2938
2.0000807504714846
2939
1.0021670030691905
2940
0.9475933818629334
2941
1.3883590185482881
2942
1.1197669282238396
2943
1.1449923396168062
2944
1.3091905037355618
2945
1.6401065126569032
2946
1.3029724693882292
2947
1.6088532488285001
2948
0.832546991845526
2949
0.7933772303824658
2950
1.4506481646468228
2951
1.204132844089753
2952
1.32270283830961
2953
0.9054218761826537
2954
0.7859874013290007
2955
1.0766273319993378
2956
0.8746638155638295
2957
1.6289428039793035
2958
0.9996005301255598
2959
0.8890806171352091
2960
0.7321602188587281
2961
1.5766803906459632
2962
1.1456548711535535
2963
1.2739257130002974
2964
1.3774496930880462
2965
1.1991014174652723
2966
0.772473500507297
2967
1.3852990146220197
2968
1.119519487961278
2969
2.2770804699570517
2970
1.249186991390138
2971
0.7472863098246767
2972
1.3767935056393097
2973
1.3531936080958988
2974
1.0319705610322114
2975
2.0084560107388016
2976
0.6657263004803708
2977
0.8135879307102925
2978
0.9596106087718836
2979
0.911659708227415
2980
1.3405760613898599
2981
1.2992152245470616
2982
0.8037561434286501
2983
2.0053870854860936
2984
0.6359556677508003
2985
0.9679991660698465
2986
1.5459282321567274
2987
1.7444429776411128
2988
1.3600931903244964
2989
1.1964037130087906
2990
2.096359692035136
2991
1.996707976438085
2992
1.2322373377938147
2993
1.1303820153116244
2994
1.0039431990803662
2995
1.9967234090285946
2996
1.3662827475435384
2997
1.6149879119167347
2998
1.216831435790841
2999
Mean MAE: 1.3192772018235723
