nohup: ignoring input
0.33333333333333337
1281
427
0.2827087295152961
0
0.25704279582942935
1
0.17646245837806246
2
0.2348061434579882
3
0.23570277679720603
4
0.22897703539790107
5
0.21415879294308815
6
0.15999198983500218
7
0.18081279958249122
8
0.5110175306198186
9
0.17756450424224804
10
0.3470740865027974
11
0.16890541989184885
12
0.20285688590959158
13
0.27425986485604215
14
0.21826239123165828
15
0.1822584993292803
16
0.37404814224076777
17
0.1639588576392175
18
0.2576447813725085
19
0.2585972986424839
20
0.33594875530005747
21
0.1712935819430791
22
0.19726191502927282
23
0.19430159312108694
24
0.1607907724149968
25
0.249674843619687
26
0.24863657990347815
27
0.17682833156871047
28
0.17822794636843856
29
0.19089767726971343
30
0.2096723833297546
31
0.21495041088635228
32
0.19396680102075242
33
0.24452295977464353
34
0.5391231231987267
35
0.38402554825785007
36
0.3282334468220755
37
0.17293959094752334
38
0.21853651085429324
39
0.3627040019140307
40
0.19878110199006319
41
0.20681642831330851
42
0.40669919011135885
43
0.21696054927677663
44
0.19059430066175032
45
0.2521676335222821
46
0.25380341277006263
47
0.29834029513611815
48
0.22208973743665406
49
0.21176750996650984
50
0.16825077315748913
51
0.2783220850846861
52
0.4744467900855325
53
0.23339643687835546
54
0.25889782157061286
55
0.18007628762867509
56
0.22623735241666787
57
0.22048693165799793
58
0.3067734973977586
59
0.20798791147299836
60
0.3126337595649361
61
0.16297065927112972
62
0.2352828363223891
63
0.18851018065713251
64
0.17904354107005327
65
0.15939602179069648
66
0.1877570347176972
67
0.21958491737188504
68
0.17265241044378932
69
0.1830379405142601
70
0.18813795412152665
71
0.1941511233089357
72
0.21216286901547454
73
0.1563531062563123
74
0.15904667108990883
75
0.240219807618096
76
0.1782090526480294
77
0.22776567861466512
78
0.1864020633921313
79
0.19326062469203723
80
0.22156866933397792
81
0.19680238214488294
82
0.17568349338949127
83
0.16818828135925185
84
0.17003923689740105
85
0.22077004725184346
86
0.18652323075104654
87
0.2373096062281667
88
0.20302632435893414
89
0.19006620091951235
90
0.1685149732644337
91
0.29568463795687305
92
0.19177382622306877
93
0.1977532979212092
94
0.2400284276617926
95
0.1976051520839773
96
0.31854578199278716
97
0.25324898470905133
98
0.19306771162131395
99
0.19044358952527396
100
0.3759850774727156
101
0.3493553185675079
102
0.15353848549100288
103
0.30912437731841097
104
0.25262730316807364
105
0.2332379844675819
106
0.19948964261525756
107
0.1658408597007535
108
0.3459521337918097
109
0.1909853248659213
110
0.2106029615785203
111
0.27489162753928204
112
0.2612036909212632
113
0.17421068830902184
114
0.19355551694114018
115
0.23965357364626963
116
0.27478207922372583
117
0.1614361266763179
118
0.19755878649364372
119
0.24319394536594954
120
0.29392424406664286
121
0.35552489033557555
122
0.26040332556771556
123
0.26483453119180983
124
0.2278041482919052
125
0.1968213677733871
126
0.2470588989877927
127
0.18145345640446714
128
0.22436220706834595
129
0.1710461213188019
130
0.33323810795827774
131
0.18114326993208932
132
0.19423671366414333
133
0.16943032980395664
134
0.32900383233839087
135
0.17258886891034286
136
0.4283863378208356
137
0.1876390256018838
138
0.1898667240173821
139
0.25223676205163836
140
0.2416467485407458
141
0.18086308171522428
142
0.35445755928430134
143
0.23404536528202374
144
0.1901209194218677
145
0.181389458066733
146
0.19900437966999188
147
0.2106407466478625
148
0.23182298878895002
149
0.23463583154161238
150
0.17004497970575824
151
0.326043657895328
152
0.15158649154522838
153
0.15679430024279672
154
0.3727758736916988
155
0.198376553920015
156
0.22646122936958016
157
0.1597572697162618
158
0.20603915652894186
159
0.2920326117641982
160
0.1614988149154091
161
0.19652698495317514
162
0.22861583753844966
163
0.2775492651008509
164
0.20397942835915286
165
0.24548697214642387
166
0.17111886929478604
167
0.21626192639233105
168
0.2549376104826973
169
0.16801656582368063
170
0.24487850104607667
171
0.24561038541504263
172
0.28904158067592833
173
0.18437281646639056
174
0.18248922997804434
175
0.1802457933418366
176
0.21819892815508965
177
0.16496124695846054
178
0.26926009498540615
179
0.2362622508140855
180
0.22742680021827313
181
0.18694781547064557
182
0.25728047691879435
183
0.1829536616348552
184
0.3395895684572048
185
0.19488394271783663
186
0.20349464077198312
187
0.32760440591797446
188
0.1804897743789651
189
0.20386506414320274
190
0.21649168519248999
191
0.21723689297403506
192
0.3082920882692018
193
0.23039332488258557
194
0.32172220637944765
195
0.2220690835635857
196
0.2178944499157095
197
0.196274681466173
198
0.3180196869693383
199
0.28029496350570593
200
0.23578823925353753
201
0.18335250235462436
202
0.1727240323465393
203
0.20905498234828834
204
0.1713138964505166
205
0.2351234260182181
206
0.25516378488016445
207
0.1745172403566487
208
0.14942587158397178
209
0.23095942016473225
210
0.23271650568400457
211
0.3217370953453851
212
0.21030355999769418
213
0.2777467928878945
214
0.23282440645224095
215
0.1937576883023734
216
0.2702267994481097
217
0.1953986441589315
218
0.3265526459462444
219
0.21626442301962023
220
0.2692084414491372
221
0.2575448388899428
222
0.46271946783452267
223
0.20441128122538502
224
0.1901600782939422
225
0.18955299287182673
226
0.27570439734707314
227
0.2272857158230496
228
0.18301401327211403
229
0.22425704933617435
230
0.17511851970916195
231
0.17889790157321164
232
0.18179228057065486
233
0.1624727066492954
234
0.2733099847383978
235
0.19550368861035747
236
0.1928316231053314
237
0.18920548384373034
238
0.16117581078948603
239
0.18830299710766382
240
0.27704846176242137
241
0.17599378586064943
242
0.3723047474749421
243
0.16502054150860423
244
0.23150528236860152
245
0.2272252422505374
246
0.19327254630333027
247
0.19686477180370748
248
0.2758114375569415
249
0.214462507330399
250
0.21535144102110473
251
0.38749543797954256
252
0.16153800197123805
253
0.24309877501625676
254
0.21965320015890344
255
0.36053777513675256
256
0.1733974857445543
257
0.22290992935862675
258
0.21373206968893635
259
0.18671547669193764
260
0.19517700704389956
261
0.25491541560242664
262
0.18174307762075592
263
0.1551093465236182
264
0.22491654527946192
265
0.23475609636663097
266
0.19380772562760387
267
0.18497308465938736
268
0.2080361516933631
269
0.22426522552924522
270
0.2339123375022935
271
0.17329733050499294
272
0.17926754686215274
273
0.2672247708808385
274
0.3288675935326686
275
0.2304047516163064
276
0.17797361619298685
277
0.19971129783386474
278
0.2635072521609867
279
0.21184336456702352
280
0.6861584637162266
281
0.3400962257971642
282
0.46163530524092855
283
0.24239528280790867
284
0.2182192824721786
285
0.3082026503227437
286
0.20191092092428156
287
0.20506930176379062
288
0.186420355270314
289
0.21929636356736668
290
0.16677407660506174
291
0.2276403038190048
292
0.2513601622876595
293
0.23760348070583978
294
0.22020668228379928
295
0.255976158196481
296
0.2591757283953185
297
0.23270605516487175
298
0.22641581242219394
299
0.2531152142382282
300
0.1882264141371119
301
0.3368936261739383
302
0.1906308112744034
303
0.1800790047405433
304
0.23453305952313006
305
0.22035401323242987
306
0.1806749126432258
307
0.2941907217610064
308
0.207796924974452
309
0.23556784189773453
310
0.1789794591135232
311
0.24538204700299374
312
0.1932176976930753
313
0.3798551475449587
314
0.3390017395130982
315
0.2607825070107966
316
0.2004891330892623
317
0.2153847236033908
318
0.20461205180842323
319
0.345454087711677
320
0.16861398905284553
321
0.22385682869328027
322
0.18834387940002026
323
0.2480339384400194
324
0.21847598541666752
325
0.2112694753023616
326
0.6342735697450383
327
0.3320714491337577
328
0.1881243076772576
329
0.3341085384804032
330
0.271017390158308
331
0.2201312345670507
332
0.1820599681209755
333
0.2631418037660156
334
0.18052501298383422
335
0.17658436132755276
336
0.2260308370344023
337
0.21083027139983762
338
0.1906446977901983
339
0.18579637242945854
340
0.1865197370286404
341
0.30379475855626303
342
0.17540127415456405
343
0.23263212751447704
344
0.23639353086476375
345
0.1713649840675389
346
0.2506623553465539
347
0.2352450546572021
348
0.21985329327163497
349
0.3140083549099758
350
0.19639132006348523
351
0.19912684683520793
352
0.21874582484293356
353
0.2135594174558035
354
0.2412477266973255
355
0.1962617806705753
356
0.23889521076580794
357
0.2516032748450298
358
0.19137354130475015
359
0.18424734270809665
360
0.28348950061274786
361
0.2516611191076057
362
0.17780456991050503
363
0.25602277035799637
364
0.2211842615264643
365
0.303413102485229
366
0.15992952313752942
367
0.2027826490457885
368
0.23754002298554378
369
0.2311444326466632
370
0.24461497325697706
371
0.3048728395668781
372
0.16875507973650364
373
0.1960175670143446
374
0.2046912844398225
375
0.1852628327333422
376
0.33560711565451945
377
0.3218024801680142
378
0.16543953768715436
379
0.1757945043932461
380
0.17546624415877932
381
0.17685400764685136
382
0.26863911259781564
383
0.1782534682637661
384
0.3236640091401317
385
0.19568991302324612
386
0.29277690567160836
387
0.20879429838604688
388
0.24232144910644488
389
0.3071845673519376
390
0.3769938451391933
391
0.24960365744358873
392
0.2648768120523024
393
0.2508416650587431
394
0.2040293493777319
395
0.21351331725828093
396
0.40068193612083436
397
0.21754757252359277
398
0.23755693953048224
399
0.18427800117380244
400
0.2804075168683015
401
0.2097416784524455
402
0.2067980670594488
403
0.3454710288908152
404
0.2010611774355736
405
0.19070569958912165
406
0.30503112306212976
407
0.22550594124295018
408
0.30365401790488117
409
0.1659759063480668
410
0.1614368156757338
411
0.18357166050301474
412
0.18459586602839345
413
0.2413449106100699
414
0.23774680530065234
415
0.4332688698023055
416
0.25817227435931894
417
0.19134038649482288
418
0.2410950160683375
419
0.48480938171778853
420
0.2264102738764813
421
0.1911652810932355
422
0.2891021856830296
423
0.2678871805540017
424
0.19188004550942617
425
0.19129165075775767
426
0.17101894451651015
427
0.3670596455925993
428
0.18856605691493897
429
0.24117937781256302
430
0.20820344409543742
431
0.2744247229434578
432
0.19539909712934386
433
0.174771445613969
434
0.2944917247990536
435
0.20664648310120212
436
0.23569336850012798
437
0.23722584886051404
438
0.1991925306778172
439
0.18105815807142828
440
0.320463815765988
441
0.2062989622310169
442
0.2218178551439213
443
0.18279712227210498
444
0.18289726357817299
445
0.20421662102293942
446
0.4169789097453476
447
0.21436843271176526
448
0.578488825516376
449
0.28878832876861327
450
0.20110831592069173
451
0.1719316340555535
452
0.18440195506138155
453
0.1972096372059198
454
0.19177414019207542
455
0.17631373525205352
456
0.3664055952098339
457
0.23370259084337455
458
0.19077658107017412
459
0.31362965445215313
460
0.26666161806859084
461
0.3601989121259322
462
0.17763814928616325
463
0.22152909714225966
464
0.2572512236186246
465
0.22670606468684212
466
0.18089493831623968
467
0.19460764749768936
468
0.24792787695253982
469
0.21677796301952093
470
0.3027445951428866
471
0.1959174629985449
472
0.22176289498379922
473
0.1753302220156371
474
0.24117241774196793
475
0.3914924718076121
476
0.22008792010310532
477
0.23890548754830482
478
0.21926146101295244
479
0.19741879418119268
480
0.2417612759960774
481
0.3474228890114986
482
0.2522700921085779
483
0.3107068431625283
484
0.1944593212592698
485
0.29610005961355534
486
0.24032902666142472
487
0.14844622050136863
488
0.3731092661363618
489
0.21889888268813673
490
0.32422815774590874
491
0.2853237274061421
492
0.19976346793675592
493
0.20177268520006417
494
0.24469175300600213
495
0.209234746241044
496
0.2039348368560531
497
0.31721539433082546
498
0.21748639846161283
499
0.29913948422816894
500
0.17157735422332837
501
0.24317920815934524
502
0.16497572272958785
503
0.2312722398122291
504
0.20682310830123893
505
0.17804817554124255
506
0.23602924830465494
507
0.1524642881804662
508
0.20142489625109153
509
0.21631244217887333
510
0.2016964576747465
511
0.2330105262767849
512
0.21153803755736067
513
0.20227374615520008
514
0.23148030191350757
515
0.18879066255335858
516
0.19439388998669516
517
0.4520433763522058
518
0.19411998150471993
519
0.16670831441649625
520
0.23881994084315392
521
0.2761893726739221
522
0.21514244405331379
523
0.17768876981335952
524
0.15872360847869427
525
0.2381732844836423
526
0.2447639496379634
527
0.2684784672328457
528
0.19926981598156687
529
0.2479006818180135
530
0.15732581537967105
531
0.1828249423589096
532
0.21555661899852224
533
0.20934672266080034
534
0.19834615915407747
535
0.202567382005241
536
0.2609660490975216
537
0.21839552090539271
538
0.23644513135269193
539
0.1654257352532925
540
0.18590828499739975
541
0.2785914597225525
542
0.1877494392246354
543
0.27047124169444037
544
0.28913319781807223
545
0.18455454027986368
546
0.23345466277883278
547
0.16031626425007717
548
0.2460033272508687
549
0.17008886837397139
550
0.21901577833201058
551
0.24136545672668963
552
0.18022142791512946
553
0.18581655981736517
554
0.1860713515197427
555
0.3683095857481602
556
0.18498322232355457
557
0.5972483554490214
558
0.2229533045060801
559
0.26807655191129465
560
0.3584248882657263
561
0.23351164234980176
562
0.23853637260014607
563
0.2782333924309779
564
0.21970482897633414
565
0.15911488801514595
566
0.21389832116539687
567
0.34746301173622113
568
0.19186373374210677
569
0.19600947069195784
570
0.2065781706558659
571
0.23137478101088557
572
0.18046504176843584
573
0.24362603295505006
574
0.2802684968777488
575
0.3647937035602964
576
0.5051613549461152
577
0.2875746743462009
578
0.2038279545642891
579
0.16306821917958336
580
0.25783721352200445
581
0.21200724802842147
582
0.20007466643417884
583
0.37823945254756747
584
0.16609184336151453
585
0.20378939180179784
586
0.19839951244855708
587
0.2272926546412655
588
0.1691779272107936
589
0.2371288085076634
590
0.2265024649530889
591
0.2067442506217783
592
0.22504402140390872
593
0.1550025741410604
594
0.17815237564413958
595
0.18574384040968578
596
0.15320206187557406
597
0.28397314679462965
598
0.16169042845642415
599
0.24516146653915472
600
0.20269223707308248
601
0.283078833440899
602
0.18208718131474683
603
0.22086935958877962
604
0.17952223154396524
605
0.17773595144609644
606
0.24297688070474727
607
0.415147884897832
608
0.31184854247960886
609
0.2668103591314123
610
0.3336427870365306
611
0.1663099804287277
612
0.24884628184263094
613
0.24137788570218258
614
0.16502316240858092
615
0.3286372525575703
616
0.22731120041737896
617
0.27776491135163667
618
0.18268759845442878
619
0.2186418200544393
620
0.2676046446856305
621
0.17195787648353836
622
0.1824941891702581
623
0.25021649657679723
624
0.21233856791866415
625
0.23158373467345594
626
0.20772953477168335
627
0.17676288204454405
628
0.16691783825446635
629
0.20704553578121762
630
0.1731746378291493
631
0.22256283254762696
632
0.22311856278949285
633
0.2525848736352496
634
0.21406540496553886
635
0.209711241065788
636
0.18125986388389562
637
0.36428977191634765
638
0.2348523075846329
639
0.2426935153932589
640
0.23994984352057938
641
0.22784911252891155
642
0.16549798414984254
643
0.4585806742100431
644
0.20295179913144573
645
0.21337989548228475
646
0.22327257006931214
647
0.19155611014282742
648
0.16740455433851575
649
0.26609977656433553
650
0.23464871833656636
651
0.16375953259620482
652
0.21536869185991392
653
0.1939491951564847
654
0.4686754362157627
655
0.4711802890865951
656
0.2512419077523199
657
0.167468258295923
658
0.22121018834862644
659
0.305636599122782
660
0.2779807872944788
661
0.300565423833419
662
0.183406286165291
663
0.27579015055419187
664
0.38436824073577
665
0.25129191516642635
666
0.18692833783968454
667
0.2247615719467267
668
0.15867094858919883
669
0.21997409784591943
670
0.2601947752478101
671
0.25217013215011613
672
0.17338711159535128
673
0.30808044436212956
674
0.2919747792500902
675
0.19984325564055955
676
0.2942191693743231
677
0.22559293051786167
678
0.19326785000275906
679
0.17165344963005028
680
0.29210444715841943
681
0.28230545990386696
682
0.1687592653662929
683
0.20942730032032866
684
0.2626244432382093
685
0.17305719769405567
686
0.21902854186567863
687
0.17226643618258822
688
0.183903689318041
689
0.3365323985752611
690
0.18309323683031128
691
0.18776333284747898
692
0.2554203914532665
693
0.20807488213839673
694
0.19390388434177216
695
0.17541927426272377
696
0.32028127269031864
697
0.20525829139380947
698
0.20065310861833624
699
0.18337713473350473
700
0.2687617309505027
701
0.21110091641854448
702
0.23972206906804489
703
0.17504956508648128
704
0.19796817622990445
705
0.2406297353143267
706
0.17904500628448972
707
0.19051187439440087
708
0.3121256313164838
709
0.2164065905213446
710
0.18973072675841016
711
0.1994034211495646
712
0.24948520065654325
713
0.18801027438467466
714
0.23512348855306411
715
0.22883396927598917
716
0.2574977433523793
717
0.16164300357174466
718
0.18864838726139566
719
0.19200099541916332
720
0.21380620313539903
721
0.19887771217304157
722
0.42678329661820186
723
0.18283543390042567
724
0.23581192448062022
725
0.18501397863063382
726
0.21845752940916469
727
0.1819168077690812
728
0.1860856453046199
729
0.18319298044324353
730
0.17052910987942246
731
0.2257812938667284
732
0.18884775425635
733
0.20959449842026717
734
0.49231049943925237
735
0.22266114151918265
736
0.18644735442563032
737
0.4311670395600919
738
0.2980010586076222
739
0.22562809118199892
740
0.18547558494789487
741
0.22430091437967464
742
0.2606862817334008
743
0.15525250351856196
744
0.2880579998929367
745
0.1800544724446879
746
0.2215156614950709
747
0.2148293725016094
748
0.3782578507775697
749
0.20940278111685676
750
0.2943643791512346
751
0.19500840172464323
752
0.2887624316688783
753
0.1742088882607287
754
0.17744286382846952
755
0.15380727975704697
756
0.17783230117284143
757
0.24122067654454754
758
0.22736743106400803
759
0.21399961842249313
760
0.17517167482295432
761
0.26456832664925056
762
0.20522403341899056
763
0.288939194734259
764
0.23115695393972147
765
0.188532756969039
766
0.22820967661068423
767
0.2176532381310309
768
0.1855817261301752
769
0.24544280040957178
770
0.2863443035481317
771
0.2934075123275646
772
0.26581715165988135
773
0.16166087804167334
774
0.18279011883761503
775
0.18420096812553713
776
0.20420025421795127
777
0.2274880680408122
778
0.20093255335175877
779
0.162302150117917
780
0.24249195085290287
781
0.2561305054376333
782
0.23282303216838582
783
0.277437674750333
784
0.1815825027088659
785
0.37802939862080964
786
0.2383536919823704
787
0.22238941795407122
788
0.18410304449365925
789
0.1699327416304252
790
0.16168645767350323
791
0.18509019732367166
792
0.17417488900000597
793
0.22105966740477492
794
0.2877738351277053
795
0.22457880239425496
796
0.2306624187246708
797
0.1890793080925157
798
0.23900776715891836
799
0.28066055730773487
800
0.16322212254369023
801
0.18468052175483696
802
0.16241120369154136
803
0.17681931453949687
804
0.21281333579981485
805
0.2727707247951527
806
0.39954991738227497
807
0.16595820036711492
808
0.1804341663228317
809
0.38424566185786574
810
0.2668300801653053
811
0.19791040655851097
812
0.17155608419782117
813
0.17143852885208322
814
0.20213388271083202
815
0.2110836865971392
816
0.2329057524386796
817
0.15181981481955592
818
0.22700235321689063
819
0.276385083239017
820
0.17419541236417962
821
0.1901588799325743
822
0.23613239737859432
823
0.2321807241174587
824
0.2141947051510603
825
0.18376505318723613
826
0.30477367873650835
827
0.19799515041381732
828
0.22804531228774597
829
0.18947779050033653
830
0.2148837973129959
831
0.18326644013128138
832
0.21232371370115125
833
0.24772841621039624
834
0.23282295108601228
835
0.23056289798103793
836
0.17718076476117772
837
0.31592561182116924
838
0.17971462536717933
839
0.2096373607996522
840
0.1587697711062109
841
0.20562851136191235
842
0.17715100571263362
843
0.22903343361484937
844
0.22982993462244947
845
0.2630161407223635
846
0.29264325919488465
847
0.22387393479041617
848
0.25494381925292936
849
0.21765412619015231
850
0.22682247742480816
851
0.15109500097430933
852
0.24215650477079928
853
0.2062345082814453
854
0.20744813291927702
855
0.21121428409292217
856
0.23165574833621166
857
0.1609580539184509
858
0.3289607098408582
859
0.18501915532886626
860
0.181673983352023
861
0.17108336855096648
862
0.16566726557213338
863
0.23538440719695825
864
0.22240027887202857
865
0.16011887418748402
866
0.2600595312881289
867
0.23562520572229206
868
0.14513332501150417
869
0.1762941994974201
870
0.20838686669676718
871
0.17530638306037216
872
0.2452753521252477
873
0.2476478680305286
874
0.20428640944347834
875
0.262244842211893
876
0.2181344604125261
877
0.3308828616104012
878
0.22540286301758963
879
0.16114539373075998
880
0.30130747428189325
881
0.20481415579885007
882
0.2262836417861075
883
0.2178067834540277
884
0.20995365653047404
885
0.21977608892810294
886
0.20645792028576862
887
0.19997690867998255
888
0.37506014553833683
889
0.30447453746891306
890
0.16776419443072743
891
0.3068724147328991
892
0.17031612956437636
893
0.2072100140140562
894
0.16858726730591372
895
0.18309884432308343
896
0.203391543577258
897
0.18937279634182955
898
0.22103089877838802
899
0.2728270527310988
900
0.20759105408605055
901
0.19600923965619052
902
0.37810545346120983
903
0.17306930646357904
904
0.208508707146912
905
0.3041496955752686
906
0.24876172034980307
907
0.2190671279426038
908
0.1823415711151081
909
0.23357950039766728
910
0.26362020430074967
911
0.24188167724587128
912
0.19935577362910803
913
0.19614171875842806
914
0.22002716658071308
915
0.19404758903351096
916
0.23316027739011502
917
0.21567792247826217
918
0.26478656125683203
919
0.15453613318868495
920
0.24259013138385574
921
0.2566984122255807
922
0.22336081763412355
923
0.22060511031130908
924
0.4017848359470317
925
0.16352744634307464
926
0.2402378682273663
927
0.16110754739247374
928
0.23088961425184779
929
0.34296155493847774
930
0.1843525959486795
931
0.28518937425738744
932
0.413154940288565
933
0.3210523452937455
934
0.22801777792726707
935
0.40473875466970405
936
0.18868860746328064
937
0.2235353199410717
938
0.178079386322362
939
0.17989296518287595
940
0.19147691661091001
941
0.41322682716812653
942
0.19291594798743358
943
0.30329554146103427
944
0.16794701206565638
945
0.19091077151854405
946
0.1712536747362767
947
0.7020629563385712
948
0.19906773049673493
949
0.1874427464118619
950
0.2468310583862253
951
0.24124793697339872
952
0.22913495207452292
953
0.23386892062052925
954
0.17311605524127738
955
0.26607337197188613
956
0.23069021342885357
957
0.18240848194983514
958
0.18799305751720774
959
0.2501234345371631
960
0.20165239044564964
961
0.17512948734416178
962
0.2325280526265004
963
0.34816356473100823
964
0.1776938064818992
965
0.17565742063545586
966
0.39676806287662847
967
0.21053622866572488
968
0.1700206327361175
969
0.23728037003540478
970
0.22013921359276106
971
0.23915403654706874
972
0.24569244123145534
973
0.24470358650155583
974
0.2049211336795979
975
0.1832954655483712
976
0.2812804172113506
977
0.252893525914566
978
0.27083583524200405
979
0.20639186200420737
980
0.18096378519486117
981
0.27852870172857047
982
0.2041053861149351
983
0.17122314011109813
984
0.19827090338561926
985
0.192097598718987
986
0.2991852765657813
987
0.269399843393513
988
0.5288224048436071
989
0.18813201556994438
990
0.23825870025689086
991
0.2203230950639362
992
0.25427938038672965
993
0.26592307061099385
994
0.16338210863758887
995
0.23941386638829434
996
0.2500318408216738
997
0.17415512393951926
998
0.18935983261495995
999
0.1966171511447402
1000
0.2474012893240101
1001
0.21332622273257598
1002
0.2272460533896415
1003
0.1889986052098039
1004
0.1836614596868915
1005
0.22678637988061343
1006
0.26386848597142015
1007
0.26689741659905264
1008
0.16616582220084852
1009
0.1739566279734796
1010
0.19433892514304046
1011
0.24379126450160596
1012
0.22536822246576357
1013
0.23749967813168907
1014
0.21512631147696828
1015
0.19764805890519893
1016
0.19027338365535254
1017
0.24985555345769836
1018
0.22791128845984565
1019
0.22045100775589513
1020
0.20017022654675176
1021
0.2777671091076858
1022
0.24953228098538116
1023
0.23006529507943804
1024
0.2500978223391989
1025
0.20519657369940042
1026
0.2600957442065398
1027
0.224808019876052
1028
0.22181331994541384
1029
0.2728533566856139
1030
0.293640709320053
1031
0.3416079325553908
1032
0.18281799247614688
1033
0.21032336634210042
1034
0.2792668466077043
1035
0.23634137366586333
1036
0.24051782968183527
1037
0.37688162840982425
1038
0.18805968005132825
1039
0.3551980096897376
1040
0.2214013490206586
1041
0.18418739501334658
1042
0.24941602437010926
1043
0.2102298421884715
1044
0.26267193274769846
1045
0.15857846113000015
1046
0.26999495138101964
1047
0.24214456314181176
1048
0.23380371922038956
1049
0.28089004347342267
1050
0.20405402990272153
1051
0.2447526284352611
1052
0.22701622123170354
1053
0.21111001272824484
1054
0.172986087099278
1055
0.31918392402289447
1056
0.245991127362312
1057
0.2148200750127555
1058
0.17518281925286763
1059
0.17353159512312757
1060
0.2706483755055036
1061
0.25898156602897365
1062
0.207422101013732
1063
0.16136921781801322
1064
0.25864373199856233
1065
0.24509316443924034
1066
0.20643822392200356
1067
0.203909464883023
1068
0.21851054696109512
1069
0.1773596858111635
1070
0.16054828490061251
1071
0.22575738453911048
1072
0.17743288228312468
1073
0.25732654338102273
1074
0.24915553096426682
1075
0.27697625046503194
1076
0.24668785703771118
1077
0.18642598025922286
1078
0.18852190378271438
1079
0.22050900301420567
1080
0.17680766477706147
1081
0.24179754346253662
1082
0.27174265297576317
1083
0.20086849944572266
1084
0.2032220026901203
1085
0.37224447664405225
1086
0.41013498504565526
1087
0.21880477488621908
1088
0.16157944822170875
1089
0.22465730986451707
1090
0.21158785006207978
1091
0.19322624579076722
1092
0.21218087760078133
1093
0.20522690573531888
1094
0.4674566694293856
1095
0.17630641234594785
1096
0.16458573058548326
1097
0.2134211125243661
1098
0.2622992677386974
1099
0.24693071833749297
1100
0.165174184413882
1101
0.2870952600091844
1102
0.22811514099254007
1103
0.24069392767184009
1104
0.1872637467921819
1105
0.2816483195539595
1106
0.2530732353648766
1107
0.1660961235596662
1108
0.2054631525017757
1109
0.19807646204870882
1110
0.21892292286939952
1111
0.18995303614152162
1112
0.23601445744810942
1113
0.1891699353041555
1114
0.21517377267764443
1115
0.27077067058435306
1116
0.17146914579870362
1117
0.20110934037318873
1118
0.17485304760400278
1119
0.21384641481831057
1120
0.19760470841710656
1121
0.21686216340505482
1122
0.22236151848480615
1123
0.19573423419562966
1124
0.18795104322812448
1125
0.1887498432429702
1126
0.25074018722657243
1127
0.19425601126376071
1128
0.19729063877677278
1129
0.1758122542846319
1130
0.32789070519616803
1131
0.19198780317124314
1132
0.26631233130490956
1133
0.30064536235355743
1134
0.2081496841909022
1135
0.2962917992997425
1136
0.2465974060663494
1137
0.18796443921780076
1138
0.2774726898881211
1139
0.32390451672190934
1140
0.1848296756246933
1141
0.22719343883719467
1142
0.1693074679896976
1143
0.1923053078109842
1144
0.3311417138521834
1145
0.18117596348803125
1146
0.24041938988114275
1147
0.22132036902940574
1148
0.3112973051657904
1149
0.22231982699152225
1150
0.3329919665678807
1151
0.24277271337942036
1152
0.2911519408525376
1153
0.1883653538909668
1154
0.21285103364315758
1155
0.20233154769156939
1156
0.3018723792317358
1157
0.2242183966354966
1158
0.23518632542462445
1159
0.2258762701047776
1160
0.16901061719924704
1161
0.2051657906267493
1162
0.2090016534673547
1163
0.23257569172121137
1164
0.20856938385851523
1165
0.21732103243547538
1166
0.20733927657510376
1167
0.15682792967041473
1168
0.24365508372075712
1169
0.15505331490171248
1170
0.33528528175323336
1171
0.2285119045192478
1172
0.41960194551685875
1173
0.24431083259760936
1174
0.18135926771488617
1175
0.23028367994392632
1176
0.21944200510203507
1177
0.18802786297948323
1178
0.19311159821917448
1179
0.2932236166903218
1180
0.2564285950764497
1181
0.4042771382923649
1182
0.20210250162622637
1183
0.22951580759547768
1184
0.1724283704402285
1185
0.18041712658801937
1186
0.1584746297582037
1187
0.3518074076708114
1188
0.25687359432566464
1189
0.22595211054201467
1190
0.21144371879756607
1191
0.435237607552476
1192
0.17859695998132621
1193
0.20092905436241543
1194
0.22514988044852274
1195
0.2726354607707004
1196
0.2613781880876442
1197
0.1925191173431808
1198
0.19132373019859616
1199
0.2742204055745364
1200
0.20600781475564625
1201
0.23700095526235163
1202
0.15447204629171485
1203
0.19312493141590817
1204
0.2535104575207103
1205
0.18770316553358884
1206
0.4639726629463741
1207
0.1943259469555774
1208
0.2586457461275449
1209
0.23142159980021726
1210
0.1599734298453782
1211
0.20469002291097788
1212
0.17979459950908433
1213
0.22846108312901545
1214
0.22195121004217666
1215
0.2955476571453557
1216
0.27624874845464914
1217
0.25324212876761354
1218
0.22108462576752336
1219
0.24402763528779062
1220
0.4147683554122823
1221
0.18832376904655776
1222
0.2861547772172705
1223
0.28755785837863196
1224
0.294730919470523
1225
0.21855014004752876
1226
0.17394732892980658
1227
0.2538690075363741
1228
0.21240454652562316
1229
0.38349093929582556
1230
0.2217685665892576
1231
0.27139430388535685
1232
0.18304427778850954
1233
0.1636084035643045
1234
0.27016090338528376
1235
0.21605101630565143
1236
0.18539945063022922
1237
0.3778644139859006
1238
0.24456443778976703
1239
0.20565257020341016
1240
0.18555367363485856
1241
0.20247381745685472
1242
0.26289313985410206
1243
0.1874556126889438
1244
0.2471260746020021
1245
0.23558530571973393
1246
0.24331564882186577
1247
0.210012982451445
1248
0.20519101977178952
1249
0.2612071632602603
1250
0.205454046175075
1251
0.26718345546468397
1252
0.3365747302138532
1253
0.3587047058812269
1254
0.2377860029536959
1255
0.19595186325883443
1256
0.3603369820771859
1257
0.22679486990608705
1258
0.21725090926771046
1259
0.17848183404011506
1260
0.25568029603332326
1261
0.16528396575912688
1262
0.17182701069794834
1263
0.32414022458603525
1264
0.2050417662729748
1265
0.23469775014216465
1266
0.25309035730419893
1267
0.2968121614194289
1268
0.17303414238185563
1269
0.28129025958384046
1270
0.20967247077386125
1271
0.1656898597562202
1272
0.31272823502488956
1273
0.17053712702998783
1274
0.17468035251944128
1275
0.3068398082169388
1276
0.23701987080982506
1277
0.18999774910976128
1278
0.1878658373272789
1279
0.21500474684157878
1280
0.22312130667332786
1281
0.327632359958354
1282
0.2822827929808946
1283
0.4729269757359979
1284
0.2760854979837324
1285
0.18446238432389378
1286
0.2008770549391743
1287
0.2143990427747112
1288
0.2619375675357807
1289
0.2029254477472755
1290
0.2037210868478209
1291
0.15670244097268848
1292
0.21986497959967652
1293
0.24516558813567546
1294
0.22536080534109307
1295
0.21495780304822704
1296
0.2244357575555238
1297
0.2923911039450346
1298
0.21220657779629779
1299
0.20885520670955127
1300
0.22194486975867028
1301
0.16776523868461551
1302
0.1726658828829646
1303
0.24393193881058695
1304
0.1711736470361335
1305
0.18509264410538462
1306
0.16183677402171232
1307
0.19874556160916648
1308
0.24480262852515478
1309
0.2252931825403829
1310
0.20024183578946803
1311
0.23558640049029472
1312
0.20212673875652204
1313
0.1946475493538707
1314
0.20768622164441358
1315
0.38154427220055576
1316
0.3170737744815312
1317
0.18474650572227094
1318
0.19630178780226548
1319
0.28962064052834446
1320
0.18202366235443085
1321
0.23796277264265045
1322
0.17567715062152678
1323
0.34525475022864066
1324
0.25171153320022394
1325
0.2700864469772782
1326
0.1805762787308931
1327
0.21269365043343874
1328
0.2501930947792436
1329
0.2547736005891076
1330
0.2824204259727116
1331
0.20923255987778547
1332
0.17204981282921722
1333
0.2599252563620004
1334
0.19177789239296406
1335
0.2560248354320369
1336
0.19574730774513058
1337
0.3340383002421081
1338
0.2007820775381282
1339
0.20470346163315964
1340
0.22849320896731062
1341
0.24915777793195873
1342
0.21256141116565627
1343
0.2098950034403857
1344
0.2047811643522658
1345
0.2390245353527933
1346
0.2649216485583524
1347
0.2358246451303885
1348
0.21667447386126423
1349
0.24958368302813239
1350
0.16971670361677416
1351
0.20022614425158194
1352
0.2427097523047194
1353
0.18082299549886766
1354
0.20268086457289383
1355
0.1797462308931717
1356
0.1940424264754237
1357
0.2132586306065189
1358
0.286477772920995
1359
0.18869283078610916
1360
0.2686569334725506
1361
0.17456067864664476
1362
0.18171781783110316
1363
0.24754723918153465
1364
0.21968220154194906
1365
0.23278766350575178
1366
0.20874461815651865
1367
0.23162896110801898
1368
0.292531632971973
1369
0.23503929440422305
1370
0.22377737173746345
1371
0.2862115386028006
1372
0.2208265185936042
1373
0.3363364821644315
1374
0.23866143624184788
1375
0.3283702479025142
1376
0.2036158102436561
1377
0.24149872968160502
1378
0.16650584698312232
1379
0.301686938226424
1380
0.21772514193053646
1381
0.17587279561015506
1382
0.3196058839407016
1383
0.16350042402462958
1384
0.2613134251809949
1385
0.19775232670339116
1386
0.2740583258163067
1387
0.22225449212482892
1388
0.26946656369597666
1389
0.2999180514598202
1390
0.22221391425532155
1391
0.3580641431815315
1392
0.2071997993595618
1393
0.1910764407738025
1394
0.20762065200965468
1395
0.21770376677398112
1396
0.2004181187052904
1397
0.2376781353192531
1398
0.21607953984432055
1399
0.1666296425677883
1400
0.23491335726986623
1401
0.223246725268118
1402
0.178454344523997
1403
0.23228632723100276
1404
0.1789906569520825
1405
0.2521616133364952
1406
0.23340414025813744
1407
0.2008579208916058
1408
0.31750696146482493
1409
0.1556484849824479
1410
0.40117902167167224
1411
0.24460414838116015
1412
0.21975832762756176
1413
0.20719220950300507
1414
0.18788633470461436
1415
0.21211617123421936
1416
0.20070302431735845
1417
0.227731549255515
1418
0.2858102752038053
1419
0.1715695174915936
1420
0.25975897449794005
1421
0.18346898700313308
1422
0.17815908449066173
1423
0.20845708554691167
1424
0.17247638771056964
1425
0.23320707986293074
1426
0.20780170438889098
1427
0.18808156651576532
1428
0.22414030647670916
1429
0.3354124750816179
1430
0.28024023282042904
1431
0.2346173713916109
1432
0.21628844712363643
1433
0.2744197885408319
1434
0.20329730393471093
1435
0.3255611665787778
1436
0.19903477282637305
1437
0.17465482643975025
1438
0.28333250711622604
1439
0.22506816156604328
1440
0.2699668180620385
1441
0.18238215452941867
1442
0.1606479515171684
1443
0.21398941715930267
1444
0.27554905894528675
1445
0.30199630834070923
1446
0.5199344693593433
1447
0.1952363718093601
1448
0.18717312429655894
1449
0.23576850010397335
1450
0.2097359908939003
1451
0.18209328654259932
1452
0.20876292471344216
1453
0.6969087940459475
1454
0.26483957631316607
1455
0.18098753050147778
1456
0.17887992747979312
1457
0.17134937678293782
1458
0.33126300470538933
1459
0.24375165206698904
1460
0.28054353779212343
1461
0.22859605829346477
1462
0.43287174691192815
1463
0.20981693160465542
1464
0.2982920174382262
1465
0.17765412203405537
1466
0.3280067197473583
1467
0.20017750758189007
1468
0.2892824640873027
1469
0.17219384673944627
1470
0.2779903330494154
1471
0.2249718241134083
1472
0.1910415127431299
1473
0.33867197264914145
1474
0.22835597203429708
1475
0.37374847289889945
1476
0.16975476483288712
1477
0.2236142278090028
1478
0.2012420681691018
1479
0.26685653433638595
1480
0.2731669345836896
1481
0.20540272074601765
1482
0.20578573067663972
1483
0.28561699023798665
1484
0.31151521615482586
1485
0.34351266610633685
1486
0.253392978362966
1487
0.31422456274041943
1488
0.315098823619631
1489
0.1957532313559188
1490
0.2989681574732701
1491
0.43634699166522534
1492
0.24722907188494195
1493
0.1857119486701341
1494
0.24769873720674265
1495
0.17005883687975298
1496
0.24532781755234706
1497
0.2257030343880964
1498
0.17065603148471636
1499
0.18872292099829185
1500
0.18344334944336868
1501
0.1542686253580156
1502
0.1772894855470233
1503
0.3039112831394328
1504
0.3014194358317767
1505
0.3047400560638962
1506
0.4427725285017895
1507
0.19071318650488223
1508
0.2103818236660421
1509
0.17196989782169747
1510
0.2689817606329687
1511
0.2245923748490147
1512
0.21479669769626505
1513
0.14956426110103485
1514
0.2131784879915547
1515
0.1893940707129342
1516
0.19793038253353037
1517
0.2559749277555702
1518
0.280940698405428
1519
0.20568960857924334
1520
0.18519218303105364
1521
0.19762818658706388
1522
0.23584294081563761
1523
0.44637348413818106
1524
0.2220270354932528
1525
0.26000644464683265
1526
0.18482863460660448
1527
0.19555678077549724
1528
0.19889276789482424
1529
0.3158286804938871
1530
0.24353381450442022
1531
0.18627885866435567
1532
0.22442782966801336
1533
0.3838913375013216
1534
0.173135774838499
1535
0.19143437791679305
1536
0.332467344280055
1537
0.23389032911207314
1538
0.18698593932756774
1539
0.2317520788284808
1540
0.1776914464691981
1541
0.40831291485596394
1542
0.18037951698344998
1543
0.1831192758435458
1544
0.23279770348647819
1545
0.22344341060468956
1546
0.15999469940536043
1547
0.16851219650579033
1548
0.2302688811316028
1549
0.4095491648973149
1550
0.2095074773725278
1551
0.20065731601646133
1552
0.20540104124770867
1553
0.18587615387921785
1554
0.18023338518765755
1555
0.2604509221618418
1556
0.16539692000794964
1557
0.34016709794253885
1558
0.24355644132122245
1559
0.19961339269536346
1560
0.27581313557242326
1561
0.25561642020800923
1562
0.17863060833997646
1563
0.36453737522821383
1564
0.18638563574860217
1565
0.20483010641868324
1566
0.1957958092372524
1567
0.2263499778121133
1568
0.2319524454465345
1569
0.27085678282356823
1570
0.17875601615021744
1571
0.2132459578874439
1572
0.2303590111665054
1573
0.26899909366414626
1574
0.19817269974787055
1575
0.24674576410568497
1576
0.2612991818084869
1577
0.26990212142272935
1578
0.16299322398427896
1579
0.31859260311486015
1580
0.20183301790276853
1581
0.27803158436925246
1582
0.3446814366902133
1583
0.2503898544612571
1584
0.3406067916224112
1585
0.20873003390475628
1586
0.2082729137779714
1587
0.1600750840937266
1588
0.1769354867894906
1589
0.270280256844804
1590
0.23894370899572104
1591
0.2099167468477276
1592
0.2519965485242019
1593
0.2639635281783219
1594
0.31976557669858086
1595
0.20129284939830272
1596
0.3892270285186626
1597
0.22412104451876724
1598
0.21310795198255875
1599
0.27377282333465197
1600
0.30094603606521636
1601
0.21441999547715776
1602
0.18218640362222324
1603
0.20217391201295795
1604
0.22072702520750662
1605
0.16978854633153737
1606
0.20974378420985684
1607
0.2975130215792207
1608
0.23367451003899728
1609
0.17994417980148547
1610
0.18269030457053978
1611
0.2594260633074555
1612
0.3002513568531499
1613
0.22938719319321535
1614
0.22256590670301427
1615
0.25272699132464427
1616
0.22644298388387682
1617
0.2832250549192542
1618
0.18473052357641767
1619
0.1883023991762156
1620
0.16665960486910444
1621
0.19799332681171486
1622
0.20657964502997808
1623
0.1851275571738706
1624
0.15191324376257584
1625
0.24936431997863714
1626
0.19843028814319216
1627
0.19078231315365618
1628
0.1696388848674919
1629
0.16993469470613756
1630
0.26290372098067155
1631
0.24048486026724572
1632
0.1745973396630225
1633
0.17690806710266238
1634
0.17988022668277479
1635
0.22297168123699843
1636
0.29906602697213097
1637
0.1819869963224816
1638
0.18165200556391498
1639
0.19510369910083128
1640
0.1847676779775096
1641
0.18761220229975215
1642
0.22347631251191008
1643
0.39172622212636116
1644
0.18786319760510412
1645
0.421929730486813
1646
0.17019102622264112
1647
0.1938183726696383
1648
0.21589667439291213
1649
0.1998767670790629
1650
0.24236866510520014
1651
0.18432940017961488
1652
0.1906475360697438
1653
0.32799299658307024
1654
0.18727944861203008
1655
0.19444436095959333
1656
0.2078021973849532
1657
0.3221292888972454
1658
0.18217978212353816
1659
0.28176639763115296
1660
0.30056467733034253
1661
0.22031705185419856
1662
0.23974375034005305
1663
0.25334827263386644
1664
0.22564406437119852
1665
0.27135469093249853
1666
0.21222330818133253
1667
0.32083793859492465
1668
0.2214584597067975
1669
0.24176342797591224
1670
0.2985481537077866
1671
0.19223544992409192
1672
0.21900737015501498
1673
0.18083141534941236
1674
0.19160865115076153
1675
0.15333704329859174
1676
0.18751157444653743
1677
0.21749322623930575
1678
0.19268704044531249
1679
0.2116027416177709
1680
0.27114480850563905
1681
0.25836989629508517
1682
0.2548890313360325
1683
0.19997194110815855
1684
0.2505031993776047
1685
0.20963667460103502
1686
0.21512697124408703
1687
0.1914004551462074
1688
0.22964436936473703
1689
0.18840796717698602
1690
0.20606574699614563
1691
0.22571098932748093
1692
0.4239108819862585
1693
0.22824111612705128
1694
0.4017576763189952
1695
0.22077525240456106
1696
0.20026591323184836
1697
0.31216008155836894
1698
0.2474544845820701
1699
0.21885379169492572
1700
0.21155089827097523
1701
0.1772916247495862
1702
0.3344910859248104
1703
0.2739266812623666
1704
0.18461697487042747
1705
0.31929219809229353
1706
0.22070008654183818
1707
0.19144242004306675
1708
0.3570887598282989
1709
0.1973371267448338
1710
0.205456141042428
1711
0.17841900089883167
1712
0.2794524266265099
1713
0.24101569333157247
1714
0.17189548278333652
1715
0.24129902869578132
1716
0.2590073617157958
1717
0.2211120139260462
1718
0.26455720037441066
1719
0.28258480741542563
1720
0.23594125889720208
1721
0.24408135268904996
1722
0.2365407931569668
1723
0.20190554786625825
1724
0.228726933926912
1725
0.17522573967610933
1726
0.23628699144306856
1727
0.16554231948193043
1728
0.15828540555100187
1729
0.1859343897640939
1730
0.21060915372528252
1731
0.3768529837236365
1732
0.20034605102025602
1733
0.18356803499322288
1734
0.21502114761032412
1735
0.22209977599337669
1736
0.22715207056910175
1737
0.16875356317400167
1738
0.26966924067925635
1739
0.2330629767707628
1740
0.20599480486645197
1741
0.20954131815040927
1742
0.45308908183036184
1743
0.2742879337060696
1744
0.20280808168466846
1745
0.22134769831218065
1746
0.3140623624429945
1747
0.21890189994847314
1748
0.20149228443607675
1749
0.3072995524500011
1750
0.298725101044398
1751
0.15510549567951173
1752
0.19702392802401492
1753
0.25329142369510615
1754
0.2987338415448165
1755
0.18281734171446842
1756
0.15847582219552747
1757
0.274181850012657
1758
0.19139979072889032
1759
0.2133469580474206
1760
0.23464198539347425
1761
0.15303245150406353
1762
0.22144262742815127
1763
0.43666770809930977
1764
0.19331618546962404
1765
0.2352010922082115
1766
0.17734114691822372
1767
0.2247791849464997
1768
0.17216262589467643
1769
0.2119004703825377
1770
0.1890751500242562
1771
0.17658830162886632
1772
0.2047735371826487
1773
0.1956893637384174
1774
0.1743907290386267
1775
0.28067230504775553
1776
0.26169893368219
1777
0.21488509575686687
1778
0.20554601664513422
1779
0.21201687399179553
1780
0.1900790675778475
1781
0.22460889128140657
1782
0.3182637546536308
1783
0.2704325664248952
1784
0.18000758119678525
1785
0.22552049776077038
1786
0.3103618121659154
1787
0.20883794781183437
1788
0.2664140826199932
1789
0.28191776738482893
1790
0.2413166842139057
1791
0.2665024247654214
1792
0.21434331797191394
1793
0.1939337640384386
1794
0.341366839010519
1795
0.2478644478712664
1796
0.24566998809639407
1797
0.28661317144321885
1798
0.20838724367372852
1799
0.29172245378534517
1800
0.3615891673981875
1801
0.3282837754558552
1802
0.20111728311257354
1803
0.18245117171822003
1804
0.2456140122071785
1805
0.293958439863897
1806
0.399027752900107
1807
0.24760491091631667
1808
0.22913023217903158
1809
0.22302164557014786
1810
0.21663203416844973
1811
0.2472760900805384
1812
0.1933281671376991
1813
0.15876405501635213
1814
0.23985607378007223
1815
0.16950729814952342
1816
0.3122152081345425
1817
0.5236762526304396
1818
0.21700346123661912
1819
0.3224228233964778
1820
0.2780634700296599
1821
0.23015628452468856
1822
0.17232999902558466
1823
0.16409697585564917
1824
0.2121710298977453
1825
0.17465583869231835
1826
0.15782517828133294
1827
0.22979460034199203
1828
0.26812801365533295
1829
0.21809548255280445
1830
0.2637033362530928
1831
0.3110476679030318
1832
0.21714570289107504
1833
0.20068586810761227
1834
0.20997563664590993
1835
0.32718148929289403
1836
0.20578935150823657
1837
0.2424834706342218
1838
0.20643893571981833
1839
0.24685925693074187
1840
0.18069827939044766
1841
0.20289735024939662
1842
0.4978524118704474
1843
0.1855813655245864
1844
0.23463975708407392
1845
0.2372786695417914
1846
0.22437168832325036
1847
0.40462826761341614
1848
0.304219366479576
1849
0.21556941700705032
1850
0.17399127977600978
1851
0.21547447162562508
1852
0.2917093634009507
1853
0.32279824012302666
1854
0.2043446443250844
1855
0.1966215308682798
1856
0.1978989563849381
1857
0.21125540316529143
1858
0.19838934325815677
1859
0.27793866162857117
1860
0.1539544512839168
1861
0.2448664324783846
1862
0.19580197232931298
1863
0.23972165574112675
1864
0.23193543333455877
1865
0.22697862186921258
1866
0.20979178932935333
1867
0.2636523788599988
1868
0.24878766835427488
1869
0.2212669418384037
1870
0.186455599399095
1871
0.22014186026875654
1872
0.21243803556455948
1873
0.2722669503789075
1874
0.36558306968431714
1875
0.20012221726970333
1876
0.2034256416442222
1877
0.28729276594986575
1878
0.1607495194013086
1879
0.1836848682236294
1880
0.1649555008227378
1881
0.26155099327639425
1882
0.2059125337294833
1883
0.18093109216942863
1884
0.1901427601680666
1885
0.310086455725983
1886
0.19658130910514457
1887
0.3546985395452112
1888
0.2667770794271263
1889
0.336585267239602
1890
0.24392327920014528
1891
0.18023160160853127
1892
0.20239390264405108
1893
0.21796320364105554
1894
0.23778006357303638
1895
0.2208960605744659
1896
0.306073410804511
1897
0.34911464332854664
1898
0.1699127496801179
1899
0.2035355920877314
1900
0.2168040418513832
1901
0.2406517626253857
1902
0.343581345664935
1903
0.1644747374824912
1904
0.17663835970769132
1905
0.22710616782161916
1906
0.22927704701169505
1907
0.23436176871915992
1908
0.24989787521582602
1909
0.17299596778404883
1910
0.2598703012072917
1911
0.21233439422155348
1912
0.2773831783589333
1913
0.2314152593666193
1914
0.1695702452651899
1915
0.1697896386882162
1916
0.23784009523050442
1917
0.24161365396516357
1918
0.20277005336674964
1919
0.17454282914965838
1920
0.2188098908334695
1921
0.38373858083108076
1922
0.1950802371167912
1923
0.22020108865970428
1924
0.16613877713716668
1925
0.33838390264554435
1926
0.2212558006763139
1927
0.247590917902345
1928
0.17000199573459954
1929
0.1658062274888126
1930
0.19585973954599326
1931
0.29013441224994535
1932
0.18103638969762317
1933
0.31831765135980544
1934
0.2047574281560025
1935
0.20929593388932563
1936
0.20314577413978657
1937
0.23132929607690222
1938
0.20042508177332638
1939
0.1926466357855244
1940
0.1611601387702719
1941
0.2872788549443729
1942
0.23626633055850066
1943
0.15373474548187174
1944
0.3060347420018926
1945
0.19616415344515567
1946
0.27424884189246307
1947
0.20913673794122623
1948
0.1762092787678374
1949
0.21358266972120538
1950
0.34065481634332134
1951
0.2295896483817666
1952
0.17347590282273237
1953
0.23821070781489298
1954
0.1872378367910051
1955
0.20992234723083103
1956
0.1702924612660216
1957
0.3305223084511445
1958
0.21172902649890962
1959
0.22948871677036106
1960
0.20529557544890403
1961
0.21429541845401112
1962
0.21381782149240255
1963
0.17790718726308027
1964
0.19951296031354807
1965
0.17903630495959952
1966
0.158912638860876
1967
0.2359275203562553
1968
0.2395816654103356
1969
0.23399573093885787
1970
0.2195759567419955
1971
0.23925388421554022
1972
0.17434914002131588
1973
0.20199310100096493
1974
0.1926831355844422
1975
0.21448997938140973
1976
0.2842114963621446
1977
0.217639939389464
1978
0.1697042240929986
1979
0.16899311725215624
1980
0.16694061821435374
1981
0.17094103735369134
1982
0.246935857613561
1983
0.21757478943231065
1984
0.18847389684297627
1985
0.28695189724438896
1986
0.24008395597446838
1987
0.18316217353655248
1988
0.23071512458366286
1989
0.17589010016129597
1990
0.21064267042362028
1991
0.19801102632976986
1992
0.20008035519815784
1993
0.17230364710740492
1994
0.2907758635507377
1995
0.16625646589294604
1996
0.3751434756176734
1997
0.20723063719513213
1998
0.18850845467301908
1999
0.1586832502951132
2000
0.22922741470589023
2001
0.28531359156723757
2002
0.16432438021954235
2003
0.19540484241541975
2004
0.20818851332761817
2005
0.32683304847892036
2006
0.19704201232378712
2007
0.1925480834080201
2008
0.16876148255508477
2009
0.19668539645700167
2010
0.2930509930774572
2011
0.21252680847615765
2012
0.23972893363678985
2013
0.20398307410911304
2014
0.2190834162212127
2015
0.8009105398521921
2016
0.2793558637251656
2017
0.22760840838909197
2018
0.21554788058935803
2019
0.24605856676868643
2020
0.19459066792263402
2021
0.22767477746183104
2022
0.17649616900966356
2023
0.19730575152742513
2024
0.2418284291075409
2025
0.2329129706486956
2026
0.2800756096700086
2027
0.22162592893982297
2028
0.4034335772629651
2029
0.1912634774822891
2030
0.16283035009739286
2031
0.17694993192149847
2032
0.20439656987107757
2033
0.20955053659419642
2034
0.22957332860780907
2035
0.21254837410071895
2036
0.2593172605155777
2037
0.24126146864238324
2038
0.2237334559852761
2039
0.21019922646582273
2040
0.17404462418021
2041
0.18680422155579893
2042
0.24755781141291613
2043
0.18848383139204347
2044
0.21061143270672852
2045
0.21876686441242035
2046
0.3518518419473849
2047
0.2562398012526852
2048
0.16551887624368994
2049
0.3085499640000296
2050
0.29728901179786227
2051
0.20345186754364136
2052
0.37295214709538194
2053
0.32360119580490104
2054
0.16415725528187997
2055
0.3959942992451826
2056
0.2412839821954591
2057
0.22530239454295672
2058
0.24247708904990894
2059
0.22183978563211137
2060
0.20017912003761723
2061
0.16998257535171843
2062
0.15511400235636122
2063
0.2163782094172192
2064
0.17219505837090246
2065
0.2046817251637637
2066
0.2318414993823004
2067
0.16323901081644132
2068
0.20745764312640708
2069
0.23092189987074863
2070
0.2089796013651502
2071
0.2081522374306319
2072
0.277460184080062
2073
0.23852369550956692
2074
0.23781719688621936
2075
0.27763206826694586
2076
0.185610578506644
2077
0.20250275215304495
2078
0.27441013844087614
2079
0.48410200306965573
2080
0.23857401055746966
2081
0.2577919932202071
2082
0.17702643856510292
2083
0.3222506369676616
2084
0.2265822167970271
2085
0.23778430523025948
2086
0.2203865215901343
2087
0.16964939563924342
2088
0.2250750759393303
2089
0.22112918007821594
2090
0.20854934323940194
2091
0.22802546082480343
2092
0.22511437385692282
2093
0.35095561370511935
2094
0.3234072387182221
2095
0.22914674053704248
2096
0.20718876298197075
2097
0.33112581295325944
2098
0.15822893951241224
2099
0.26060201809507244
2100
0.23009315751676304
2101
0.20114733350075437
2102
0.1890737325098994
2103
0.24968161780345324
2104
0.413193034677209
2105
0.26103022130040615
2106
0.18459835038229822
2107
0.2669166683286833
2108
0.25922977972691214
2109
0.15570463114537123
2110
0.1938401901583988
2111
0.19084668271076077
2112
0.24600677757818407
2113
0.24225486856178177
2114
0.274674111567127
2115
0.28369014457148806
2116
0.27422894323219726
2117
0.1791643640323096
2118
0.15910565968767873
2119
0.3475623594992487
2120
0.22659270660066294
2121
0.1930127599765951
2122
0.23403038729203052
2123
0.1516077180293791
2124
0.24200140986118218
2125
0.2704548949235456
2126
0.25432560746498817
2127
0.17018443078098644
2128
0.21340052583880736
2129
0.16144185218845392
2130
0.20013432318492938
2131
0.32646701227359004
2132
0.19894217718151272
2133
0.22068855949839752
2134
0.16857231795559965
2135
0.19014359746912057
2136
0.1723919700455304
2137
0.21864562487173203
2138
0.1755924047008008
2139
0.2852516924057782
2140
0.23372599065699004
2141
0.21720539200816977
2142
0.17145948995927232
2143
0.19726519527615483
2144
0.3883793153678568
2145
0.2551760576200613
2146
0.2126772238541617
2147
0.19516540425827802
2148
0.19649372848721372
2149
0.20925340486659105
2150
0.389056530752966
2151
0.2326585795548477
2152
0.2101368454219602
2153
0.18519588527104158
2154
0.17445383035878304
2155
0.2124239257396674
2156
0.17330232549575098
2157
0.2215418206022837
2158
0.19354845636962248
2159
0.19110667744405896
2160
0.2310932646222258
2161
0.22125948873336004
2162
0.19146359066260057
2163
0.24382528856048044
2164
0.2075947476118547
2165
0.1929423836087003
2166
0.17522676165008813
2167
0.257298157482611
2168
0.16964479436406477
2169
0.2565778464953793
2170
0.2756079577273305
2171
0.3377270230819275
2172
0.27371506587515454
2173
0.1994421664736528
2174
0.21030631853879259
2175
0.22738001407629632
2176
0.47883365874642136
2177
0.1827478597956131
2178
0.2688741661849053
2179
0.23541413130637537
2180
0.2019861897014231
2181
0.2825909017183347
2182
0.18478501706326797
2183
0.28896008381247035
2184
0.2512301990719714
2185
0.21383207012321828
2186
0.2682388445228681
2187
0.28670493406029557
2188
0.15919967918019245
2189
0.19090655070346832
2190
0.16023521738619245
2191
0.3075345633211708
2192
0.2372533218242673
2193
0.18930920985003596
2194
0.26584428479535543
2195
0.2057118109085607
2196
0.36359468379118653
2197
0.20249976953961427
2198
0.15624708041141283
2199
0.21055536175855127
2200
0.20173778114387136
2201
0.18853222439656123
2202
0.2658740190096154
2203
0.33767567684266403
2204
0.31155125595260014
2205
0.35242159724272293
2206
0.24040613096146504
2207
0.3030975851818378
2208
0.16586785742070076
2209
0.259712083564508
2210
0.2103932830253769
2211
0.18288683643061895
2212
0.22974484375888893
2213
0.21206270056073298
2214
0.1941073460396636
2215
0.19060437376197598
2216
0.25488972915388214
2217
0.21058956886181066
2218
0.2780059354850844
2219
0.16124526633317293
2220
0.21330191879155908
2221
0.24537828828860073
2222
0.3477921725781691
2223
0.2261228718485124
2224
0.21407824536376238
2225
0.31311333931707214
2226
0.2121570220683263
2227
0.23310749853670495
2228
0.24115836407190083
2229
0.2472246829187592
2230
0.23732136439689888
2231
0.1925008845450055
2232
0.28028058742423223
2233
0.23033213976921224
2234
0.24057026069390955
2235
0.1956512239745158
2236
0.36685427027455303
2237
0.17761051288318166
2238
0.21301458886666297
2239
0.22335038654829162
2240
0.18144603314242533
2241
0.19700048019118493
2242
0.27268534697090674
2243
0.30328313612921165
2244
0.1603696559053942
2245
0.2730364714372744
2246
0.1739550857582184
2247
0.23215808308037264
2248
0.21042019110622054
2249
0.3533361612094291
2250
0.2039562415681118
2251
0.27933417470016997
2252
0.2250357358214078
2253
0.20874995039036223
2254
0.2329041679415783
2255
0.22796708712263228
2256
0.24579648615829033
2257
0.2141683423321588
2258
0.26128372435107905
2259
0.18234879999431639
2260
0.21684908490248084
2261
0.266080253443976
2262
0.3186092240118189
2263
0.1814399232969316
2264
0.1787955194387033
2265
0.19743662201648418
2266
0.24982406965999354
2267
0.18813935447349164
2268
0.19925971084260602
2269
0.22272719090980314
2270
0.4588643063444752
2271
0.15280495225190627
2272
0.31347794003586965
2273
0.15399207275716678
2274
0.2555088998815437
2275
0.30351011742428735
2276
0.22143334292753541
2277
0.2835527622804429
2278
0.18850952876564014
2279
0.3205507211558705
2280
0.3291251183339122
2281
0.18495176001228814
2282
0.35390569528158583
2283
0.21277404327970353
2284
0.19969705087714254
2285
0.22282071175273704
2286
0.22377039172023727
2287
0.28793282197315634
2288
0.3082662732857522
2289
0.241772000007688
2290
0.17365980697067226
2291
0.19163353247631867
2292
0.3673031742052713
2293
0.17672799036233558
2294
0.27992680488406335
2295
0.24717140786833092
2296
0.29236345742783815
2297
0.26457262144685134
2298
0.3668460495651499
2299
0.3010761956404664
2300
0.1877064343236406
2301
0.23276094911132902
2302
0.19147191185264276
2303
0.17326973490907838
2304
0.2548345979556041
2305
0.16819870999655245
2306
0.18092247445095047
2307
0.23228030781235262
2308
0.24043419982690922
2309
0.36394646018166105
2310
0.1694337965805307
2311
0.3046567105143448
2312
0.39450972582309196
2313
0.22164476612659237
2314
0.23716224076325293
2315
0.31772770389102
2316
0.20635579875423163
2317
0.2900131992947727
2318
0.2128049243315639
2319
0.5179883398482578
2320
0.2288075552301759
2321
0.40418680060272494
2322
0.2353693778563796
2323
0.19490318577899193
2324
0.20968643396583073
2325
0.19777649304334952
2326
0.1614933141597003
2327
0.1846587463489471
2328
0.17692002554058536
2329
0.3307378018884591
2330
0.21017502457178172
2331
0.23731298832372308
2332
0.20205423394434663
2333
0.19498884497330402
2334
0.2570664092931597
2335
0.16597457055383938
2336
0.41752192048960285
2337
0.21466037553719555
2338
0.2762288886570677
2339
0.22590097440659448
2340
0.44013143285424355
2341
0.22497121690994934
2342
0.23969626869824395
2343
0.24808050565046638
2344
0.3466540722896787
2345
0.23139795535891367
2346
0.21318257751655179
2347
0.28315132505805407
2348
0.27980555341796476
2349
0.18938292668252046
2350
0.18200874846728793
2351
0.2307167490135897
2352
0.24466350061829245
2353
0.20952200771545282
2354
0.26770293416230717
2355
0.3490599690397546
2356
0.2844912310739297
2357
0.22760578180507723
2358
0.22644526355869574
2359
0.21125987669254126
2360
0.2148566388742576
2361
0.16165830373925935
2362
0.17421991881406929
2363
0.2667833083083587
2364
0.1881785663954451
2365
0.2473284907901522
2366
0.35605540798712737
2367
0.24035559880640686
2368
0.22605501806978628
2369
0.4157411791172851
2370
0.2501119276764219
2371
0.21732748496489898
2372
0.21706148248171073
2373
0.31162916927089857
2374
0.3732070949108387
2375
0.16566124605166274
2376
0.4049785835493827
2377
0.16929255510009325
2378
0.21339547324172908
2379
0.2690638155776795
2380
0.2128843153412073
2381
0.23153296756332375
2382
0.20588763397982582
2383
0.33435156707049457
2384
0.20328276313964666
2385
0.19885309431159934
2386
0.23065168923539625
2387
0.21316557831070418
2388
0.1805045342518613
2389
0.3018800210923579
2390
0.19909188605797704
2391
0.2311384586496386
2392
0.18496889522839896
2393
0.23212651148105978
2394
0.3266185171309828
2395
0.2074311497973938
2396
0.2129950336224821
2397
0.1922884055554836
2398
0.20030348502594203
2399
0.22650250331006028
2400
0.2141165047974538
2401
0.21672274444642908
2402
0.18073318404703725
2403
0.23667186814337668
2404
0.21743208938021186
2405
0.18531100488238467
2406
0.2668985885225806
2407
0.2215723411035393
2408
0.221608096140779
2409
0.21103169449758688
2410
0.2624931568777593
2411
0.20642386420080647
2412
0.28019576726972134
2413
0.3534851588272439
2414
0.1788112637211598
2415
0.2634576491356826
2416
0.3044408781434061
2417
0.21013256230470775
2418
0.18377646472474693
2419
0.2552330499425186
2420
0.20449498786030046
2421
0.28893935211427385
2422
0.23432006487746815
2423
0.36831425093935877
2424
0.17903411020056134
2425
0.29226233685336106
2426
0.20561783440031947
2427
0.25060780415063894
2428
0.21214029131047873
2429
0.19756186785104238
2430
0.17943315552066028
2431
0.37618007072566256
2432
0.26711459085601097
2433
0.2173559045529249
2434
0.16850485420268063
2435
0.33859179996606187
2436
0.18830016452660567
2437
0.18432942665347984
2438
0.2417053259181129
2439
0.21221638238372334
2440
0.19336574257475495
2441
0.22508337681897167
2442
0.2063115504249464
2443
0.22454306171573887
2444
0.2794310879507004
2445
0.2680240270322737
2446
0.3203618333884918
2447
0.19964633630799597
2448
0.18622378627861036
2449
0.18526468220955974
2450
0.37232956809006135
2451
0.3151093915982174
2452
0.20653326696597185
2453
0.19736992933086403
2454
0.21226459200495604
2455
0.24553483676239216
2456
0.24447775057509202
2457
0.23872687265500456
2458
0.2794620438901212
2459
0.19052622172009553
2460
0.20051765411718991
2461
0.19186994053836073
2462
0.23420182154064603
2463
0.20542028376670987
2464
0.18735870648860523
2465
0.18780867493236897
2466
0.2769266936200203
2467
0.17925623335980204
2468
0.17584111222575333
2469
0.22648639882599708
2470
0.16844017020453636
2471
0.18321170729696615
2472
0.21953619346416658
2473
0.36372018403579814
2474
0.2360829704595123
2475
0.27389637123675636
2476
0.20693733252464888
2477
0.19877649049915122
2478
0.15525470211014922
2479
0.17699327449215055
2480
0.2136239855010835
2481
0.5325064566253733
2482
0.2746312627306885
2483
0.28426821885978615
2484
0.18808921498392456
2485
0.26003087385539564
2486
0.2693960925083348
2487
0.21164012558902587
2488
0.15660731534443562
2489
0.17099823836774344
2490
0.25501279834508245
2491
0.18027449017370342
2492
0.34444746700314033
2493
0.17590004823234537
2494
0.19077664065601888
2495
0.20298933397773639
2496
0.19987387797197043
2497
0.17380584273295055
2498
0.19710845934024768
2499
0.18313174175324126
2500
0.18315183645369051
2501
0.22130537828438238
2502
0.24378876717482145
2503
0.2560283221274596
2504
0.24863206078610295
2505
0.1830561370632141
2506
0.29655496663765707
2507
0.19982030648664192
2508
0.2516188249101588
2509
0.1892831935079823
2510
0.24812790870887816
2511
0.27918619996507277
2512
0.16852055911646194
2513
0.29252964477380494
2514
0.261104332842933
2515
0.17830653885707293
2516
0.3041570055550978
2517
0.22628699145035924
2518
0.21433241158124022
2519
0.1829143244618849
2520
0.27143734513879025
2521
0.16376737528388266
2522
0.3707263207369009
2523
0.23221723987454168
2524
0.2541493988687888
2525
0.21984549799752423
2526
0.17690150790015757
2527
0.16901215780464057
2528
0.2144743227025228
2529
0.18342309842738308
2530
0.2560685487090495
2531
0.16215920305326256
2532
0.21135670174085414
2533
0.35872481184518823
2534
0.2669333554777872
2535
0.2523100230566849
2536
0.2130308864166422
2537
0.213475810965853
2538
0.24796654787284733
2539
0.2882784921630403
2540
0.24110804612257583
2541
0.2245560659978042
2542
0.3069969967186815
2543
0.1674356473655887
2544
0.21376944947555132
2545
0.2580101476430207
2546
0.31306763773217133
2547
0.2243605727008711
2548
0.24941963084849705
2549
0.23024365616267836
2550
0.25003491761002383
2551
0.1797663470607087
2552
0.16792321039263286
2553
0.35853591726259154
2554
0.3279659931259843
2555
0.17381427781818426
2556
0.1532367973423269
2557
0.24457416101398524
2558
0.27624450092190894
2559
0.19913566365306848
2560
0.27211101608609917
2561
0.4878898584342147
2562
0.22826638204938313
2563
0.18862024391153256
2564
0.21422610877964962
2565
0.21456170632445407
2566
0.23026561810079002
2567
0.20371693585715386
2568
0.22823666071388798
2569
0.23991551195679134
2570
0.22539218224053104
2571
0.42152140246442565
2572
0.23295981038462796
2573
0.23256693785944754
2574
0.42362900399021636
2575
0.16368429823351144
2576
0.36071533618139684
2577
0.2783522601686832
2578
0.34387468540705407
2579
0.22071747942411338
2580
0.9327779793871439
2581
0.20725014546440593
2582
0.1978742527797661
2583
0.17148757952632646
2584
0.2337519515819637
2585
0.17124973137891494
2586
0.41071113046986213
2587
0.18465517880979063
2588
0.26093388257507993
2589
0.20430241356581932
2590
0.5516788001426125
2591
0.2286862370892924
2592
0.16427310523424585
2593
0.21581206113762144
2594
0.21111335459757563
2595
0.3050673724420551
2596
0.20769950039846993
2597
0.19158716475604395
2598
0.23763932249454434
2599
0.23813433801758455
2600
0.33093683777709454
2601
0.25315737685139467
2602
0.20200199523752144
2603
0.23879244896401394
2604
0.2147311435416371
2605
0.20425740513949675
2606
0.2569326597865263
2607
0.18721999658169566
2608
0.2386320500389005
2609
0.18885278681291054
2610
0.28899933578927856
2611
0.35551335282514585
2612
0.2360130837645492
2613
0.28456381524430047
2614
0.1939575852424468
2615
0.27327394208535655
2616
0.18835924871915516
2617
0.19446160032378065
2618
0.33524675858066716
2619
0.3140540439199449
2620
0.18544949377536746
2621
0.20449644109326529
2622
0.22154842355943452
2623
0.255026018418675
2624
0.3348576133844076
2625
0.23433460473277984
2626
0.2078306123773752
2627
0.24885324912992055
2628
0.19476893853288066
2629
0.19757765441044045
2630
0.4433237547745474
2631
0.26702452712611496
2632
0.15940657951027545
2633
0.3344312408359853
2634
0.15495740478078687
2635
0.16008769951036805
2636
0.22269026061082106
2637
0.23997108786281737
2638
0.2635471475772195
2639
0.20091628173144244
2640
0.189540711154397
2641
0.25532658086396975
2642
0.21530995223441068
2643
0.21927727231742888
2644
0.17126182235589077
2645
0.24943920252532933
2646
0.21629869249780076
2647
0.1767117238270058
2648
0.28877297466739477
2649
0.18348341503697174
2650
0.33862577332535365
2651
0.1825359542265873
2652
0.2276540867353142
2653
0.22525445530489138
2654
0.17976743438122683
2655
0.1997826839243964
2656
0.24075835700361864
2657
0.17721888293049204
2658
0.18524215386921317
2659
0.2805641309212576
2660
0.19764643572127902
2661
0.26526473802140765
2662
0.29242685031927007
2663
0.2126839175105215
2664
0.24715258465998052
2665
0.22890822250503295
2666
0.21394786759560017
2667
0.16641579141974033
2668
0.1978471405817824
2669
0.1683915866391559
2670
0.17324426665792125
2671
0.29356284558319257
2672
0.19130045485786829
2673
0.2183662419743373
2674
0.20689891749887135
2675
0.17999713544587853
2676
0.2112407823261905
2677
0.2779464335400884
2678
0.18965968300914457
2679
0.23119606239021578
2680
0.19702751063284557
2681
0.23797152029903623
2682
0.18772855539293423
2683
0.280465276891939
2684
0.17659986818627763
2685
0.32051123883670857
2686
0.21375134037789054
2687
0.28742659897011374
2688
0.24489632465810715
2689
0.2770813185402612
2690
0.19887856984787017
2691
0.2256190441571258
2692
0.23003338938106802
2693
0.22136259932794314
2694
0.287371523231754
2695
0.18921566453721156
2696
0.38708903500712744
2697
0.24731951468351313
2698
0.29171978953676886
2699
0.19580358392497696
2700
0.16652321178156218
2701
0.28817820595002397
2702
0.23475134280845059
2703
0.25064151016010905
2704
0.22300125504189147
2705
0.18800122504085137
2706
0.23057026078551432
2707
0.20642531988496274
2708
0.22329680984572148
2709
0.268258561392992
2710
0.20085921037481214
2711
0.24243255276624728
2712
0.19832868899700998
2713
0.40017302470806443
2714
0.2886423667782622
2715
0.22446258993363208
2716
0.20156465823493638
2717
0.19592930748839665
2718
0.18486869259116298
2719
0.26059977504087106
2720
0.21607745934774447
2721
0.1776822930667305
2722
0.2003576800027548
2723
0.572732236075183
2724
0.28064198885971486
2725
0.18204577772972966
2726
0.19542503741752287
2727
0.2367593783205534
2728
0.21762475878501705
2729
0.2827232530459291
2730
0.1673563791834836
2731
0.16516057066557902
2732
0.2092679201583247
2733
0.24358089206312364
2734
0.20080537432947662
2735
0.2887539669627783
2736
0.25700787776578365
2737
0.15585721312883627
2738
0.21425572242037197
2739
0.2844616162384465
2740
0.18715160374908635
2741
0.24471054043913215
2742
0.18375110647390433
2743
0.20816541542952766
2744
0.20652765437049356
2745
0.289020272823414
2746
0.18459418293689697
2747
0.25589888700847413
2748
0.19440342787380732
2749
0.25865211174598673
2750
0.2342749677370075
2751
0.2126647040304658
2752
0.1721325023937422
2753
0.17520974791943322
2754
0.17492909546544186
2755
0.34168672241328707
2756
0.19929285297194038
2757
0.22421011295411888
2758
0.17458857806937456
2759
0.1839032496062142
2760
0.17399666319458504
2761
0.18621121699890666
2762
0.35593736233238743
2763
0.23620131902475794
2764
0.18025072569312348
2765
0.19978978879076706
2766
0.30465766435310604
2767
0.19905167502340684
2768
0.38394619468699154
2769
0.2531782113839528
2770
0.20679401860977703
2771
0.29924307523497673
2772
0.38052116983362494
2773
0.18356700794488345
2774
0.23587159699842294
2775
0.19407527530036572
2776
0.29469635541276107
2777
0.19291624506382424
2778
0.2232746274443251
2779
0.1731635420120983
2780
0.23401430946330193
2781
0.2462629522390251
2782
0.2545149875981313
2783
0.23715030393926756
2784
0.22247438496136301
2785
0.21034285746806075
2786
0.19601568279116535
2787
0.25774723084260937
2788
0.16835821754229835
2789
0.1693125393497902
2790
0.17556613418816847
2791
0.23228250383160715
2792
0.218619255516336
2793
0.32741914507526837
2794
0.2450522636137111
2795
0.29731001613019997
2796
0.33332810370712895
2797
0.22856483671887576
2798
0.2291473391116571
2799
0.15846028545653462
2800
0.3285544271959716
2801
0.5045611096508528
2802
0.3198474211357568
2803
0.26734484972331607
2804
0.1838649506141649
2805
0.21160226823006958
2806
0.26219074843788565
2807
0.18311945004461438
2808
0.20442362605703382
2809
0.2517034565956011
2810
0.38820656940654874
2811
0.3718517267784394
2812
0.35865518660035905
2813
0.229070727947816
2814
0.2922731508623905
2815
0.34338328514819155
2816
0.23162888967299372
2817
0.3318575347657667
2818
0.2358673624291715
2819
0.28548622847072175
2820
0.23031435536976816
2821
0.31304967700352043
2822
0.21726028496277075
2823
0.21683087662537642
2824
0.19645099548892977
2825
0.2200899174992299
2826
0.2145735387547043
2827
0.24495748193132633
2828
0.21547414677852192
2829
0.23952209307165007
2830
0.19020254300078876
2831
0.16726084508887334
2832
0.21466407832905066
2833
0.1927334842067243
2834
0.2643091758879111
2835
0.3531126427238062
2836
0.19691535472264993
2837
0.2582771251406149
2838
0.2093341731013963
2839
0.21078722227454313
2840
0.20385195584972032
2841
0.17921054148981988
2842
0.20332324916485756
2843
0.17999835616788357
2844
0.1738714178830043
2845
0.21855619276351168
2846
0.22332074929505158
2847
0.31764641583818676
2848
0.23566851089742738
2849
0.18211185479558809
2850
0.17863740548899712
2851
0.22294770795922897
2852
0.19507049975021776
2853
0.3010018933423049
2854
0.19914369012398195
2855
0.25355162522625224
2856
0.21086599042745563
2857
0.38334463703851
2858
0.21122134072474572
2859
0.21275065065022927
2860
0.1953753150882458
2861
0.23748916851736265
2862
0.31304510251694156
2863
0.2089360016100802
2864
0.22198253166900606
2865
0.21520036639364606
2866
0.16647901291617706
2867
0.21911610779538698
2868
0.18836880397446504
2869
0.14842789896721012
2870
0.22027593196083434
2871
0.24301168489864572
2872
0.23094497708187592
2873
0.2949338086966655
2874
0.21787441550643813
2875
0.1657341230771089
2876
0.2333654880893485
2877
0.26504632037818615
2878
0.18691993863086717
2879
0.2574944281006855
2880
0.19870074512725788
2881
0.3050657090300521
2882
0.23199372041335137
2883
0.19345694450877002
2884
0.2138511739704047
2885
0.2679258950746615
2886
0.19340706937034477
2887
0.3461045395523995
2888
0.2296065350379651
2889
0.2529991784286002
2890
0.22865831251457255
2891
0.17881980722234841
2892
0.19313820349524724
2893
0.20172993229063374
2894
0.3044538024339286
2895
0.17740137974082526
2896
0.2299207158343091
2897
0.22688874979969198
2898
0.1581137068593067
2899
0.2384665449404964
2900
0.6126344485436397
2901
0.2673750277324448
2902
0.34134139253736023
2903
0.27424672315929727
2904
0.19120572193807905
2905
0.18495482239903202
2906
0.21593487754954604
2907
0.24442802039061245
2908
0.40247273009079304
2909
0.27712827804424905
2910
0.22563817413387308
2911
0.4707786128979168
2912
0.28331701429647216
2913
0.21964182161738668
2914
0.19048292201152875
2915
0.2982002790772841
2916
0.32990804537946133
2917
0.24137514524926793
2918
0.2556185186188037
2919
0.1744794679901478
2920
0.20814483974771802
2921
0.16398716406196798
2922
0.19960153904182287
2923
0.2547722896978664
2924
0.1851688930176441
2925
0.18309882056324406
2926
0.3161672305899732
2927
0.1710725956671011
2928
0.2173992884563946
2929
0.226015170872956
2930
0.19245449549430443
2931
0.2065767521178615
2932
0.20634918460721066
2933
0.22091930246695035
2934
0.28637332733936727
2935
0.1981398754232341
2936
0.3480734271008105
2937
0.36682642644728414
2938
0.24445923744596576
2939
0.2556146377850482
2940
0.2604378439407046
2941
0.2168758176355932
2942
0.1967625055106299
2943
0.23970683048155741
2944
0.18362773916627684
2945
0.19957226672272757
2946
0.2355148995057957
2947
0.2269967048622878
2948
0.16565332874909194
2949
0.2553815665032236
2950
0.20265694374871462
2951
0.17535839925602753
2952
0.16037222555379352
2953
0.2268538344087071
2954
0.216801044482661
2955
0.23333396966082476
2956
0.1868326217260342
2957
0.17524484146423566
2958
0.19571958031636907
2959
0.15529505237381783
2960
0.16962174422824877
2961
0.18684168140113835
2962
0.30844163169465355
2963
0.2800487062998474
2964
0.20980403333908024
2965
0.26093681951326114
2966
0.2001406860061046
2967
0.27426680422380023
2968
0.25755630586718464
2969
0.26778435257299676
2970
0.20528934590116046
2971
0.3128643537499351
2972
0.20436301808241097
2973
0.18539387853789877
2974
0.2565358262010692
2975
0.2331116723537364
2976
0.16146280229620774
2977
0.22236602819880058
2978
0.1895157144740414
2979
0.19282853043335138
2980
0.3543798674908057
2981
0.17810129592618507
2982
0.24323270985036588
2983
0.23242915482740936
2984
0.19941902802160133
2985
0.20884152869162387
2986
0.22307341379086856
2987
0.1760820318696279
2988
0.20521304613349967
2989
0.1906994354559547
2990
0.1659986739193366
2991
0.18451423212757537
2992
0.1462798669563404
2993
0.26830091549433005
2994
0.190081067332024
2995
0.29870094654021645
2996
0.21167978255820838
2997
0.25679938483163584
2998
0.21173960308880715
2999
Mean MAE: 0.23488057305714294
