nohup: ignoring input
0.33333333333333337
1281
427
1.5538186920212962
0
1.1526724474471177
1
1.4453272991845667
2
1.5619100854875512
3
0.7869487417552833
4
0.6943453782485013
5
1.0798393770310983
6
0.9663334165390286
7
0.7228954456934803
8
0.8711605896031612
9
0.8164242636479231
10
1.104195333345822
11
1.2783087878836608
12
0.7289660566354375
13
1.16931192214737
14
1.0434101735830432
15
0.8629407241463992
16
1.133357362120169
17
0.9484672853436833
18
1.0604703584183124
19
0.8034722342224415
20
1.4770414523302602
21
0.7772577347160957
22
1.0618610076158532
23
0.7572121698520855
24
1.3108921132529803
25
0.845315549073524
26
1.4803131810068597
27
1.4299263513466882
28
0.7797711884447074
29
1.0471140196319761
30
1.248817644131272
31
1.458288425015592
32
0.7556581921932631
33
1.3915167394954604
34
2.0781942766812054
35
1.282933405554408
36
0.9000874108747198
37
1.242052944902551
38
0.811341982794347
39
1.3054530911241613
40
0.9441313344604861
41
1.2418241049713814
42
1.9686720753846383
43
1.2033799026965306
44
1.138001812775772
45
0.9227166947789892
46
1.4656957689823997
47
1.0987149485174532
48
1.265507144142203
49
1.2433004123933697
50
0.9365055324186322
51
1.443002610469673
52
1.123857682005431
53
1.8261238866520688
54
0.7686792653358089
55
1.4693635102106928
56
0.9164400003686256
57
1.1076151347425287
58
1.4556969345493163
59
0.7431454054940492
60
1.2441687726762027
61
1.2639262858227776
62
0.7334406166312614
63
1.2588599114540056
64
0.8653186433203567
65
0.8140212910094047
66
0.7653469526248216
67
1.2625687937886978
68
0.7535750027452598
69
0.9843960131283747
70
0.9806767375931114
71
1.092027899475366
72
0.778090127437481
73
1.0193513551507314
74
0.8418073076255224
75
1.1639002581631095
76
0.736319459769665
77
0.7998940653168952
78
0.8682701143422468
79
1.128699512601072
80
0.9272268870791237
81
1.2615780223801292
82
1.3262260288255416
83
1.4242980663202816
84
1.1869511226191591
85
0.8458249784797552
86
1.276458598930248
87
0.9718106088751496
88
1.212109368704625
89
1.5351044230877862
90
0.9022165220390292
91
1.2212904495583878
92
1.057445277394522
93
1.3289752819996583
94
1.3199716069493812
95
1.22188202336683
96
1.2762546461157587
97
0.8862147490652429
98
1.4690807448202525
99
0.9780649339364753
100
1.5905656175204517
101
1.0016748196914178
102
1.040469379567269
103
1.2317693912754055
104
1.1698727753226335
105
1.4405711368274825
106
0.7943307994894006
107
1.118572791152479
108
0.9690345879974958
109
0.9780309047286468
110
1.4204134130132677
111
1.0440330380426834
112
1.100651500726182
113
0.96614663348038
114
1.1442722566140868
115
1.4971146898902281
116
0.8201942982238402
117
1.0833699204107508
118
0.9578412986827816
119
1.4867879726890272
120
1.1691296116328214
121
1.3171997704384308
122
1.1286809520938121
123
1.4396736741398617
124
0.8183022062819275
125
1.2711939750348078
126
0.7249426227782428
127
0.9493173807033997
128
0.8273966700452479
129
0.7514605490036678
130
1.6624508944004581
131
1.4691727363276785
132
1.5116930601723537
133
1.2769008664712127
134
1.2931136262582674
135
1.0652696474253678
136
1.9994998010915124
137
0.9212837891271143
138
1.82024688925285
139
1.4190136975341114
140
0.9020842262361684
141
1.3204853039819908
142
0.8086927947788569
143
0.7049840369929863
144
1.2175196116645115
145
1.0936605667603856
146
1.0581410409726728
147
1.5217563343686216
148
0.9719679059426356
149
0.8696577175678463
150
1.1078675924627779
151
1.636261987302199
152
1.0905604054765416
153
0.947935064670372
154
1.2528963394706258
155
1.1516675570659554
156
1.3866757912582246
157
1.0021041727643052
158
1.2384898749835973
159
1.6650538501789132
160
1.0342662831415952
161
1.1849605678516153
162
1.0634815682444545
163
1.0330666491530671
164
1.102231597466207
165
1.194171655966836
166
0.8802448059997114
167
1.6841306949742545
168
1.1752441966611258
169
1.120044129108247
170
1.3982709650837661
171
1.2167748571119308
172
0.8372058884047778
173
1.0938873652518355
174
1.0406534483434908
175
0.8773678377069676
176
1.305387328830355
177
0.9500251333017838
178
0.9617732775449238
179
0.7694103886171955
180
1.7790168342829165
181
1.6828156231446252
182
1.6754535323912847
183
1.521641901041247
184
1.071056169550683
185
1.256191543133343
186
1.0525803034935868
187
1.1366773672886232
188
1.282654201348823
189
0.9324784890496688
190
1.1776348580683642
191
1.2048152514070882
192
1.2714977070599272
193
1.3015986683729817
194
0.9889025797374104
195
0.9907752710286011
196
0.763222888653635
197
1.3801648833947548
198
1.019273749719153
199
1.1129205934605397
200
1.0972959160342879
201
1.9234023601080026
202
1.1254354407030824
203
1.131194602001549
204
1.4174933527952565
205
0.7219090981090232
206
1.1408111953296243
207
0.9003932999893014
208
0.9028959864412663
209
1.1665183017139924
210
0.9058390412149665
211
1.0476067000060076
212
0.8462658599923127
213
1.6306916424548152
214
1.3850381367069928
215
1.1915778045149192
216
1.1347845106781527
217
0.97012231015018
218
0.9407379960477504
219
1.3612889005824753
220
1.1213654741076808
221
1.0839194570509907
222
1.341593407711984
223
0.7311353574473446
224
0.8899937313671337
225
0.9693625953757968
226
1.050684371609007
227
0.8829205128283963
228
1.0773771164868182
229
1.152349600783273
230
0.95874360861313
231
1.26897031736611
232
0.8203266517051095
233
0.932906966431868
234
0.9799999902153802
235
1.1584298556717874
236
0.9305495885914787
237
1.1474030013703023
238
0.9801091539807953
239
1.0293453330240276
240
1.5004220415928393
241
1.1565067964482454
242
0.8502925841462871
243
1.3778956309389996
244
0.8915474414150657
245
0.8271938701312301
246
1.6494629257446962
247
1.3109334109925703
248
1.3892515179499523
249
1.5413422721612282
250
1.2206303490011092
251
1.269193759798061
252
0.7269714089062491
253
1.1041072643694312
254
1.3070565346781893
255
0.7392592301573624
256
1.1775543860901387
257
1.050607658288469
258
1.0333330184429272
259
0.8112703615863476
260
0.7931155074075861
261
0.9194755736757977
262
0.978430933336108
263
0.907838012551772
264
1.1652470778076423
265
1.5231124481761242
266
1.7064503613297772
267
1.3022493844122105
268
1.044888285753518
269
1.2457375933103172
270
0.7896127113132364
271
0.7954683047084008
272
1.2029976523083437
273
1.0984504006722424
274
1.1271462854129037
275
1.1605334964205694
276
1.0408309764366053
277
0.9410721934288128
278
0.9968638249675086
279
0.7651770346931905
280
0.8674823299261243
281
1.3111558296842767
282
1.5856217655429394
283
1.0817271761331497
284
0.8462748966865798
285
1.4640332587059934
286
0.9877968370476908
287
0.9071911976910771
288
0.9336088689417624
289
1.6051545835147634
290
1.3108934657973565
291
1.1259878050963983
292
1.211027743668158
293
0.8121854763428193
294
0.91044772917736
295
1.1926119359532128
296
1.2269269524637112
297
1.4637075157318393
298
1.4628106540537074
299
1.4991660120197643
300
0.9816499910493679
301
0.7337094205660956
302
1.047004025805587
303
0.9190331471077218
304
0.8564780066928295
305
1.239716375164961
306
0.748932988829771
307
1.055249777916487
308
1.4055936825975857
309
0.835827250231997
310
0.9396932992193563
311
1.332667764848196
312
1.1989180939787187
313
1.4724165458330565
314
0.844596108345066
315
0.8968978776755088
316
1.1025931706475254
317
1.368351008150249
318
1.0081886097935577
319
1.3352193535636407
320
1.6036832621266643
321
0.7791429981237997
322
1.4280587986146616
323
1.246641252520625
324
1.3586267282470976
325
0.8749521285070896
326
0.9108130997510845
327
1.3353591269433875
328
1.5833424025610772
329
1.2720431641117866
330
1.1051450324953862
331
0.7594654731767063
332
1.1314219568188504
333
0.8564006283300069
334
0.9203513879020588
335
1.0654326062527948
336
1.4173799106820353
337
1.0519418644449416
338
0.8511871238827069
339
1.1281495624830902
340
0.8527347017810814
341
1.330456545581834
342
1.3018497975624737
343
1.1155798119505707
344
1.2541256276147361
345
0.7406686096735386
346
1.050898183983942
347
1.0546888937671348
348
0.7589682849799623
349
1.057832881999831
350
0.9937670119979977
351
1.1303705989325885
352
1.2784277946986382
353
1.067498711720701
354
0.9405057351085344
355
1.1648612885565397
356
1.6937775706982816
357
0.8999761554695958
358
1.1910606826736905
359
1.061810157193852
360
1.2536200310432553
361
1.1450146731455617
362
0.9896562929552867
363
1.007609569140606
364
0.7368849413977748
365
1.3448095821295116
366
1.31294349244723
367
1.0992767726780013
368
1.163510594255855
369
1.1817495807548541
370
1.59117325939504
371
1.0626402179261372
372
1.334854724114428
373
1.0857086018079327
374
1.0928479029455724
375
1.309430012682621
376
1.2004451759549264
377
1.413682851131703
378
0.7421543767338883
379
1.5750623188773851
380
0.7879851204113529
381
1.0616951234018503
382
0.9564584872399647
383
1.005850684871224
384
1.31436102340969
385
1.085906552307445
386
1.4156904963161847
387
0.9488019569373605
388
0.9694215303410503
389
0.9668692930746239
390
0.989342101685245
391
1.1901479958465424
392
0.7839635771057561
393
1.4539782802631747
394
1.0684553995676296
395
0.7196759417371926
396
1.4412703447750002
397
0.8863896077883241
398
1.2301964207228282
399
1.0062355479500713
400
0.7364802960336475
401
0.829875350329297
402
1.4180075344949603
403
1.3430242375438823
404
1.2159724166344208
405
0.7180142194990891
406
1.2827731837319822
407
1.0874240827980204
408
1.164794994302088
409
1.1938534001316423
410
1.3858612260014975
411
0.8373598069687229
412
1.0033451635736523
413
0.9568198861779904
414
1.3392509334960538
415
1.0598303659865123
416
1.0195280114178773
417
0.918729290937117
418
0.8795387360607184
419
0.872841649117081
420
0.790275876357767
421
1.117634583718862
422
1.2321277898044545
423
1.2234146703402633
424
0.90589922683624
425
0.8643322640399577
426
1.435801468535277
427
1.430104038504796
428
0.8057420815944043
429
1.104003510583696
430
0.9478371292950025
431
1.1950226730183364
432
0.9698821653470561
433
1.064467027309174
434
1.8315695016123108
435
0.8216100350627127
436
1.2325867813200997
437
0.94880150157009
438
1.4352297126679718
439
1.249096837532004
440
1.0930775869786025
441
1.6178068111952741
442
1.2578194582911197
443
1.1370053118891812
444
1.3044293046541937
445
1.0619838580758036
446
1.3486598085307806
447
1.1583298347394613
448
1.2062810834693949
449
1.425543657479476
450
0.9878514184815538
451
1.3157259710052467
452
1.1130177448173015
453
1.0545904796107313
454
1.1134068618594462
455
0.9953114990237437
456
1.4203950914631285
457
1.4805755301067907
458
0.7296385275297357
459
1.2796516567285303
460
0.8260227371925771
461
1.3898445215528594
462
1.3638132823653135
463
1.3491150953200457
464
1.1720320709282348
465
1.4092026908327178
466
1.3144379649665563
467
1.6104053228494397
468
1.0498447085588243
469
0.9656068666079812
470
1.208198218122118
471
0.7904677681413703
472
1.4255930187969137
473
1.3896573359645472
474
1.2766374023710163
475
1.890104127336035
476
1.0135543424532143
477
1.191298825031949
478
1.237915308082542
479
1.6229145009135908
480
1.1526849612120698
481
1.4750149480010872
482
0.7754940842607254
483
1.0587547545061051
484
1.1657057669038378
485
0.9518567395272017
486
1.2006678530542136
487
0.9574856889246984
488
1.805225048883415
489
1.0509723030324851
490
1.1808858083969513
491
1.2011500675894031
492
0.7505514160204394
493
0.9018998353581096
494
1.2160969636641756
495
0.9780562224802805
496
0.931868069896554
497
1.2311321818550756
498
1.053640182442774
499
1.2995559194576745
500
0.844235739581045
501
1.3344520656635195
502
1.201119076510342
503
1.7052944951686082
504
1.2079492024141647
505
1.4368400817349674
506
1.6174872661985993
507
0.8397088482822516
508
1.3109770165622945
509
1.304195092078297
510
1.091317008867027
511
1.0537115789716531
512
1.1747954448625264
513
1.2354952603245772
514
1.1655418028247269
515
0.997686944881477
516
1.2930873133354863
517
1.098072043425133
518
0.9883370217672378
519
1.3900681781035455
520
1.098181820883683
521
0.7609613051088494
522
1.297963775021148
523
1.1849787547473127
524
0.9200885456249502
525
1.5145480473888222
526
0.7782928709850189
527
0.8948437869131549
528
0.9006755655702561
529
1.029997428707312
530
0.768969999144937
531
0.6852666042357425
532
1.11067440357955
533
0.9390711618900135
534
0.8995024736957223
535
1.2866589757374591
536
1.1352980149674374
537
1.4690917900208897
538
1.2981136688066195
539
0.9401614370380423
540
1.0994618827587206
541
1.5200532745035893
542
0.8493407053622261
543
1.481992396268639
544
1.238941110988778
545
1.3866508253648693
546
1.5294042646754136
547
1.2188054171027494
548
1.3701545174758774
549
1.1630902688776332
550
0.9608353519027658
551
0.9071557939922776
552
0.8140250152607353
553
1.1361159655695603
554
1.056448240314125
555
1.2569984211499319
556
1.3144862838524927
557
0.9442026276964474
558
1.1538788359846357
559
1.0913790104809855
560
1.0831762853870386
561
1.357331550855672
562
0.8967249510533377
563
1.3403103962722798
564
1.2070880342627963
565
1.0329167055792061
566
0.8811044343081859
567
1.2636600688567308
568
0.8720975898044986
569
1.5376793818172414
570
0.9121914555795798
571
1.0765485730429454
572
0.9667097401902359
573
0.8341716988004416
574
0.7182942932380568
575
1.0837624128278864
576
1.3404240069502966
577
1.1304139250977063
578
0.7380868499705865
579
1.0225706534121017
580
0.8679385316542663
581
1.1641781075237356
582
0.8143232949336103
583
1.5064391509233335
584
1.0300953916207372
585
1.2857346188553358
586
1.1838541374991165
587
0.7693187151971205
588
0.8511545904275011
589
1.3155390972506267
590
1.2644044632036695
591
0.9124629702025059
592
1.784839960692452
593
1.1054201940520145
594
0.9992034435306756
595
0.8501090545208382
596
1.1968903309259973
597
1.6473481915645767
598
1.2310830120689609
599
1.004041243970565
600
1.0839983719886732
601
1.7382371773232177
602
1.1456602562041516
603
1.0826121223062
604
0.906866609864459
605
0.7126982375363993
606
1.607709425650522
607
2.0012985427156
608
1.1560141422731576
609
0.967875468984847
610
0.7414849030961052
611
0.8037493261116893
612
1.6268696670243459
613
1.1375151693498227
614
1.406483865834928
615
1.5570842653656614
616
1.891271324945479
617
1.060758883725127
618
1.2764057388772339
619
0.9301490325388503
620
1.149881360093113
621
1.2870578484050654
622
1.0073477148192111
623
1.8814713744667018
624
0.8778525210589571
625
1.2469861684353334
626
0.9670200290580054
627
1.2676838454234072
628
0.9907332047175996
629
1.150306163019832
630
1.4768291113959628
631
0.7586896623535064
632
1.0323143026779398
633
1.1998165677049277
634
1.1160922464584295
635
1.0326046383505494
636
1.3439314476431683
637
1.5901194810106332
638
1.0398335023857583
639
1.2123784472235277
640
1.1246448816635028
641
1.4803306116205717
642
0.7682982897753133
643
1.190433121633536
644
1.3050660656267132
645
0.8922718886643282
646
1.2745857349170902
647
1.394115702370703
648
1.5697853505490096
649
0.9417080241311266
650
0.8453915150879414
651
1.2826903555523403
652
1.336978708307576
653
1.1478232933301598
654
1.1938685838075453
655
0.9610537130941039
656
1.7575417596649565
657
1.1277135381393013
658
1.0965488348112222
659
1.4037946493143736
660
1.1470942591916986
661
1.0039940922327877
662
1.2770997246949318
663
1.5035904235763082
664
1.06049714548293
665
1.9705112575249413
666
0.8946652496773605
667
0.7395052541723386
668
1.0960311124957889
669
1.3641933726880033
670
1.1305377539159198
671
0.8741461730733449
672
1.1090597600293917
673
1.2300391738106191
674
0.7355138998051044
675
1.2454219602573038
676
0.9879562928256381
677
0.9740262543119098
678
0.67130827909327
679
1.1817988209713348
680
0.9391501604415092
681
0.8956836093269277
682
1.0626360221123237
683
1.0667740446897769
684
0.8481492066314241
685
0.7856686458626156
686
0.8699773650020587
687
0.9099115043681314
688
0.8633180998989805
689
1.172717720243098
690
0.767472037398156
691
1.0561901248123213
692
1.1491275429815648
693
0.9484275992916827
694
1.13834110386827
695
0.9517842645988042
696
1.4144088751952377
697
1.2955339146348661
698
0.7750392608511257
699
1.6241005121153296
700
0.8215476483704941
701
1.1260189083844552
702
1.0475147412388885
703
1.1652283223608204
704
1.031268893113181
705
1.0410988647726391
706
0.6805302404505835
707
1.0338590954846372
708
1.0584407126391406
709
0.9277014945856271
710
0.9149320703236942
711
0.9514504629914348
712
1.9739793492153477
713
1.4463787818773868
714
1.3450021513249755
715
1.6120861723214295
716
1.3307851215723288
717
1.183253057254352
718
1.1210997931599005
719
1.0291239056325756
720
1.3392062633674437
721
1.3080923184876554
722
1.337724481547531
723
0.782915542991304
724
1.1718468296021836
725
0.6828149435215304
726
1.2636869882985828
727
0.9932706368326127
728
1.0721718758438321
729
1.4172959893174808
730
1.0055541170082434
731
1.229410269908031
732
0.8655376180024781
733
1.3147924883957416
734
1.274821807663028
735
1.206129333085749
736
0.866798639301277
737
1.3813920265151185
738
1.1633313984768112
739
0.7249748079018508
740
0.699343591955394
741
1.162193188698202
742
0.9668655662380972
743
1.3386159337464523
744
1.4904867310185914
745
0.7299894543416171
746
1.2914398924895762
747
1.3661234711173482
748
1.352436496325068
749
0.8451167299095179
750
0.8138278350549184
751
0.8884078935190575
752
1.3152083070342526
753
1.215434920582095
754
0.9303104589208225
755
1.0857233976750291
756
1.0900306117710983
757
1.1128795166468535
758
1.0095944327746202
759
1.1989096051271617
760
1.335452162944326
761
1.5906231908699333
762
1.1959841405619167
763
1.775703726069906
764
1.111441295718766
765
0.9469894704761788
766
1.4128273507334372
767
0.837912160742805
768
0.8537244386324465
769
1.0503094619616427
770
1.3661573409971701
771
1.501343820724981
772
0.7799700457686012
773
1.0396730630612394
774
0.980360972484591
775
0.888691274538617
776
1.0295402190076204
777
0.7313870537114013
778
1.1236679450531846
779
1.1383177325942537
780
1.2837671591702922
781
1.252670314785674
782
1.0963221471771127
783
1.26754242832569
784
1.035031743291446
785
1.201933846847324
786
1.8971625357513517
787
1.0695680211852665
788
0.6791900523118248
789
1.2681182721507116
790
1.3385654758701977
791
1.4594194503725955
792
0.9773987684676659
793
1.1240906287693913
794
1.0649719034529177
795
1.12343683367103
796
1.2456616855552756
797
0.9133793865657169
798
1.1632227991442579
799
1.5997591473624655
800
0.9039461142571232
801
1.285204837792413
802
1.107742415802723
803
1.4348873289514046
804
0.7591521093745468
805
1.0834636115844738
806
1.1650462101639052
807
0.9264089078857362
808
1.175925347491441
809
1.146416653187271
810
1.6825211516022154
811
1.2037135084099724
812
0.9605182771141312
813
1.014805692888911
814
1.1239107741811276
815
1.0639118730479933
816
1.3094657203838838
817
0.9629998395313427
818
1.1231245617898147
819
1.6783410486009909
820
0.8243625591727118
821
1.0683849323613879
822
0.8953411455505502
823
0.8351769585194009
824
0.8992547679277658
825
1.3544002723504418
826
0.6806348581035196
827
1.0861948925122906
828
1.2085915083029788
829
0.8896118244319312
830
0.8302778621122083
831
1.3782413006135392
832
1.1730078768200491
833
1.664703296287221
834
1.6320202783178785
835
0.9821382832401855
836
1.0803795700455627
837
1.4930836955958455
838
0.8865610058888153
839
0.996019055259138
840
0.8039798233062125
841
1.0641665256280837
842
1.3642623826807114
843
1.2493387367321727
844
1.10914853644168
845
0.7244095408166477
846
1.4635217997459373
847
0.7417181432334392
848
0.6664822763231861
849
1.3353677681064302
850
0.8496120622674648
851
0.7512519861640252
852
1.154038284920018
853
0.9575596498808682
854
1.2396784586459313
855
1.3705003134815283
856
1.3283850612647636
857
0.7983482038313335
858
0.7312960419140458
859
1.7792820891871646
860
0.9225433133270954
861
1.1316623696547692
862
0.8213019277010004
863
0.7169688704235981
864
0.9368525096899913
865
0.7842089715805151
866
0.9190429673331382
867
0.9682636542697699
868
1.0141492022571432
869
1.0994452947685023
870
1.0395309419073697
871
1.2318104070763811
872
0.9008375332471031
873
1.5886398395801389
874
0.9471598518063318
875
1.1954387718240842
876
1.115267842047068
877
0.8784737272902365
878
0.9374628555286407
879
0.7035592777974037
880
1.1642000244795068
881
1.1640389284097743
882
0.9803918344397685
883
1.1643133664141483
884
1.5027448073977103
885
1.0786551223481076
886
0.9617767822901105
887
0.9159764098588574
888
0.8898756409231162
889
1.9502386456198264
890
1.084571572851691
891
1.4157651176021997
892
0.7297345544632665
893
0.7458843687242838
894
1.4516673515302596
895
0.8663438967234547
896
0.9705620222101573
897
1.6664796024154143
898
1.0456174797501647
899
0.7543765642636864
900
1.3987355647329487
901
0.7493534094423677
902
1.7507561051298812
903
0.9967643067916606
904
0.8188434521092114
905
1.0519915209436357
906
0.9385294231429742
907
0.7845377771527068
908
1.4274388008243564
909
1.2355068607201705
910
0.8937500347058605
911
0.7939106063503254
912
1.2211230541174025
913
1.341190289898097
914
1.0206090040918254
915
1.0956819063316638
916
1.1605410800546836
917
1.4322570551385934
918
1.3178503764068537
919
1.0885638139983338
920
1.150713763315897
921
1.2766795509210713
922
1.1402835577995858
923
0.974946855585414
924
1.426878665181711
925
1.2337162354217361
926
1.2090030842256634
927
0.8660403674496976
928
1.2890079297726036
929
1.474315446711025
930
0.9166762397944681
931
1.007552751977952
932
1.1886323748034042
933
1.2389044202260309
934
1.0455616724155141
935
1.7323899055553458
936
0.8301437645073805
937
1.120185148075862
938
1.1123426880588947
939
1.3622484054354036
940
0.7818153971918896
941
0.9615677855513898
942
0.9905032811061935
943
1.1470024556512595
944
0.7959319765329038
945
1.0304750836457495
946
0.8426217770207773
947
0.9701926392049874
948
0.7959810050686307
949
0.9127315278053859
950
0.9189848560282822
951
0.9555527246330386
952
1.5013233330866724
953
0.9804684001328202
954
1.299119521329054
955
1.502718693568033
956
1.0994364197697764
957
1.0449104827452944
958
1.0992306126910474
959
1.4013179333174932
960
1.683425109702532
961
0.9636622272401552
962
1.0804145856308913
963
0.9277430585729072
964
1.0550922625215033
965
0.8674360667820895
966
0.7555238871228708
967
1.0996478918492847
968
1.2107053782597532
969
0.9082639725186196
970
1.1299750205307255
971
0.8280533810516209
972
0.8554777428751597
973
1.020974145671253
974
0.8063201064950949
975
0.7934181191665957
976
0.9643189486182527
977
1.2663497882744443
978
1.612018280772068
979
1.6183525142768433
980
0.8637607200412225
981
0.7735016003550591
982
0.7306644051347289
983
0.9363816993154411
984
0.8368748211340096
985
0.7103334675284527
986
1.4663538219132852
987
1.33844388962338
988
0.8354312208488354
989
1.098808558130716
990
1.10356665053045
991
1.4526747845129453
992
1.040495218661078
993
1.504601894967919
994
0.85714984953314
995
1.1644214993549176
996
1.0714633139034415
997
0.9270170463366486
998
0.944840281399037
999
0.9722721657025577
1000
1.2491999503706563
1001
1.1411900132108415
1002
1.2109390086759453
1003
1.1677311074071621
1004
1.4257806618660702
1005
1.0652254253616165
1006
0.7855982575671256
1007
0.7657016161259291
1008
0.7827149926678276
1009
1.1272470985300536
1010
1.4143481466257113
1011
1.6385083622990984
1012
1.3415388238266865
1013
0.7587664188889274
1014
1.2064308342814136
1015
0.9286274473025062
1016
1.0800014757973393
1017
1.5167251841899427
1018
1.1581860653389244
1019
1.1156728485520626
1020
1.1867006182884712
1021
0.9866016836870714
1022
1.0278005143171713
1023
1.6209301455579637
1024
1.0886472994676144
1025
1.3699164409049043
1026
1.000634149687618
1027
0.7966054527282731
1028
1.3969856760298789
1029
1.3890094092369383
1030
1.03172408463749
1031
1.8178721405544835
1032
1.1788361931730376
1033
0.8609403495931408
1034
1.3107299659286016
1035
0.9996437912866287
1036
1.0131014638757472
1037
0.9908799721112137
1038
1.067412477358409
1039
1.1596367289129108
1040
0.9674047286326943
1041
1.1560853272425258
1042
1.452408558289172
1043
1.06200133973956
1044
1.1217626513707701
1045
0.8775131062762399
1046
1.1492558152003256
1047
1.4380300511911244
1048
1.4697440744528532
1049
1.1495087497042862
1050
1.271016945756869
1051
1.2664597582620383
1052
1.1789886770491167
1053
1.1542122849980498
1054
1.3577286112721838
1055
1.265594087943985
1056
0.9823967926396673
1057
1.007823824854053
1058
1.0303499048632032
1059
1.1681119321331783
1060
2.0238626515413105
1061
1.1345716315209333
1062
0.7964325371802145
1063
1.1571324519995065
1064
1.6013385777487528
1065
1.2368440972241417
1066
1.1024845039774782
1067
1.2531088492479845
1068
1.07463899609624
1069
1.1571778691722374
1070
1.0750657063047508
1071
1.4264300935095306
1072
1.3625261968087798
1073
1.7622807214073535
1074
1.1930632016528901
1075
1.3867187414503024
1076
0.9641888109017687
1077
1.1808560924391993
1078
1.079102619639225
1079
1.4057690910850458
1080
1.3110382011097494
1081
1.2584115592644638
1082
0.7506061630641485
1083
1.1045357411709256
1084
1.1124984788603034
1085
1.462333729041397
1086
1.2088819820252017
1087
1.0952742805898528
1088
1.5538576539477527
1089
1.381704286032426
1090
0.9429410702700394
1091
1.3140645024407271
1092
1.6323248127425884
1093
1.1444260264200457
1094
1.346780269741908
1095
1.366113561530433
1096
1.255818827225285
1097
1.4089414545366552
1098
1.126663419851993
1099
1.1516749181476504
1100
0.9714870138701623
1101
1.2729526978358972
1102
1.0968720696407162
1103
1.2142076870163092
1104
1.0822420187594284
1105
1.0719281092030537
1106
1.4268391061910997
1107
1.010458226031892
1108
1.605195206786296
1109
0.8708229183216738
1110
1.180833557420001
1111
0.908510588113051
1112
1.1221059073271986
1113
0.7054586615451233
1114
0.9079367916756449
1115
0.8315732374244771
1116
0.9859230837545565
1117
0.6475715462446447
1118
0.806309058977397
1119
1.4164639066342029
1120
1.3940987287859476
1121
1.2999470287195696
1122
0.8195492809160755
1123
1.2526426754393587
1124
1.3812773191637882
1125
1.341373744469873
1126
1.2864418620320313
1127
1.4762850810399293
1128
1.5090332443404841
1129
0.7654868565250682
1130
1.015607321636463
1131
1.1095514694963626
1132
0.7333317638766967
1133
1.6499611968259726
1134
0.9348980167389301
1135
0.7654926273592081
1136
0.8950376442608168
1137
1.5879640016909207
1138
1.4264564951163041
1139
1.2501761050713214
1140
0.7527405741110107
1141
0.8950575818847586
1142
1.0960100648325186
1143
1.066677772574474
1144
1.1575452089719416
1145
1.4187610035881333
1146
1.298835361113343
1147
0.7962342450494966
1148
1.3136256170493739
1149
0.8371809540560798
1150
1.3728735461739723
1151
0.9515208799473837
1152
1.142489147372467
1153
1.2949415064734042
1154
1.5198080199232675
1155
1.042895680406841
1156
1.346319998643193
1157
1.1915400558623637
1158
1.2164179269479127
1159
1.3717398707682629
1160
1.0059671471706266
1161
1.3575520109841368
1162
1.1787501441051371
1163
0.8750981811039975
1164
0.8250339621712524
1165
0.9233617397917002
1166
0.7773761652633799
1167
1.136763992393277
1168
1.508967948565786
1169
1.042284282586643
1170
0.6997077810849649
1171
1.126047555008016
1172
1.299266000247013
1173
1.0063662503443658
1174
0.8854252303241915
1175
1.0638329557918904
1176
1.5735384529740295
1177
1.397435962875056
1178
0.8355767713403666
1179
0.9478790755061952
1180
1.1503369140322413
1181
1.153097143650547
1182
1.0137903670418502
1183
1.5456530643524162
1184
0.9912624433048467
1185
0.7617600455869794
1186
1.1394008003525553
1187
1.5847458451233298
1188
1.4609657221305226
1189
0.9151064246973767
1190
1.3354826922164493
1191
1.1988435036528815
1192
1.0186200163133674
1193
0.7698219376055263
1194
1.4957405622209556
1195
1.011657458987206
1196
1.4100123149888844
1197
1.0403943771899284
1198
1.120560106884427
1199
0.8569718177972288
1200
0.8502881135472338
1201
1.0261843741974541
1202
1.2345724843757775
1203
1.0127432578451203
1204
0.9882247857370561
1205
0.9929011453585251
1206
2.390839024587719
1207
0.74428873816559
1208
1.2980581894845467
1209
1.026832537152557
1210
0.907896206159356
1211
1.04970319086176
1212
0.9419871200496682
1213
1.169048571683856
1214
1.0256849146855898
1215
1.2005519279321075
1216
1.4346779370959541
1217
0.788460817780694
1218
1.0049117908678986
1219
1.0157871693054363
1220
0.8853559479366115
1221
0.7782586014594437
1222
1.4263718371633174
1223
0.998528605912241
1224
1.3017769206764045
1225
1.4584977136470478
1226
0.8974794701094532
1227
1.0151405901826112
1228
1.5555237457688271
1229
0.9871392834181052
1230
1.5050248384612492
1231
1.2151369375101015
1232
1.3786299614556974
1233
1.2071415803100691
1234
1.268126356925819
1235
1.2540614333528644
1236
1.0121699047721417
1237
1.2327339691438743
1238
1.5418153849144771
1239
1.4985958249634304
1240
1.358764249825873
1241
0.8735051811900318
1242
1.1729271727787614
1243
0.9560578342894064
1244
1.2127821170909818
1245
0.8368179379547285
1246
0.964729875619121
1247
1.0283439956316778
1248
1.5526510491933163
1249
1.2699891343982979
1250
0.9116274246610327
1251
0.9867037374333907
1252
1.373377825256396
1253
1.6398494419565555
1254
1.0261625338336946
1255
1.059665154045632
1256
0.7736088956169076
1257
0.8344805747413698
1258
0.7912705995561315
1259
0.9810958445107846
1260
0.996629237963077
1261
1.6449394684218064
1262
0.9561092628964417
1263
1.2749513979555838
1264
0.8413986442562857
1265
0.8800005870644356
1266
1.3298007543611443
1267
1.6306668961368007
1268
0.7067087091416738
1269
1.2584287210722513
1270
0.9353011272216456
1271
0.9704600587512371
1272
1.3196941256951307
1273
1.1367243514720762
1274
0.9487604674056229
1275
0.8632443213693848
1276
1.2380552017016568
1277
1.2312606032356268
1278
0.6930636759226418
1279
1.3852399893757938
1280
1.0874367053566172
1281
1.1797816726201813
1282
1.3916454539849483
1283
1.2381917830092681
1284
0.923440955331097
1285
1.2347777968080804
1286
1.315689040921631
1287
1.0623272141930096
1288
1.0945673236816904
1289
1.3478718748852971
1290
1.5166846399566807
1291
0.9363684967442192
1292
1.2801028279079811
1293
1.9762404113952734
1294
1.155459623099859
1295
1.2764104213368554
1296
1.2135217482314433
1297
1.2788615427473444
1298
0.9740742008973897
1299
0.7965990296507194
1300
1.1353657871181602
1301
1.3369559957402914
1302
0.9655280603689387
1303
1.48276750685035
1304
1.3112227525916682
1305
0.796617573998257
1306
1.088731243829168
1307
0.9648725160710503
1308
1.0120559981046482
1309
1.4441869890252939
1310
0.8121424962862933
1311
1.2917468276227708
1312
1.0901010392618753
1313
0.9449850460638102
1314
1.1728553566967281
1315
1.4727046863235496
1316
1.003364263009528
1317
0.8654104181094338
1318
0.9878566629278558
1319
1.4452659345297365
1320
1.6250828943789903
1321
1.3852140794884023
1322
0.9113147798201986
1323
1.2025795424663543
1324
1.0900244106884958
1325
1.127881751098979
1326
0.8923583982501153
1327
0.8756436403452459
1328
1.1880091786462228
1329
0.917117463812004
1330
1.2080443711602191
1331
1.1653409575835705
1332
0.9536475498796709
1333
0.7590635570321075
1334
1.0103701093611708
1335
0.8681691230352333
1336
0.8869374934744506
1337
1.7646826489953809
1338
0.814895816933164
1339
0.8332233599453148
1340
0.9469974902077527
1341
1.2060560132894813
1342
0.8791848331394269
1343
1.4391586543251889
1344
0.688541980000692
1345
0.9039934560770683
1346
1.4604978839589524
1347
1.6402893550216564
1348
1.0500503561932788
1349
1.1213890458170543
1350
0.8151121419847891
1351
0.8370864561036869
1352
1.229445844293193
1353
0.7855208097220819
1354
0.995843777232203
1355
1.261727935680648
1356
1.1435847796378151
1357
0.9473129834109054
1358
1.4839078106353267
1359
0.8019508047803826
1360
0.7410847179710233
1361
1.2947751312234712
1362
1.5980216665866258
1363
0.983311723813055
1364
0.7752453078535675
1365
0.9911971895876122
1366
1.0365585341458887
1367
1.0927366683866697
1368
1.3080295976520988
1369
0.9560694820443137
1370
1.423999081227386
1371
0.7827149946186555
1372
0.8777467599262576
1373
1.0855622260056903
1374
0.7947147669200978
1375
1.2530372125088207
1376
0.822692684350856
1377
0.7939592562530403
1378
1.231037023144576
1379
1.4694401254457183
1380
1.2127535235948972
1381
0.9286739546268171
1382
2.257187908583563
1383
0.7512540504297753
1384
0.9162904162923611
1385
1.566870791170381
1386
0.7130782057308935
1387
1.3228752096753913
1388
0.937771206421554
1389
0.76511372293125
1390
0.9498065013393908
1391
1.5228613966448563
1392
0.9038611916965066
1393
1.2564104886401608
1394
0.8887736126650279
1395
1.0062767731060214
1396
0.7648217034862568
1397
1.255532281724379
1398
0.9360050603270923
1399
0.8455259309558913
1400
0.7554608808647685
1401
1.0978658212043169
1402
0.8484885838169997
1403
1.3647168863227683
1404
1.4839830317882396
1405
1.357830743252272
1406
0.7587673450838403
1407
1.4928346750435513
1408
1.031544477435039
1409
0.9310149274225992
1410
1.8716637798201918
1411
1.2348148620053598
1412
0.7511028300781085
1413
0.8678994701217606
1414
1.1146902264157845
1415
1.2575429499340876
1416
1.035613246676702
1417
1.0147934735135267
1418
0.9244588988993352
1419
0.8561023291834529
1420
0.9276761821632428
1421
1.1425135051591142
1422
1.302764487951486
1423
1.3864124610862751
1424
1.0648101948721407
1425
1.1812391667479507
1426
1.2445959817040166
1427
0.7528180082447903
1428
1.5686273408619462
1429
1.0186784595296947
1430
0.7828760600490526
1431
1.2010158374308586
1432
1.0228994287003013
1433
1.116617806595498
1434
0.8384393285425964
1435
1.5462026055661142
1436
1.1402670042683358
1437
0.783569089418618
1438
1.1398979455275304
1439
1.1305536359966162
1440
1.3676500748080962
1441
0.8854822781530538
1442
1.1957218153020286
1443
0.8840089792644542
1444
1.0780194084705093
1445
1.2354757557719915
1446
0.8928443601875958
1447
1.0094072134226195
1448
1.242720220820352
1449
1.1693250707750809
1450
0.8470760989180348
1451
0.8846677950773221
1452
1.3454296530539442
1453
1.2553357900417699
1454
1.3097585954458664
1455
0.929028085553845
1456
0.9320818066142059
1457
1.205438307257584
1458
1.3662373697017147
1459
1.345633851355412
1460
1.046485181194688
1461
1.051206725270927
1462
1.4802156227302363
1463
1.415271389577591
1464
1.3062741710341592
1465
1.1558327250592044
1466
0.8173344156466597
1467
1.394348011603325
1468
1.7331244011082847
1469
0.8391217341029609
1470
1.2611288791480109
1471
0.7704084725175266
1472
0.8048816392786845
1473
1.3169045808587072
1474
1.2032109329556493
1475
1.5449066319600249
1476
1.2826154355373012
1477
1.241487746022137
1478
1.2686656401208762
1479
1.180412092785235
1480
1.4761158780382289
1481
0.8731420447680331
1482
0.9709494992135247
1483
1.061525781976057
1484
1.2867687857671681
1485
1.183862142895584
1486
1.7495546413314877
1487
0.8784252068502151
1488
1.1233397587535066
1489
1.0447723398287783
1490
1.1741186293477484
1491
1.4929095578768126
1492
0.7665902966853025
1493
1.1564336244974605
1494
1.0527442033935956
1495
1.0347353692597814
1496
0.7518782878206955
1497
1.1768731931966838
1498
0.8005932891120057
1499
0.7822859917177087
1500
0.8009044807626803
1501
1.2272198658330429
1502
1.0423919443801528
1503
1.1538933599662875
1504
0.9544869657783759
1505
1.3941147176745827
1506
0.8342194557829632
1507
1.290753118001881
1508
1.3720034194816042
1509
1.178947773784791
1510
1.10221618072016
1511
1.0188062491922514
1512
1.143836236719659
1513
1.1162431620242743
1514
0.9215208374456584
1515
0.7582151991306686
1516
0.8929800835846124
1517
1.23476344141766
1518
0.7803527148391061
1519
1.5093368214698046
1520
0.8113437110989121
1521
0.8904993502584481
1522
0.7002645704617307
1523
1.3948363454504054
1524
1.3378224988478766
1525
1.3540729327398877
1526
1.1459934101609164
1527
1.5369179089887284
1528
0.836972587901603
1529
0.9021331726526494
1530
1.632270560723345
1531
1.299098537936346
1532
0.8358723622955261
1533
1.1164941914413378
1534
1.0052906896209515
1535
0.8088957877340648
1536
1.2040203911212113
1537
1.3680430897941103
1538
0.8157531496055822
1539
1.0944332637555105
1540
1.5504903853599838
1541
1.6672890232794153
1542
0.9446587531038793
1543
0.8822651763461759
1544
1.5759603449688104
1545
1.282785118692924
1546
0.905176088986713
1547
0.9623339306260601
1548
1.0588783201555843
1549
0.7566336455047284
1550
1.1797221327120435
1551
0.9198595145129743
1552
1.0364376008402618
1553
0.8254823615910257
1554
1.3471199035676504
1555
0.7438622723153617
1556
1.2311000767115607
1557
1.6139261418015012
1558
1.1862267747153261
1559
1.0494458130602033
1560
0.8403961375123202
1561
0.8718396030938884
1562
1.2548587403528995
1563
0.864634414552164
1564
1.1139507962710322
1565
0.8128691665759851
1566
1.2295396606108162
1567
0.8589341183656249
1568
1.2506842337675328
1569
1.493737236970344
1570
1.174484667961669
1571
1.1439582691841308
1572
0.980969823976515
1573
1.3833752697280375
1574
0.7963950703489119
1575
1.4181692039096312
1576
1.505991491763903
1577
1.312602457683429
1578
1.2911418238666552
1579
0.7302588823723921
1580
0.9865963890896049
1581
1.3007645148410008
1582
1.006666232192552
1583
1.276112068219032
1584
1.7082988966405057
1585
1.4956827965009583
1586
0.9354532538436426
1587
1.1941441082973177
1588
0.8878473090711045
1589
0.7561068596543085
1590
1.6259526053118247
1591
0.9245029303736492
1592
1.1492891142155786
1593
1.0907834891144685
1594
0.8813821056900766
1595
0.6963814917007816
1596
0.8134254573380815
1597
1.1665146457671693
1598
1.7654690755082247
1599
0.9805462388387062
1600
1.2072922883248198
1601
1.487027619102134
1602
1.3753818544218561
1603
0.9654080612999534
1604
1.1626013383333325
1605
0.8339232204852712
1606
0.7337612077005801
1607
1.0912324714555732
1608
1.404781301253398
1609
0.9360814065216525
1610
0.8322431869143239
1611
0.9451977078649291
1612
2.110864097486732
1613
0.8297705834102964
1614
0.9750354579320321
1615
0.810195863912207
1616
1.1316346859906716
1617
1.6634932067917634
1618
1.4622505092808695
1619
0.9657535056705326
1620
1.0975915166515373
1621
1.196140651697835
1622
0.798854250983601
1623
1.0998194435695527
1624
0.8344956906644935
1625
1.4282803515746763
1626
1.4478830900930078
1627
1.4832755852077264
1628
1.114828994977389
1629
1.3804686229874725
1630
1.082029537012667
1631
1.0499790698153821
1632
1.2051195409114879
1633
1.0991791728173785
1634
0.9578712038669471
1635
0.8365407530289577
1636
1.1401687587606626
1637
1.001161507523742
1638
1.0926090973284788
1639
1.0866365610671305
1640
0.9232831573225204
1641
1.4264888424585624
1642
1.0416815228290601
1643
0.8891706583881874
1644
1.189432268010349
1645
1.4945289633392034
1646
1.3124680693944377
1647
1.4494285468631085
1648
1.1591766645458157
1649
1.0248973659398501
1650
0.9078421779629716
1651
0.8142246741907746
1652
1.3316153148292442
1653
0.9137730948673023
1654
1.1022652704721654
1655
0.9582838568766497
1656
1.4386918680483727
1657
1.5221875439119779
1658
1.1643837557129473
1659
1.4798208341378798
1660
1.0475279821739636
1661
0.8839344033620231
1662
1.050405886487724
1663
1.1034862527118041
1664
1.4269974485995471
1665
1.2189391880129585
1666
1.1703672277351065
1667
1.728934727918081
1668
0.8068419761867757
1669
1.4232306000009045
1670
0.8645927991531988
1671
0.9193784788950787
1672
1.1817740993747932
1673
1.2340662983957895
1674
0.7673897244198054
1675
0.9324744326421964
1676
0.9984284553012869
1677
1.276991046646977
1678
1.3703133038390471
1679
1.388510211796947
1680
0.9773106269082671
1681
1.2218332759956847
1682
1.483143975740764
1683
1.3487631270028224
1684
1.0198896800769588
1685
1.7956709393155286
1686
1.3621483048812921
1687
1.161533546753415
1688
1.0284671208562042
1689
1.3093812473847108
1690
0.7880676374868312
1691
1.5972390964536942
1692
0.9940511448098835
1693
0.9387904671210846
1694
1.4000971103223343
1695
1.0150060906286542
1696
1.1941248339570592
1697
1.3606806626295032
1698
1.1624820605325024
1699
0.6805652024932467
1700
1.2850098584072474
1701
0.8350455592349034
1702
1.4286413452567643
1703
1.1620814112612023
1704
1.0182092021885583
1705
1.4377302699471797
1706
0.929079389460725
1707
1.0478514982394025
1708
1.497548682227163
1709
0.7417906935646777
1710
1.2238926361876163
1711
0.9978633701978119
1712
1.5979689286359249
1713
0.8789169180011794
1714
1.3325638866782203
1715
1.2240481465704445
1716
1.180958578798725
1717
0.7780733836564423
1718
1.237670311403046
1719
1.3090230111679892
1720
1.4121490679792572
1721
1.4150083879257613
1722
1.2819912988171747
1723
1.424031294346183
1724
0.9451834644268129
1725
1.4049239745792161
1726
1.125844512602025
1727
0.9792784548731162
1728
0.8278090090498382
1729
1.2718847774416704
1730
0.9615845315917593
1731
1.0428230864048824
1732
1.1352289016616055
1733
1.1750185984266048
1734
1.4150895899584495
1735
0.9485827258705837
1736
1.061721407328478
1737
1.1048469474711542
1738
1.4576891018346385
1739
0.7988225320372685
1740
1.376876418780871
1741
1.5102520626202087
1742
1.274931658533463
1743
1.1373555289877095
1744
0.8215383249987513
1745
0.9977899764731765
1746
1.3158689223168036
1747
1.258240221632002
1748
1.4263760799117666
1749
1.341049575600428
1750
0.7343392230612622
1751
1.254086077452771
1752
1.0642658721213505
1753
1.1503573642579619
1754
0.820465304047362
1755
1.111863784651362
1756
1.0059287214719794
1757
1.366424216443036
1758
0.7240663561667924
1759
0.9334201484308035
1760
1.0410575640741015
1761
0.9946757570030376
1762
0.825332220637165
1763
1.5568007058771425
1764
0.966373255540515
1765
0.7211383850752104
1766
0.8179592095482302
1767
1.3097907981421593
1768
1.0672780445377417
1769
1.5109535322079368
1770
0.9330586030268312
1771
1.3605433352356904
1772
1.4306732900164705
1773
0.842957074111613
1774
1.1281337468607053
1775
1.0374019803044086
1776
1.2262516382245678
1777
1.0115031579983629
1778
1.4426310148752466
1779
1.0306938806303663
1780
1.2470171783975987
1781
1.0303883208325433
1782
1.3691659371048124
1783
1.2569618007888559
1784
0.9333017434196117
1785
1.6575930269323418
1786
1.2947379303884152
1787
0.9854171520054746
1788
1.9429792039161857
1789
1.124483458226601
1790
1.3318770262251167
1791
1.0023438076472106
1792
0.8376737565605529
1793
1.1729947383516344
1794
1.4424698264235374
1795
1.374125097320923
1796
0.8524627399794449
1797
1.0524340995613772
1798
0.7672609557634928
1799
1.2495235025744935
1800
1.370374124198993
1801
1.1354513044069852
1802
0.8047198496665287
1803
1.266450597535238
1804
1.5594569365489803
1805
1.3119526460504285
1806
1.4502764466396565
1807
0.9571133414123784
1808
1.1009277898723429
1809
1.0188512518970883
1810
1.131094898615403
1811
1.5263835818749563
1812
1.3766970224774346
1813
1.1374964489936252
1814
1.438616969011394
1815
0.8206026802599853
1816
1.1975548842844264
1817
1.3000046933680207
1818
1.0371893848776528
1819
1.1453736484850334
1820
1.705021857026656
1821
1.2477995387823568
1822
1.305010298897762
1823
1.1681785929398225
1824
1.0251464713161211
1825
1.0440450442608744
1826
0.850433451106129
1827
0.8797573644724799
1828
1.1231112446320253
1829
1.2337478900640968
1830
1.4901265961685315
1831
1.2609302899025288
1832
1.1238578409253457
1833
1.353725485263602
1834
1.2366877645860754
1835
0.9746916375710554
1836
1.6367036809497477
1837
1.7626615157872545
1838
1.517210495472295
1839
0.9760354993017305
1840
0.9021578210857697
1841
1.1494899573817279
1842
0.8345030737768911
1843
0.7747020099859079
1844
1.3111354312450199
1845
1.5446780112103027
1846
0.8344176611944387
1847
1.2758929829952264
1848
0.8886997012270076
1849
0.8292189509311606
1850
1.1119647010174067
1851
0.8932721225348775
1852
1.355169005781543
1853
1.3603736566807112
1854
0.7654530849183148
1855
0.85178357485586
1856
0.9081877370923052
1857
1.18119242173242
1858
0.9319730269832371
1859
0.7422404139306554
1860
0.9734828611604815
1861
0.879159141917674
1862
0.7698627978575682
1863
1.3734467081969537
1864
1.1891260450817678
1865
0.726948088875325
1866
1.624204140832227
1867
1.5047086376189551
1868
1.1355211163544676
1869
1.2079024488132926
1870
1.1616072452322317
1871
0.7516342600300234
1872
1.2161944219248686
1873
1.5320237691671668
1874
1.4961307457939312
1875
1.1513483735139467
1876
1.2040053496554757
1877
0.978484235897119
1878
0.9055831399736018
1879
1.3988677651197725
1880
0.8965037912513522
1881
1.2161362333967742
1882
0.9581513625011375
1883
1.1173668742565264
1884
0.8801481315761609
1885
0.7634283956518806
1886
1.1368226441729905
1887
1.2862442152625113
1888
1.1044121543099965
1889
1.3546017127076817
1890
1.3112258606734823
1891
1.5781369376697512
1892
1.112988041341805
1893
1.6888262168992827
1894
1.1285757441400952
1895
0.8116721208274079
1896
1.8591945725563113
1897
0.7923214009625673
1898
1.2987275594773113
1899
0.7836547359603214
1900
1.0439617300252944
1901
1.0325694140733839
1902
0.7888659098791475
1903
1.3402858318540543
1904
1.2921837619083267
1905
1.1062452981400914
1906
1.3069338030761308
1907
0.9029116077034817
1908
1.5832604119316167
1909
1.0186857376275502
1910
1.095420443818323
1911
0.9963360060223729
1912
0.906305194584964
1913
0.7937526697353943
1914
1.3512434166573195
1915
1.5811773682584425
1916
1.1202684385951773
1917
1.0233546206174884
1918
1.0401308167390946
1919
0.876151992807392
1920
0.762273213204927
1921
1.298486756123232
1922
1.1243183634494935
1923
1.2819888086442237
1924
1.0812144162780801
1925
1.608868981318436
1926
0.8990561829372479
1927
1.2853342194643185
1928
1.2050507670269348
1929
0.8970367578069113
1930
1.2980431709552
1931
1.1038492955820034
1932
0.8870887880771667
1933
0.9424282905750564
1934
1.5545069398564533
1935
1.5158267811104371
1936
1.000863407962343
1937
1.2349577302181043
1938
0.9050677662858192
1939
1.4513075125675412
1940
1.0428872975480876
1941
1.3063899232405496
1942
0.8705266563614661
1943
0.7900268271944267
1944
0.8971264128601691
1945
0.8740525907551845
1946
0.8304279359451073
1947
1.2905295313144356
1948
1.2495428368687662
1949
0.9071850772095772
1950
1.7836893328730796
1951
1.6856798217754119
1952
0.9511788271595278
1953
1.1827843665649458
1954
0.8000247191328784
1955
0.8165025503167523
1956
1.2409876595681415
1957
1.370688113227768
1958
1.4282880234027515
1959
0.8591409335706629
1960
1.0198007473053907
1961
1.0773882711713165
1962
1.0993654062392866
1963
1.406321311343078
1964
0.9975664019866242
1965
0.9581673032005571
1966
0.9041816623738965
1967
1.4505280903032218
1968
0.9549912178108575
1969
1.38402818522443
1970
1.5268761422543988
1971
1.4350386760703346
1972
0.8990036082376807
1973
1.0360853736031217
1974
1.3581198447157854
1975
1.1288658910516305
1976
1.2542519312959903
1977
1.7599425985798174
1978
1.379729626491574
1979
1.170166040516678
1980
1.2853805917452248
1981
0.8427516422583455
1982
0.9768113705396108
1983
0.9446221930887909
1984
1.0492317580102741
1985
1.2035972483841484
1986
0.9560397309203154
1987
0.9289187491174807
1988
0.9192842582405282
1989
0.7598363984250155
1990
0.7309242382801534
1991
0.6510725767525771
1992
1.0795419797003452
1993
1.1765607130840294
1994
1.1572992031751848
1995
1.3118798091455697
1996
1.2108891558365427
1997
0.8090045601009707
1998
1.459676443655012
1999
0.9249975257376988
2000
0.9967830335248022
2001
1.4018627085772717
2002
1.493546640291539
2003
0.8677150743733367
2004
1.607280423890482
2005
0.7335522057659227
2006
1.162634059377692
2007
1.2410347508424142
2008
0.8410966616335662
2009
0.8507398101084371
2010
1.478850105310374
2011
1.0757378427139097
2012
0.9324119048948782
2013
0.8632265326025496
2014
1.1957663568402037
2015
1.7909667621666285
2016
1.285552995448003
2017
1.2603043959423765
2018
0.8700052586409235
2019
1.3152438411691805
2020
1.239602408614423
2021
1.0056984311429742
2022
0.963616920551124
2023
1.0369981787053246
2024
1.5101103090640458
2025
1.0736386763570276
2026
1.1431098937392832
2027
1.1532840817156007
2028
1.9831379945534067
2029
1.3863091857043397
2030
1.1381202203336005
2031
1.3808172055294803
2032
0.8393193512185866
2033
1.3427767555013201
2034
1.2658597610576807
2035
1.2748068777896395
2036
1.219734214132156
2037
1.3050908861975759
2038
0.9821280826636415
2039
0.9193102786193293
2040
0.7355886180248913
2041
1.0569282497981152
2042
1.0809967388394677
2043
0.950434534309605
2044
1.5774902059808609
2045
1.368783535316884
2046
1.0460306569039532
2047
1.3161822910190522
2048
1.1077870552243092
2049
1.1426658242524703
2050
1.2959410244114133
2051
1.449904163651265
2052
1.2868226096084578
2053
1.9357301744107909
2054
0.8377174073821487
2055
1.2881763707729637
2056
1.203414805288999
2057
0.78009202882405
2058
1.1179076271904818
2059
0.9757412516679653
2060
0.8735541452242737
2061
0.891490235788014
2062
0.8224726483377736
2063
1.04389347357359
2064
1.0259553939384993
2065
0.7992094299266834
2066
1.374173306767202
2067
1.0091974312073642
2068
1.252738153961793
2069
1.4358876462988845
2070
1.4320477630134236
2071
1.0434601875976275
2072
1.0920210563959059
2073
0.8161877097888626
2074
1.2362953751124837
2075
0.9157873825723393
2076
0.8386771483560617
2077
1.2086278365442906
2078
0.9920069362172474
2079
1.6429647615848564
2080
1.021580658083494
2081
1.1792628648283314
2082
1.3909342987501572
2083
1.5913070984438027
2084
0.8661335176027883
2085
1.047376222257055
2086
0.9660850790858718
2087
1.3274615442610906
2088
1.3284934327564202
2089
1.188235252677665
2090
1.132136717412525
2091
1.2686289503070678
2092
1.497463784912832
2093
0.9280476799985379
2094
1.0508227046614782
2095
0.9335239673524882
2096
1.1334410801813721
2097
1.0228645035942947
2098
1.2366879977088283
2099
0.7992429044030374
2100
1.4595971090848838
2101
1.2252583867482338
2102
0.8884309383161775
2103
0.7510169765477274
2104
1.458406684375501
2105
1.3022051634758796
2106
1.4773797829482265
2107
1.1434344874652356
2108
0.9622868563226681
2109
1.021867180477732
2110
1.2369636617050952
2111
1.2805210082318614
2112
0.7803383112100083
2113
1.4129636881723862
2114
0.9520138259854919
2115
1.0122856098612765
2116
1.6047703000444367
2117
0.9893607774471462
2118
1.0878779825841005
2119
1.5477903563737019
2120
1.1978918932275833
2121
1.0131595666950521
2122
1.3832793131379442
2123
0.9420081366747786
2124
1.1454395543320326
2125
1.4124718982426114
2126
0.9216251025940743
2127
1.0739843449447917
2128
0.7447556620215608
2129
0.98177966770889
2130
0.9651259497036496
2131
0.8952295515073166
2132
1.1144772189686707
2133
0.9506629314774981
2134
1.1564577313632056
2135
0.8208078398884844
2136
1.059429101350215
2137
0.823774920658571
2138
0.8566532502346034
2139
1.115207930566796
2140
0.7553106414034464
2141
0.730450374503673
2142
1.2702401754008834
2143
1.5489701663073303
2144
1.1568713786520615
2145
0.8696640451666441
2146
1.1684345310321367
2147
1.5529105347933176
2148
1.1487941269346957
2149
0.7000241477112851
2150
1.1925771017133564
2151
1.2202087793924403
2152
1.4626807204240102
2153
0.7891191678730309
2154
0.9456162363779311
2155
0.9656125480694193
2156
0.8201406081341492
2157
0.7958060147719572
2158
1.0519739777673591
2159
0.7104389639337595
2160
0.7986905910118529
2161
1.4524259459554376
2162
0.7808467366673684
2163
0.8645766895696837
2164
1.1411940881030076
2165
1.1546098209313176
2166
1.098197919570257
2167
1.4191937920294344
2168
0.8938434669433807
2169
1.2706229624620697
2170
1.3191440342794811
2171
1.2225200154697105
2172
0.8264406393840996
2173
1.190830806956973
2174
0.9739473457053163
2175
0.9879372702165148
2176
1.3822198584186092
2177
1.0583877746111863
2178
1.284291375350058
2179
1.2512645172533496
2180
0.9395378862075585
2181
2.074361826023191
2182
0.8112046844554558
2183
1.399351095040031
2184
1.323274829339877
2185
1.0407877441896982
2186
1.0970588235484433
2187
0.9775783432876902
2188
1.4473340165537054
2189
1.211214821617224
2190
1.0374596617489935
2191
1.2047079289902378
2192
1.071932265792379
2193
0.8404002450499141
2194
1.53278485906525
2195
1.461416801867373
2196
1.5945014421181483
2197
0.9665461881385742
2198
0.9653122582240862
2199
0.8213087538750689
2200
0.9232934581880763
2201
0.9859457230765936
2202
1.3701003154045044
2203
0.938067840262175
2204
1.0117829318039577
2205
1.460418651204857
2206
1.0110570238887178
2207
2.301720510733425
2208
0.946328525076479
2209
1.0146378776213836
2210
0.8541430601496068
2211
1.0071252800051635
2212
1.3533861703287227
2213
1.1820603370249798
2214
1.3334691456081915
2215
0.917759436030016
2216
1.17000952159698
2217
1.046819108642286
2218
0.7984449582266667
2219
1.0264965747769481
2220
0.8206443664896371
2221
0.7965304744017834
2222
0.8844737870186438
2223
1.3229782561986285
2224
1.0874990398603361
2225
1.0349258313965795
2226
1.3691162557096879
2227
1.1310891132199279
2228
0.7325349479614034
2229
1.5134746200558526
2230
0.9313844052725406
2231
0.9400368109105166
2232
1.0540081632192166
2233
1.2940272653680256
2234
0.9132583353937616
2235
1.1375488947537498
2236
1.604127315155914
2237
0.9473202886489992
2238
0.872663305708617
2239
1.5439537205644804
2240
0.7855611440078603
2241
0.771838414177264
2242
1.4512769317084113
2243
1.0044947380775977
2244
0.9016400367019782
2245
1.4489193672981564
2246
0.8532423381277887
2247
1.5030420118658088
2248
1.0527110217613318
2249
0.8268036064055007
2250
1.1809750876901974
2251
0.6886647068008209
2252
0.8485668862231823
2253
1.2733340384425862
2254
1.2245188837492256
2255
0.8730596773750113
2256
1.7155977035385224
2257
0.823590137532258
2258
1.205020551340662
2259
1.134541352240429
2260
1.1244128789920342
2261
1.2095465345646559
2262
1.22184656734745
2263
1.111370885891329
2264
0.8697833431633493
2265
1.154638809104755
2266
0.9913294235603685
2267
1.122694103184675
2268
1.5131958234393974
2269
1.1618934043434292
2270
1.5751324601080354
2271
1.1275887201366703
2272
1.5191874255659352
2273
1.0359044336909369
2274
1.1698993847732475
2275
1.396666433899328
2276
1.071052331734168
2277
1.3589831268243058
2278
1.001600532973502
2279
0.867329693952563
2280
1.1246798534575864
2281
1.0358660518906457
2282
1.3368724870970516
2283
1.1088340158385448
2284
1.0661725332975505
2285
0.9174404418427099
2286
1.1939253450272735
2287
1.673217170877323
2288
1.1081586896550213
2289
1.2936215537361895
2290
0.910571916363453
2291
0.9530148759360921
2292
1.5056126336392122
2293
1.1451370266941951
2294
1.2424383864789792
2295
1.1085452582188644
2296
1.031132482291829
2297
1.396091534598246
2298
1.4168042819778728
2299
1.6257023683905965
2300
0.8327022344460314
2301
0.831564800672275
2302
1.0938383858254888
2303
1.143746402297707
2304
0.8627997749846731
2305
1.280101018574772
2306
1.0346261319195487
2307
1.02364754601664
2308
1.2641427777032002
2309
0.9375012573941931
2310
1.053489074889837
2311
1.462748331512878
2312
0.7364433509884019
2313
0.8126870124631272
2314
1.2082191429760754
2315
1.4547750098760532
2316
1.1098468115038878
2317
1.1981507761564238
2318
1.402896207641502
2319
1.9186931310834054
2320
1.1682266002809654
2321
1.013183393160232
2322
1.802634658162438
2323
0.7748305510517723
2324
0.7026586318279306
2325
0.768453615235365
2326
1.210986823588082
2327
0.9937474626064257
2328
0.733070583319314
2329
1.3127624811817002
2330
1.0750335866389984
2331
0.8961843794468427
2332
1.0282160341136044
2333
0.9017604309275185
2334
1.411401750286457
2335
1.3126100568936254
2336
1.2267869778485783
2337
0.9417187012553629
2338
0.7918135794991022
2339
1.487562403132342
2340
0.8813660238566384
2341
1.3543631169355432
2342
1.1759036118014494
2343
1.2783159772127652
2344
1.943915715047582
2345
1.7419806091517955
2346
1.2465078185800367
2347
2.0413359766062444
2348
1.0231887639767199
2349
1.3858656720227378
2350
0.8104715634493084
2351
1.2173867021025078
2352
1.033734767744746
2353
1.0474279764055636
2354
1.4336215901065255
2355
1.3972272929718021
2356
1.3927148534829388
2357
0.9254168674890911
2358
0.8069469744444014
2359
1.2772901537491312
2360
0.9580779744828444
2361
0.9555089159937512
2362
0.875691313317249
2363
1.4889291924483332
2364
0.8225668425708961
2365
1.30276169250989
2366
1.1084882087473613
2367
0.9539965809855518
2368
1.2025096065031597
2369
1.1726469135596118
2370
1.1402096096717709
2371
1.0838339095376042
2372
1.2429850984854771
2373
1.0559247367037092
2374
1.5155447679585954
2375
0.9458727047883245
2376
0.8485919657018143
2377
1.0959472559280294
2378
1.4093133832552567
2379
0.8583994087846079
2380
1.076744265189784
2381
0.9849622520007145
2382
1.1437766404974203
2383
1.4990749537944252
2384
0.8308767523448536
2385
1.242458021052291
2386
1.4012886258635175
2387
1.1903608638689889
2388
1.2639490959190156
2389
1.3561052472284323
2390
0.9811929985167631
2391
1.146000046643425
2392
0.7005918413328368
2393
0.8326537856740804
2394
0.792432424089716
2395
1.097914404455511
2396
0.9850656589775347
2397
0.7883662390437782
2398
0.721232372540037
2399
1.5363102156567865
2400
1.278351873435871
2401
1.1671593137479312
2402
1.575484118707652
2403
0.957169653243002
2404
0.9931215446372216
2405
1.266767649383686
2406
1.1988991395846738
2407
0.8789734617950293
2408
1.422730898000041
2409
1.2840021445702807
2410
1.0098038521667223
2411
0.7062446708032977
2412
1.0809434361830281
2413
1.2850909173436345
2414
1.281324611717537
2415
1.3386644440475697
2416
1.4862749824801853
2417
0.8332165049748659
2418
0.9621955562812472
2419
1.0861806397566918
2420
0.7155563466044955
2421
0.9213860068172062
2422
1.5436836042703663
2423
0.9909962651547047
2424
1.59160911193078
2425
1.1007997672517371
2426
1.2079878116852012
2427
1.1203760399147742
2428
1.0790991188261938
2429
0.7523227548774145
2430
0.9673355237763948
2431
1.1547037613156501
2432
1.1531377514255048
2433
1.3768617622341732
2434
1.3805910347027275
2435
1.2559901633894617
2436
0.9863079030610413
2437
0.9291131073615696
2438
0.8894343785673053
2439
0.7693154103869638
2440
0.7508592077187488
2441
0.8930517165141993
2442
1.0749451466554267
2443
1.279643118529939
2444
1.415933034742527
2445
1.3576002956004967
2446
1.3243254628771497
2447
1.5580076705592265
2448
1.6321913441492597
2449
0.7518926102902751
2450
1.4901541987754798
2451
1.1874271964852037
2452
1.1002716601275002
2453
1.4338830246447278
2454
1.4790330752941447
2455
0.854313787869024
2456
1.2642599806429677
2457
1.3119351760500852
2458
0.8682254333111565
2459
1.2705112893403199
2460
0.8861498905392693
2461
0.7063363626120026
2462
0.8207980165695605
2463
1.0766422967558669
2464
1.3140685146900883
2465
0.7915794327070917
2466
1.4742770645220635
2467
0.9881963693808908
2468
1.3752861280046194
2469
1.1286744449865487
2470
0.8556985777474015
2471
0.8674133663888675
2472
1.557867243896643
2473
1.731735327829023
2474
1.0749119342498856
2475
1.066360631806465
2476
1.3617193103074294
2477
1.2488971058026173
2478
1.0678555800395406
2479
1.3944057623441724
2480
0.7403499179500004
2481
0.7733329405464638
2482
1.562536780028417
2483
1.4023476262760401
2484
1.1871866933732818
2485
1.5796575100800112
2486
1.2165508711700255
2487
0.7594906159596637
2488
1.4563436548863267
2489
0.8849975706592549
2490
0.8737496094195105
2491
1.2591441435556834
2492
1.2326411427905506
2493
0.7339028630513623
2494
1.090916101546609
2495
0.938528748397612
2496
1.3661723045852328
2497
0.790183481131374
2498
0.8997220209190198
2499
1.244925171006433
2500
0.968918603468119
2501
0.8695987354850858
2502
1.270209262413719
2503
1.4236711846142938
2504
1.2965517223457204
2505
1.2406744402562335
2506
1.0146172774326012
2507
1.250275997172423
2508
1.377842565985314
2509
1.2188666422411842
2510
0.8004754770593294
2511
1.3835405597936226
2512
1.3018570015872508
2513
1.1186456673686003
2514
1.8110286223887029
2515
1.0415192279985155
2516
2.036408094890298
2517
1.1659553233890227
2518
1.0374160545827138
2519
1.1346355668209627
2520
1.2449752743682156
2521
0.8193893046468802
2522
1.367347449993101
2523
1.0468437890588569
2524
0.7830196906344535
2525
0.7879015372813992
2526
0.9073054432640573
2527
0.8991556381290163
2528
0.9396452988555842
2529
1.0122463075569794
2530
1.2333723927516187
2531
1.2004830462041298
2532
1.2098446990823868
2533
1.3565106411286751
2534
1.4226401979708228
2535
1.0056998450728363
2536
0.799007959183472
2537
0.8381136544194343
2538
1.1661326007303123
2539
0.7772036883645668
2540
1.0947743421199096
2541
1.3793222289006646
2542
1.2253426754515668
2543
0.893685872514993
2544
1.579920587739467
2545
0.9366985396327475
2546
1.5448173771464169
2547
1.2872295826510085
2548
1.0546426068149
2549
0.8538808959862831
2550
1.1171702184212797
2551
1.2208769916085993
2552
1.3657549180155069
2553
1.2910945092064423
2554
1.347890147613081
2555
1.1969190481684433
2556
1.3824882487894072
2557
1.3682931543286185
2558
1.0023992087632787
2559
1.3208030586489206
2560
1.5112930135688767
2561
1.3085394318100299
2562
1.0191866358638646
2563
0.9369305853631897
2564
0.9304124672353294
2565
1.2548341090889354
2566
1.0754459556217084
2567
0.6309749255358679
2568
1.4917191429758576
2569
1.3302826843528484
2570
0.9680329069032133
2571
1.685036482438344
2572
1.2964691036855949
2573
1.1382622701515681
2574
1.3261624847066513
2575
1.3870410690870825
2576
1.4778839879157035
2577
0.8028762457385903
2578
1.3221267596227684
2579
0.7913662845711024
2580
2.1070124030903714
2581
0.8014177732996404
2582
1.1065346074437858
2583
1.1235603596423474
2584
1.142450319217676
2585
1.0009300602258935
2586
1.564880016145739
2587
1.0347361010089908
2588
1.624095383941515
2589
1.14407030548213
2590
1.0216082696748512
2591
1.7165656120460053
2592
1.2717101598897382
2593
1.0837391043354532
2594
1.2961828859249909
2595
0.863270990617179
2596
1.4540587847699593
2597
1.0978851884208078
2598
1.2200180021027314
2599
0.9073721382515348
2600
1.0602905641423312
2601
1.109522363182521
2602
1.0187273447674494
2603
1.086955265157498
2604
1.001230843470432
2605
1.2357708236201006
2606
1.12649145907867
2607
1.4991651914677089
2608
0.8374474233512126
2609
0.7120387779432145
2610
1.0746079716392192
2611
1.2429936863550957
2612
1.1582740762560007
2613
1.3616560384787975
2614
0.892115873756395
2615
1.3756426410833436
2616
0.7533629268691721
2617
0.8520606349040792
2618
1.3189254439023939
2619
1.446365203758218
2620
1.111828502431961
2621
1.0119981057104706
2622
1.0370450454264437
2623
1.342650718932815
2624
1.0876716435660125
2625
1.2394053024228935
2626
1.0140997597274908
2627
0.9947342238733045
2628
1.2942099047321054
2629
0.8365273812757827
2630
1.8439774831739466
2631
0.690840780605969
2632
0.8826804398563075
2633
1.0018079206373507
2634
0.9425192092919711
2635
1.3724418500560727
2636
1.297954254205964
2637
1.3171398068059992
2638
1.1748490468359736
2639
1.4006765356972646
2640
0.7116231929344179
2641
1.628724681707527
2642
1.251776656998596
2643
0.7410172785901945
2644
1.3632408533828293
2645
1.2428993909134542
2646
1.1783177290306661
2647
0.8927596986083821
2648
0.9233829174504325
2649
1.1268748377102666
2650
1.2587491650842708
2651
1.0717791052613412
2652
1.1787242125081983
2653
1.255114724352127
2654
0.8596141580755617
2655
0.9063652156675682
2656
1.3950401689388612
2657
1.1058025410981966
2658
0.7739052295962595
2659
1.2764222510864185
2660
0.8635043534190338
2661
1.4876253476786363
2662
1.2016706432893913
2663
1.0533205976155642
2664
0.8556569968484782
2665
1.3458127154854347
2666
1.6196209063341531
2667
0.8689229616741432
2668
1.1638242498783091
2669
1.0804779039062806
2670
0.9815976233188448
2671
0.9084366449462531
2672
1.6832400927044782
2673
1.2962644618223795
2674
0.7844373840335345
2675
1.0113374704324596
2676
1.1834738949227004
2677
1.4658078155513907
2678
1.1383154544304976
2679
0.7782088829081327
2680
1.2760269912647246
2681
1.1357619892381108
2682
0.80478504102217
2683
0.9843330992017603
2684
1.0589204821133453
2685
1.7351311457602647
2686
1.1809421047285777
2687
1.4482645121495745
2688
1.5571230824600597
2689
1.2905104200997333
2690
0.8153413419117267
2691
1.3072550065483388
2692
1.2540158838956847
2693
0.8166204137281302
2694
1.9917887872960298
2695
0.8645739869847874
2696
1.5027119022521171
2697
1.235881368155338
2698
1.290231047924046
2699
1.1742310868641213
2700
1.1877907563404253
2701
1.4081019513520534
2702
1.3620063028432206
2703
0.847051297412222
2704
0.7335505954924407
2705
1.1591340281971683
2706
1.191910135825539
2707
1.2474499595575688
2708
1.0631129932796362
2709
0.9209812920837221
2710
0.718279099440986
2711
1.221128950781682
2712
0.8777069496954959
2713
0.8551050809892011
2714
1.225090104501596
2715
1.2709743998239644
2716
1.2624187404770375
2717
1.1966227759075052
2718
0.7134632890522749
2719
1.047628828901559
2720
0.7456481119935623
2721
0.7192641797132766
2722
1.1437532302702351
2723
1.8665578630774688
2724
0.7396146761588787
2725
0.8215877461960329
2726
0.7357509520092704
2727
0.9580136590222014
2728
1.1320575116718774
2729
1.7278640952140425
2730
0.9347363478630573
2731
0.8770593414631922
2732
0.7751387844703453
2733
0.7885602642242848
2734
0.9698457453661555
2735
1.279882292088241
2736
1.229521179374791
2737
1.0329709167778984
2738
0.9131582363909404
2739
1.427869665396892
2740
1.0046208380258301
2741
0.9426730399682242
2742
1.1568022112138052
2743
1.394766912870555
2744
0.8935376061307022
2745
1.2841841780323768
2746
0.9044341013190049
2747
1.372222612394578
2748
1.2573544070117233
2749
1.1227537037472837
2750
0.7466069932300624
2751
0.9130620316345609
2752
1.1010595152344913
2753
1.376552787027234
2754
1.0150042544103042
2755
1.3447811984707414
2756
0.728593766447934
2757
0.7412462362385698
2758
0.943643347129953
2759
0.7503233417979699
2760
0.8758607793989719
2761
1.0872659832222291
2762
0.8337552329908556
2763
0.9793320619798187
2764
0.7474391442511688
2765
1.416223848642343
2766
0.9619686256413649
2767
0.8234165884449739
2768
1.6102082716486867
2769
1.2551372538551233
2770
0.748435774874134
2771
1.4327540657238647
2772
1.1445167907988771
2773
1.1725991755421186
2774
0.9160196529519297
2775
1.40086806424125
2776
0.9380275781745067
2777
0.7659104167909834
2778
1.6273207094325115
2779
0.7623300747689777
2780
1.7069371134708633
2781
1.1267814142027932
2782
1.5674316602579796
2783
1.0205693620933762
2784
1.6011730355613887
2785
1.039667351977632
2786
0.910363468551535
2787
1.6173420243970815
2788
1.2183900362043225
2789
0.9353134457277004
2790
1.1039583614185886
2791
1.1807623925969282
2792
1.0536229156405432
2793
0.8125160105698507
2794
0.9705715406799151
2795
1.1480048788385506
2796
1.238194073709042
2797
0.9128726109994904
2798
1.2224539060004391
2799
0.9779111092047188
2800
1.2230374850483345
2801
1.3618085289296553
2802
0.9274524265644498
2803
0.9125630527128344
2804
0.8835679308558481
2805
1.1942849139902232
2806
0.9261191976228395
2807
0.8454513538888799
2808
0.8222484586661772
2809
0.8191627515755543
2810
1.0765244822928968
2811
1.4153737093002141
2812
1.4242247790229619
2813
1.086971473063879
2814
1.332264533709662
2815
0.9923453428957001
2816
0.8860592828026274
2817
0.823275017770892
2818
1.48299872525439
2819
0.9673131472662272
2820
0.8168212248339172
2821
1.087007253117695
2822
1.0127370380562344
2823
1.1689509037595618
2824
1.1622388964149033
2825
0.9646377064323929
2826
1.2773935722525485
2827
1.7433099917828703
2828
1.0188722501693679
2829
0.9264385093603635
2830
1.2074455907004826
2831
0.8668854599683999
2832
1.0193162539378604
2833
0.964082030935837
2834
1.3826026202429809
2835
1.536676275518865
2836
0.824430006566257
2837
0.8558713138585048
2838
1.0359862241956597
2839
1.158226005926136
2840
1.0608506438674112
2841
1.2118339160580809
2842
1.0580860411363417
2843
0.9341183600901142
2844
1.2216444245762517
2845
1.8294601356997235
2846
0.8130374827422979
2847
1.2194922174226737
2848
1.064776444383181
2849
0.9667736507614673
2850
1.0928473478167438
2851
1.0603214630565139
2852
0.9795751367933314
2853
0.7621349709970947
2854
1.6149688407295986
2855
1.7208936871981455
2856
0.9689120246013998
2857
1.415653206404243
2858
1.1127018287405097
2859
0.9349892185665849
2860
1.8439580840627763
2861
0.7606070856749607
2862
1.4544895422750237
2863
1.5409080271741324
2864
1.0910069236840836
2865
1.030907968886018
2866
1.198661553725728
2867
1.282342699286658
2868
0.857889893520725
2869
0.8878285517984684
2870
1.0727253758904625
2871
0.9328640827806601
2872
0.9409908309767698
2873
1.0815862998399335
2874
0.8784808040276773
2875
0.8472834107802019
2876
1.0541878139988399
2877
1.182076292871182
2878
0.8404416498459417
2879
1.7299216958046946
2880
0.7403446431250306
2881
1.0864773046412475
2882
1.0378115858173813
2883
1.1303521495498676
2884
0.8241344202435655
2885
0.8027740067727537
2886
1.093107506877348
2887
0.7549438909453403
2888
0.7807998345852654
2889
1.1869580521559766
2890
1.0731035665232775
2891
1.0453583610317485
2892
0.9193745571857216
2893
0.9680460487378171
2894
0.8260365871469478
2895
1.45634441466149
2896
1.2781124856313648
2897
1.3776832027914143
2898
1.1778930645789472
2899
0.8221997508489776
2900
1.4672571055398598
2901
1.1400481369181643
2902
0.796731154044544
2903
1.661711439009157
2904
1.061382762811282
2905
1.5661312757248436
2906
1.4424628204109244
2907
0.8819821924033837
2908
1.0870726728059699
2909
1.4818058816243826
2910
0.9779516258175046
2911
0.7621748972105806
2912
1.71495681137643
2913
1.3804218140070839
2914
0.7271135607490786
2915
1.7825489800070424
2916
1.0902001399368353
2917
0.7378076676797316
2918
1.560881638734525
2919
0.8811875705446331
2920
1.0190996947166973
2921
1.1788387403719431
2922
1.5826377901091102
2923
0.9274963625007581
2924
1.032210292178281
2925
1.0949850730353898
2926
1.5075606885500292
2927
1.2016271216996672
2928
1.1018425856677487
2929
1.0828278136547793
2930
1.1667346810692856
2931
1.0906342777672156
2932
1.1822002154522324
2933
1.4255070921080473
2934
0.9234399919590571
2935
1.2383922364741256
2936
0.8168994502625969
2937
1.9280956653647932
2938
1.2804446729394483
2939
1.090944822477334
2940
1.1452714553623025
2941
1.5963560115510516
2942
0.9176468865844015
2943
0.8132785241714169
2944
1.2370841352379465
2945
0.7574810900633063
2946
1.4713743902150387
2947
0.783113103254241
2948
0.8697386071620008
2949
1.5233993184701375
2950
1.2750726734458457
2951
0.8453841097336043
2952
1.009126144220037
2953
0.9277342733842318
2954
1.0122837493312922
2955
0.9556054935901606
2956
1.1659858786226969
2957
0.8582053479679997
2958
1.7522617765437623
2959
1.1194781831273801
2960
0.7970961896209
2961
0.9343009756199133
2962
0.7913281157794038
2963
1.534193165410526
2964
1.555248028920599
2965
1.7187524958451799
2966
0.8563684823956655
2967
1.149351418415081
2968
1.2733424867452148
2969
1.5113295327330982
2970
0.9802493724070537
2971
0.829704906311162
2972
1.0092882613966245
2973
0.7409787165443651
2974
1.113415075923687
2975
1.7328558374930574
2976
1.3603261115877843
2977
0.7207073706867687
2978
0.7850224781556415
2979
1.1042732142377611
2980
1.2996595204266754
2981
0.657948793046197
2982
1.2296252538089574
2983
1.1333695866770426
2984
0.7647396977806417
2985
0.8084868147556895
2986
0.7084529865909034
2987
1.3098543409358065
2988
0.9242384478084839
2989
1.132514560260751
2990
0.9583290886035062
2991
0.9757356116625743
2992
1.089767349112804
2993
1.0562318913937268
2994
0.8992328021902432
2995
0.796860099236726
2996
0.8794367716146577
2997
1.435566701235693
2998
1.0547867673746827
2999
Mean MAE: 1.1324080479822933
