nohup: ignoring input
0.33333333333333337
1281
427
0.16447110451246413
0
0.1347602464392024
1
0.199356181320452
2
0.2619905723979835
3
0.07158992688397368
4
0.06425837858617876
5
0.1409701413937714
6
0.07282419832052071
7
0.0580794570676667
8
0.09782804036102001
9
0.07590513546728501
10
0.11560794235411419
11
0.12788921411933832
12
0.0730142629748452
13
0.09051198024782454
14
0.09430802994305561
15
0.05365298422128365
16
0.10873121853028365
17
0.16745264438294735
18
0.10401783942141357
19
0.13407139736958165
20
0.25296424668469736
21
0.09124303697601245
22
0.14539930048804847
23
0.0810780275082892
24
0.09970443958886896
25
0.0851764143282562
26
0.22689405261574974
27
0.11419530870684488
28
0.08075573186724325
29
0.08205247628894868
30
0.11157311363125286
31
0.16285278897084637
32
0.06372941371966899
33
0.2130700788465373
34
0.250116426637315
35
0.1602602994042262
36
0.07835421207091958
37
0.10262244587155432
38
0.0725611719912842
39
0.10121607909780493
40
0.13374301040357564
41
0.10856140418414643
42
0.252099760912153
43
0.09800208203822887
44
0.14059960751919912
45
0.08746681454755698
46
0.10039794160893944
47
0.1402971411587291
48
0.1473227047799185
49
0.10474898207959205
50
0.09137251581027774
51
0.34242271487540693
52
0.12987097369872436
53
0.17512001274776468
54
0.06840672517596647
55
0.11735837111117269
56
0.08690557866028932
57
0.1115262198785472
58
0.15112493666641283
59
0.10708324442863638
60
0.20198340420394498
61
0.1075825566344947
62
0.07989815580568405
63
0.10198227954244968
64
0.07639718246639024
65
0.07000291984105082
66
0.06607795287293691
67
0.15564970705163794
68
0.09842812345216147
69
0.0850836074314102
70
0.0833688696908069
71
0.1751172978358437
72
0.07417675348531953
73
0.09535278024855932
74
0.06817600835155475
75
0.09020789044922324
76
0.0836710404970466
77
0.07438866661540584
78
0.1354133941331678
79
0.14932034072977532
80
0.1414576602801035
81
0.1304787742759387
82
0.20566377864976268
83
0.11861656115703782
84
0.12854798783472943
85
0.08592562480363382
86
0.13779476591211026
87
0.1744572092813316
88
0.11498988132214448
89
0.1570020866728244
90
0.08456688919580024
91
0.14362908693951706
92
0.1400986113963959
93
0.10581737398252035
94
0.12445169458026274
95
0.2780850659441133
96
0.196524791662344
97
0.13152716713285492
98
0.14009215038171868
99
0.10008726176784163
100
0.18414643281631696
101
0.21493937686799675
102
0.0953002090398768
103
0.12487800056633054
104
0.09506276335078782
105
0.13644300211221794
106
0.07981328448866373
107
0.11807167515916037
108
0.13706054272954418
109
0.11362469619370438
110
0.13984985888533186
111
0.09325347952195198
112
0.10263038028256322
113
0.15295356231182725
114
0.11262508748480216
115
0.1530065098840739
116
0.06137619741678561
117
0.09430996650429935
118
0.10461548702309238
119
0.16768186629239287
120
0.08819097338963093
121
0.13275711911350432
122
0.1154681679662947
123
0.10952866356070956
124
0.06558746046590193
125
0.0824175101994286
126
0.07417127953288342
127
0.11522226308269867
128
0.05472159648038091
129
0.0676406508851737
130
0.19362866655495364
131
0.11270818339963111
132
0.17936608813898428
133
0.13401556185789135
134
0.10599290153909349
135
0.17056012834735973
136
0.1645489545039864
137
0.15485465086562442
138
0.17073529973480603
139
0.17079378891835686
140
0.10563212903131694
141
0.13003798960221877
142
0.09050245326958604
143
0.06429373664509638
144
0.10724775202677647
145
0.08435679528744895
146
0.1132329851094975
147
0.09050284144604467
148
0.08926824420126006
149
0.12496130400831204
150
0.08817656654484485
151
0.1289326919453519
152
0.10673336452514191
153
0.11435174730294372
154
0.13065763563726093
155
0.1920341363790178
156
0.09131343688722397
157
0.2150859989244908
158
0.07869657052387648
159
0.20620352963362795
160
0.0999857245767572
161
0.11396553512884995
162
0.2654703370060598
163
0.08229025076472375
164
0.1291022197131867
165
0.16940402428819942
166
0.08335724805719098
167
0.18675762312388453
168
0.19768627810672296
169
0.08809205096113965
170
0.18044059546649005
171
0.09890695208033143
172
0.07711779238235487
173
0.11858453333924902
174
0.14603274308602968
175
0.07959013260435313
176
0.1134157359190473
177
0.11164129716168479
178
0.08117819748585971
179
0.10655955069435824
180
0.20392335411115095
181
0.16418510089698346
182
0.2363734462888493
183
0.1007910234779847
184
0.13263551632144904
185
0.11374457827402076
186
0.1230978150402442
187
0.14268172579452187
188
0.1673926654527784
189
0.07617940617787118
190
0.1108966565357829
191
0.09682932449288943
192
0.10738237521107662
193
0.21912003286732837
194
0.1157629834117876
195
0.16411413302645522
196
0.07184046170147974
197
0.10652963344203412
198
0.09112142106411922
199
0.10244203852501342
200
0.14151079849605766
201
0.15138196245484006
202
0.10613439113588956
203
0.09335447994941637
204
0.09688722761791292
205
0.05515996448399707
206
0.17801722148378643
207
0.07269630680156418
208
0.1506745073524995
209
0.13477630106327798
210
0.10125702867131735
211
0.08940807979273159
212
0.08720984896057062
213
0.19233743044947038
214
0.14474372444723574
215
0.09233773855880163
216
0.10324682983517025
217
0.14635652112288755
218
0.07195618954354459
219
0.13027032979704525
220
0.09437493483229524
221
0.09860546051134692
222
0.14131903824306283
223
0.06152235043365125
224
0.10271361509209798
225
0.09709321683891103
226
0.20777469661893028
227
0.12531823892819544
228
0.1226453452157584
229
0.07990371547061242
230
0.0771858768510787
231
0.1319635477887846
232
0.0974513176698785
233
0.054184743371774806
234
0.07451903873674659
235
0.08827574626692732
236
0.1136955449603752
237
0.1736337355440796
238
0.09525543348747723
239
0.09628946176228449
240
0.13958444679611823
241
0.08629914026313618
242
0.07682337449270765
243
0.15252035680022044
244
0.06887154556801636
245
0.06719023867598256
246
0.19041438452284085
247
0.14872275511974895
248
0.10673717382628539
249
0.16970942021808913
250
0.11341483706943545
251
0.18428290830544
252
0.11223563798191001
253
0.08251556964468565
254
0.06091331333797934
255
0.06346116972819354
256
0.13395680958466838
257
0.08987197312624198
258
0.13967218454661923
259
0.06671274849223811
260
0.09413871547425756
261
0.1066786282606176
262
0.09585951716863253
263
0.11890770375114143
264
0.09036750447354713
265
0.09712006570781044
266
0.14054431032707168
267
0.13107870808614314
268
0.09780671657989291
269
0.11762613241458189
270
0.08977482598820505
271
0.05184540183603527
272
0.15729573907870895
273
0.1179976341709295
274
0.14115473703586523
275
0.26049652309408255
276
0.10828886773906567
277
0.0975933243426224
278
0.07533881112094952
279
0.09191078041020566
280
0.09090591219438388
281
0.15840631946184763
282
0.17013705197611473
283
0.08943771203642023
284
0.04791354605961145
285
0.1392173997832
286
0.11201048465991867
287
0.09529775977367819
288
0.11818630334292572
289
0.18402946395677616
290
0.12318004454487722
291
0.07249481173874635
292
0.08129473006536397
293
0.07509919953660135
294
0.05556069915555059
295
0.24127583782704115
296
0.09228445783142686
297
0.11781788001482363
298
0.12324214955909377
299
0.16055066862209072
300
0.1400191589457893
301
0.07679564915164595
302
0.08349556460357545
303
0.051193733710297125
304
0.08898220228903396
305
0.11202404880294174
306
0.07093385409910956
307
0.08587304241109622
308
0.11574321893734298
309
0.07065577743808173
310
0.10977960777773252
311
0.11935224958199958
312
0.15243943536171614
313
0.13552368117670605
314
0.12160190577772491
315
0.06221423567003834
316
0.13842441073183728
317
0.16458391378468212
318
0.20738565392992456
319
0.08534905895798757
320
0.14368064041918996
321
0.07606517105418513
322
0.15917966326198912
323
0.1632197761605603
324
0.17887517897633987
325
0.08850113430780594
326
0.11740272316682387
327
0.10433562321032469
328
0.13910466117899833
329
0.1657177203455021
330
0.11403048827385054
331
0.05733892422956671
332
0.08890048540464354
333
0.07136782715607186
334
0.06738641172731383
335
0.09431559933389144
336
0.1712805320803039
337
0.12032130733123783
338
0.06510978456266703
339
0.10890222306548548
340
0.1285187386509611
341
0.10643428440505845
342
0.10071682843851372
343
0.14388929926420535
344
0.2627173504084662
345
0.06643548334454215
346
0.10919779543769452
347
0.1365817472432284
348
0.06661240328510627
349
0.09011241981079712
350
0.17286880491873127
351
0.1215477793296677
352
0.10826929262769736
353
0.1050917733407691
354
0.10894596236175022
355
0.13918226979237197
356
0.19726291231912338
357
0.13258575635428727
358
0.14040620001425447
359
0.11809739385098014
360
0.08280693933255341
361
0.21815534600910438
362
0.12502466181112704
363
0.20226376891694142
364
0.08984875340750122
365
0.1968874663906985
366
0.12082696842910394
367
0.146498572045426
368
0.18113328310248025
369
0.09323912680910161
370
0.17804246248709615
371
0.10014844461228316
372
0.1337332922558765
373
0.11791895821519059
374
0.06748165266424029
375
0.12082386052683533
376
0.13959271848953628
377
0.10272292123138291
378
0.09574080108699852
379
0.1429965728950614
380
0.0586040705631394
381
0.08848439529322827
382
0.13897756883562096
383
0.07307578968500879
384
0.15903072052432998
385
0.08003108906249712
386
0.16519079115086555
387
0.07955314383371766
388
0.0711208076393108
389
0.11951933547655143
390
0.09305685240559382
391
0.07442195436875926
392
0.069786860595684
393
0.13763879078996152
394
0.12197972982298694
395
0.08953697013538446
396
0.21231866893222653
397
0.10897657331065967
398
0.14956909570006735
399
0.06771766126226296
400
0.06433039778162675
401
0.09983125788036766
402
0.1585712333762408
403
0.114138936332244
404
0.21369566588627495
405
0.06650667416827388
406
0.10501088970647907
407
0.2441810704516243
408
0.23185301947010487
409
0.12887017775486376
410
0.16924987235518674
411
0.07471662334983749
412
0.12055869502359344
413
0.06723165569844834
414
0.12971651049787472
415
0.19239859914148152
416
0.09673692678114211
417
0.0692184631403753
418
0.11087751418393114
419
0.07624151234100546
420
0.06889722523865537
421
0.15855542551318022
422
0.17135713791331358
423
0.12515459976032867
424
0.07867714895966162
425
0.0965773160596783
426
0.09292531248323589
427
0.16512157649538264
428
0.06479079214869747
429
0.11897825015803365
430
0.07209577387760786
431
0.2536542563136193
432
0.12213754587110051
433
0.11812203177134388
434
0.3305347993137053
435
0.08366466637001546
436
0.10038759161910743
437
0.08083766292941477
438
0.09777109961948645
439
0.12954513794915884
440
0.1991132405540357
441
0.20876084093288919
442
0.08923799466743793
443
0.06402047200230604
444
0.1537877305011492
445
0.08617685785523138
446
0.3494992862576875
447
0.2054010907040229
448
0.16474902588689752
449
0.15703531010545355
450
0.18221029771477967
451
0.10492738091358157
452
0.10602274150365183
453
0.21353460423505802
454
0.08953073856624144
455
0.10431121195266141
456
0.12633588004112342
457
0.12156942448815902
458
0.05864246774492735
459
0.11464994052333173
460
0.1090869785887241
461
0.24690827496177853
462
0.07994020507799852
463
0.09888298532149563
464
0.09744750501218016
465
0.21572482855750597
466
0.12711708005307915
467
0.1841251795180644
468
0.17401614227204026
469
0.1828380182805421
470
0.13785097755197784
471
0.06075661861105739
472
0.18977089956649107
473
0.20969306949149166
474
0.13564212826466357
475
0.19037676225337688
476
0.1065158317988206
477
0.121037945954349
478
0.14379451480392386
479
0.09633354450507797
480
0.0988033794622472
481
0.1581398488677971
482
0.07749821480700246
483
0.11591473258111278
484
0.1618874039159781
485
0.100978889675766
486
0.10360037613417336
487
0.1278645446879551
488
0.22485267404071368
489
0.11956898299926855
490
0.15105903719971392
491
0.13578827332460086
492
0.055688431504605077
493
0.06171244360024101
494
0.15393578078685896
495
0.09899859518795552
496
0.0698538079565122
497
0.19192116308768425
498
0.10936484985308417
499
0.1053368920625266
500
0.08968415935771079
501
0.1551318309739956
502
0.116498428375257
503
0.21888775704023147
504
0.1174687951165797
505
0.11681924363949013
506
0.12929891435931898
507
0.08599340273919145
508
0.1580549942598772
509
0.10642118537030157
510
0.13910833697478775
511
0.28683228205545436
512
0.09167385068572198
513
0.10256745313196766
514
0.08452512601036971
515
0.07903298238803795
516
0.09336003035629531
517
0.1533945824915065
518
0.09668743824735655
519
0.10526583223486136
520
0.1622148437086989
521
0.0605280411135575
522
0.15287872698286922
523
0.18129928344222293
524
0.06302900690190615
525
0.20136751565568328
526
0.07865672366885762
527
0.0707965404781285
528
0.2032511634744497
529
0.10782538090025458
530
0.08665174221054232
531
0.06924565900156913
532
0.1465588841220888
533
0.1644775471111579
534
0.08120004510306014
535
0.0768834408604352
536
0.1330610836615746
537
0.16275329431173133
538
0.15135180196638745
539
0.07396662303994637
540
0.11673398439386587
541
0.28032110735695176
542
0.08822603348427603
543
0.21984343731750403
544
0.1640541786162946
545
0.14718142698304895
546
0.21655288370251455
547
0.11740727023722114
548
0.15922621921154115
549
0.07764665693872394
550
0.0958025359402694
551
0.09109230050686325
552
0.06237043843787026
553
0.10664590714947587
554
0.11650022278280525
555
0.1017175582295742
556
0.1622022253559788
557
0.0770784989301738
558
0.108667396202569
559
0.099331855666585
560
0.12648991622045117
561
0.17887757227985876
562
0.06263187665449332
563
0.11041738662952812
564
0.15872930312164268
565
0.1234607672225473
566
0.11721153428729461
567
0.14507398639133323
568
0.08855508639545992
569
0.15919888675278504
570
0.11271318945448898
571
0.16127585112752343
572
0.10325414595566827
573
0.09700197216064577
574
0.07460985726267967
575
0.09144032484268536
576
0.1282472708699343
577
0.16292613735200592
578
0.07020678978038966
579
0.10831988108767185
580
0.06832664145125172
581
0.14665756291728
582
0.09403208957938258
583
0.0949182577118543
584
0.12585065528103898
585
0.07558743011232134
586
0.155167299528486
587
0.05180350225016124
588
0.057659299712388576
589
0.13110801573472033
590
0.13838174464995381
591
0.08815225265047254
592
0.32703640366633635
593
0.11909088649226082
594
0.2178427129914718
595
0.08426481680989692
596
0.12737984946923622
597
0.13266628321852938
598
0.11794902554465292
599
0.1357978535760718
600
0.16384753164510685
601
0.14930271353088556
602
0.07231269157807578
603
0.08481353291355068
604
0.13785532630615163
605
0.0712715285455822
606
0.12868458332845273
607
0.20872823113686112
608
0.07230344505852533
609
0.09280866475101292
610
0.04861427969962373
611
0.10396785407780443
612
0.2282630236890731
613
0.07982166648078302
614
0.13885764632507405
615
0.13400357878822955
616
0.3038838633703236
617
0.14398579099766515
618
0.12040396876115653
619
0.11884105375730064
620
0.2051035729752975
621
0.1884787321063855
622
0.14143525197647525
623
0.10282481954141114
624
0.07112993399982909
625
0.21725586759889054
626
0.05549819947703903
627
0.07412450344396596
628
0.10701005815420901
629
0.07728126294097667
630
0.130359489382665
631
0.10929771774024799
632
0.06191029600510812
633
0.14050992013090283
634
0.10591647531281527
635
0.10572467676643607
636
0.19422671762455512
637
0.19929258198318492
638
0.12220407098559732
639
0.1568149934920691
640
0.1324801616232197
641
0.1539860207737191
642
0.062056575617871625
643
0.21281893706091448
644
0.1788427503509304
645
0.0568967190544134
646
0.13649273642935889
647
0.11407509588703965
648
0.11978758779705038
649
0.0876487747112299
650
0.11044561589758138
651
0.133270356197705
652
0.19660439775270874
653
0.12575417217122695
654
0.18491929580000252
655
0.08851713973685356
656
0.16810510754170074
657
0.16109100295236703
658
0.13314786088262967
659
0.17115708043380806
660
0.12827790057449195
661
0.07781511506283631
662
0.1178812854152565
663
0.17279121496319544
664
0.11418091353318152
665
0.18623955723158062
666
0.13681600208845116
667
0.08201908140439759
668
0.1328359515374291
669
0.2562816241060635
670
0.10423619957062931
671
0.0666172226470021
672
0.07150013978763894
673
0.12282261809282538
674
0.10786237787558675
675
0.0831646874970483
676
0.08990927280720315
677
0.15430414314243932
678
0.08610063148118713
679
0.24702182093655217
680
0.12568977672397424
681
0.08953370915236994
682
0.18501322524634947
683
0.16517056607733632
684
0.05236011874072449
685
0.0879891712551355
686
0.06531670257881274
687
0.0843117940457714
688
0.07572144263537992
689
0.12102350852101879
690
0.09828367316870347
691
0.09768392089021241
692
0.09205882434724386
693
0.12176743849768024
694
0.1347684811171677
695
0.1880619978901945
696
0.20810946380224687
697
0.14648951950508085
698
0.08590055977695189
699
0.11081988024204953
700
0.0783391830058328
701
0.07380713749383687
702
0.1271539026015244
703
0.10811264885371621
704
0.11519039123689043
705
0.06084840820165408
706
0.053057624373320296
707
0.2003207593521558
708
0.08410599457878033
709
0.08227867149176907
710
0.13334142313326364
711
0.11237696557396135
712
0.1217237236403084
713
0.10296764057730487
714
0.1988385026873748
715
0.08728511182902976
716
0.11708131365013198
717
0.1088971633514742
718
0.09474297252378534
719
0.09587959589864392
720
0.22231120856606332
721
0.23794610027048851
722
0.0975815730888724
723
0.0932677454355403
724
0.14292411804629612
725
0.05220618735911455
726
0.12723477906136885
727
0.10944404736310982
728
0.14345786225401078
729
0.14603353522908738
730
0.12462812652173506
731
0.15964207322257892
732
0.11279849369961793
733
0.16963445040841002
734
0.23591899484674064
735
0.1356764396364385
736
0.08285325503740289
737
0.14331612255037182
738
0.17219781686582644
739
0.0695402029528367
740
0.06424239184444737
741
0.22766786946154235
742
0.09573335570225885
743
0.1072410204051035
744
0.16855472035026423
745
0.07029834808715428
746
0.07358288778834886
747
0.1542460050231147
748
0.4085074413731878
749
0.05158683932757953
750
0.058055565418855065
751
0.08317215283463635
752
0.27331763101845996
753
0.1350016850475581
754
0.07082720680489506
755
0.08994733133073843
756
0.15754946855823984
757
0.10479498640051488
758
0.09241887612139177
759
0.17582745446105463
760
0.14783435834895808
761
0.1820655168717892
762
0.15566992201198288
763
0.21231716219607324
764
0.10151372193408846
765
0.12571294885272985
766
0.11770544949238293
767
0.07346233178447102
768
0.07878652950845544
769
0.15409621263190534
770
0.17905428145225794
771
0.16095398994909493
772
0.09756880134163504
773
0.09031823571919294
774
0.14175865464970158
775
0.16114172692623452
776
0.12452708336221957
777
0.09191051797688309
778
0.1433480623037212
779
0.13143324715182042
780
0.19353104287640485
781
0.10468865600806143
782
0.06205962108300468
783
0.17576982819568623
784
0.12605573410857698
785
0.0821506635682974
786
0.1894482668450338
787
0.175091399759903
788
0.04553404828252112
789
0.1424050550726139
790
0.11922318035601714
791
0.14233048253618852
792
0.07183714382760956
793
0.15320307182697077
794
0.12190229778641956
795
0.1062199786300958
796
0.11955604373097001
797
0.0915379643448745
798
0.11593873744314936
799
0.2867634881104306
800
0.1029147433304207
801
0.13047005157154914
802
0.12280145049025303
803
0.1274378941903803
804
0.08697286318852701
805
0.29424496190846144
806
0.13529606810440375
807
0.07919532167915243
808
0.15341669588197857
809
0.06862318274262463
810
0.2116216452754512
811
0.15318093274593966
812
0.09014271829262684
813
0.13042268549374647
814
0.1295737634800489
815
0.09349310534279032
816
0.08228548497943335
817
0.12221477484099864
818
0.2175346585892697
819
0.23645932196340988
820
0.11305956968929712
821
0.12218195973519756
822
0.07430438964457832
823
0.0891053556780094
824
0.08980908245845824
825
0.10711965222791887
826
0.06254305065955988
827
0.12250451755098589
828
0.1452991286969211
829
0.06967921291184091
830
0.10588322750598933
831
0.2176840648232333
832
0.1741777554317709
833
0.18257413333619824
834
0.19284643076743807
835
0.0944518019865007
836
0.0993660829528093
837
0.14899698883010198
838
0.15245456991878406
839
0.09436758115115111
840
0.07281665722317018
841
0.07688879000365063
842
0.2593182634988157
843
0.10856161022548688
844
0.13625003482433123
845
0.06312246608585903
846
0.11214575047136623
847
0.07294877024720131
848
0.07493596983265172
849
0.09093560736082079
850
0.10255824193748982
851
0.06607498909007523
852
0.0678667853720258
853
0.08595287086510643
854
0.18746729949896862
855
0.20982755414276708
856
0.18537837376707259
857
0.07637768229796998
858
0.06909351576107031
859
0.18953481095451827
860
0.15172529711958313
861
0.06827337974104312
862
0.08069355986805178
863
0.08740609381193057
864
0.0954258405081668
865
0.07565205561791996
866
0.06099317622620516
867
0.13704706778045003
868
0.11164586291377873
869
0.05775135874626188
870
0.11648984339077002
871
0.1393871831796468
872
0.09679002240821502
873
0.15987628684716548
874
0.11203975508955791
875
0.2073101795215577
876
0.08818712889428035
877
0.06814612453267478
878
0.07141615342606546
879
0.06985292224848784
880
0.13451575495826792
881
0.09300583586992067
882
0.06888438672581303
883
0.12903220640295682
884
0.20352976216942156
885
0.12555715597341022
886
0.07855531200819268
887
0.1507190780028618
888
0.07258715742104233
889
0.22352365302018026
890
0.11674125530552945
891
0.13331866487785266
892
0.06743754818646878
893
0.07016124020018004
894
0.14253780184266865
895
0.08011316623371395
896
0.10887831250346121
897
0.16747440717473772
898
0.12736474713390247
899
0.09688196378841883
900
0.2377206815327627
901
0.08255148792210208
902
0.1877358650166989
903
0.11502611982884837
904
0.07776010699664457
905
0.06538512805741109
906
0.08829949050347695
907
0.07849054129967697
908
0.18368644147442514
909
0.05895553811540114
910
0.15043619790272372
911
0.09110913923978077
912
0.07333038612631887
913
0.0832414673709244
914
0.15304058083404382
915
0.11414234397887404
916
0.18899729174023888
917
0.09083004185057611
918
0.057820407995513634
919
0.11728926867606256
920
0.07794323424497378
921
0.14799711620543732
922
0.15262224105403505
923
0.1310553507572326
924
0.13388097625561515
925
0.11330344110679036
926
0.24811365647996197
927
0.08034850720684743
928
0.10031296297074908
929
0.17555491482778093
930
0.12206356908185753
931
0.16418560250602104
932
0.12746595799473412
933
0.08883610748956335
934
0.07022533210836483
935
0.1725662332984578
936
0.058653446717942745
937
0.14397793889955562
938
0.10242966220272214
939
0.2508178095904837
940
0.05913239291990123
941
0.1146737160545513
942
0.11284251580985287
943
0.15399239198686074
944
0.11257260512843283
945
0.14197166605485842
946
0.10526027302269872
947
0.09992713392947457
948
0.06880093761479074
949
0.09931211455259227
950
0.10675329685992549
951
0.11593370476200904
952
0.21668544234512432
953
0.11922658350328577
954
0.17650875823702272
955
0.19990281667763798
956
0.0899770131520483
957
0.132639714324262
958
0.14433439458433978
959
0.16543632621817594
960
0.17144278707067725
961
0.09523505065280609
962
0.14466329545865383
963
0.1154838746988107
964
0.1547121116610167
965
0.11355626766736754
966
0.06321473753807229
967
0.13900840341606413
968
0.15836973122332884
969
0.06857289427066875
970
0.18117329182045616
971
0.07864040865901309
972
0.08317916826890671
973
0.10909672919644275
974
0.10679990286397557
975
0.06399375873529838
976
0.1595855225837441
977
0.11485661601532852
978
0.12575112662060833
979
0.1572222372009625
980
0.06535288851926198
981
0.062097530009972646
982
0.06608490384582526
983
0.11596579892362732
984
0.06890853377220502
985
0.09342947187922082
986
0.18983759147628088
987
0.23996126665498416
988
0.05786146251128839
989
0.0936364079448349
990
0.11444768883804302
991
0.14899950282738672
992
0.0994268156636779
993
0.10861848730811086
994
0.06121912015639406
995
0.07353807381680182
996
0.10839107783455301
997
0.09753687058432993
998
0.14019532189351816
999
0.17013015179097354
1000
0.11755108363820836
1001
0.09100568363834731
1002
0.09498820988551107
1003
0.13132974578684609
1004
0.18698639535597641
1005
0.10484298225762546
1006
0.06361390925733065
1007
0.11025170886949594
1008
0.09088816296517956
1009
0.1746490127104294
1010
0.18356673459990946
1011
0.10837491648222446
1012
0.17889932162828961
1013
0.07106439458561564
1014
0.10553255831926023
1015
0.052226094194184544
1016
0.1481499847595176
1017
0.14128179807456523
1018
0.10697141174226853
1019
0.10433515113460341
1020
0.14526310472071974
1021
0.11234498456516841
1022
0.09636690906423873
1023
0.1791308896998618
1024
0.12593327126687084
1025
0.11718582896492193
1026
0.1327771314248123
1027
0.0838368069010839
1028
0.31366621568876035
1029
0.1758003437400388
1030
0.09934880418826351
1031
0.18863766060887
1032
0.1154307560674203
1033
0.08430569145324661
1034
0.13044071968887413
1035
0.16505596897928201
1036
0.11656548147040499
1037
0.09965441023145653
1038
0.19615411851970602
1039
0.1777105714545299
1040
0.1738936205072801
1041
0.11289479828081697
1042
0.08317384956753288
1043
0.16521695346988935
1044
0.10142971509685147
1045
0.11916943189388342
1046
0.1454100891348004
1047
0.17449735864017812
1048
0.15828038785914295
1049
0.0998287298821886
1050
0.11410326279098709
1051
0.11893518647204582
1052
0.09046790596683255
1053
0.1162275336299459
1054
0.1273793859058062
1055
0.11091038287085762
1056
0.0922837899287343
1057
0.1553623152325616
1058
0.10049423470695051
1059
0.12059933272318958
1060
0.18916237977916567
1061
0.15525034506778346
1062
0.05227895703556599
1063
0.18641770416299722
1064
0.15899751251890007
1065
0.10502655803170288
1066
0.2685218189687115
1067
0.09942548554912385
1068
0.07152240884251274
1069
0.14337866397548918
1070
0.13577760140699624
1071
0.15859966799537065
1072
0.2608366515590731
1073
0.21860349871605764
1074
0.10935732554530686
1075
0.11934664765811429
1076
0.12092926532336046
1077
0.12945771930340771
1078
0.19090133086419003
1079
0.19709985236768346
1080
0.14444111107464047
1081
0.0883962320685982
1082
0.07284024305336914
1083
0.1640486399164086
1084
0.09569065385006638
1085
0.16630810050741365
1086
0.08492450954440026
1087
0.13494227604879827
1088
0.1459354469537087
1089
0.11911476408163556
1090
0.09107781679320272
1091
0.12151593251417508
1092
0.12615152068391755
1093
0.19703213376437245
1094
0.08932677712460758
1095
0.09197794781250558
1096
0.12175502181269213
1097
0.08090896488759702
1098
0.10355575223479942
1099
0.10313783656988536
1100
0.06928711896302948
1101
0.14167982575004476
1102
0.18033102630029949
1103
0.10918881773762985
1104
0.0995452801272815
1105
0.19840988996283518
1106
0.26413696746169996
1107
0.14995708346643508
1108
0.14412415375316032
1109
0.10448478103803976
1110
0.17055996728701625
1111
0.1888530291907103
1112
0.09168279995531618
1113
0.10327852101263761
1114
0.09714778560787826
1115
0.08166111005492087
1116
0.10612487369471152
1117
0.0501849178131919
1118
0.09390987442439166
1119
0.29442241940712066
1120
0.2082831676814873
1121
0.09680526035050273
1122
0.07132492727722325
1123
0.11975159723987416
1124
0.11786950386581334
1125
0.14007388286019828
1126
0.18072753365273858
1127
0.15008822616589554
1128
0.11432672764143642
1129
0.08234592173664032
1130
0.09982666361799596
1131
0.08357618936125628
1132
0.08449242157698586
1133
0.14490317072694311
1134
0.10947841529567728
1135
0.07427399190502156
1136
0.1301847007788843
1137
0.16742846855603263
1138
0.17259291605731578
1139
0.12545558219546704
1140
0.05624312860020801
1141
0.07474646521770952
1142
0.12785881883257277
1143
0.06785590547930134
1144
0.15290775213739527
1145
0.1421089081735708
1146
0.13845350185130453
1147
0.07372194446721853
1148
0.21590280232388845
1149
0.10982293750653416
1150
0.25654091997331174
1151
0.05133547631407712
1152
0.1315531904354389
1153
0.18710271282555938
1154
0.1913916206878674
1155
0.14049438413018325
1156
0.2054083729642008
1157
0.1203936140566835
1158
0.20799948785176775
1159
0.10632252677486483
1160
0.08824535342408146
1161
0.11329942152611634
1162
0.17103645697186215
1163
0.06113827479792418
1164
0.10267627228689664
1165
0.06963004872433844
1166
0.07491617245815249
1167
0.1638777962402133
1168
0.11690269955844415
1169
0.11242627300094912
1170
0.04286733979943595
1171
0.10568500454468224
1172
0.11924251171900146
1173
0.13684224485366298
1174
0.07813497316821205
1175
0.07086282199979554
1176
0.14895734267049573
1177
0.12070197880066699
1178
0.06762432889119922
1179
0.06951780443356095
1180
0.08800933612755306
1181
0.12586082522243255
1182
0.14978804770491863
1183
0.24948600688111097
1184
0.11290429458173275
1185
0.068236338777081
1186
0.14011425440438627
1187
0.20469194804829519
1188
0.15898503459943533
1189
0.08717064412177965
1190
0.18275479744924697
1191
0.10671916189636167
1192
0.08379281985808762
1193
0.05503680594408819
1194
0.15096845591377106
1195
0.07500338616001952
1196
0.08678603652128636
1197
0.11375082123007771
1198
0.07511048354916398
1199
0.10903778182752141
1200
0.08120451392515116
1201
0.15984508097990216
1202
0.16185320590456745
1203
0.20001763515514154
1204
0.16780161513758177
1205
0.09502248185025304
1206
0.250908282274276
1207
0.06330988255367699
1208
0.17567936249021382
1209
0.07366342650589687
1210
0.12232321506261042
1211
0.12499746664699747
1212
0.06042303574822806
1213
0.09489088421004525
1214
0.12117291478974344
1215
0.1371181873846733
1216
0.104639009257154
1217
0.08602205572098658
1218
0.1784708198613652
1219
0.07528942106333075
1220
0.07317692723458524
1221
0.06114535585427034
1222
0.1136267323812353
1223
0.13832327664684652
1224
0.11729258888187824
1225
0.21878280632466873
1226
0.11357215531909276
1227
0.0908008785985697
1228
0.16684467268381548
1229
0.12308119987857416
1230
0.12456997324274602
1231
0.06392624353172231
1232
0.12054763000286309
1233
0.10536300696760771
1234
0.16645268893577075
1235
0.14204795253840427
1236
0.14579877408485084
1237
0.10796915823667785
1238
0.1545062422290985
1239
0.15622689520398672
1240
0.12065101020113275
1241
0.06475038780844816
1242
0.16210925346332003
1243
0.10409159125428255
1244
0.11427525426293914
1245
0.109800955512337
1246
0.07471496538272111
1247
0.11887058535551794
1248
0.22838879358015887
1249
0.09390293281686066
1250
0.08239536547399288
1251
0.11329671510623444
1252
0.20516476018441077
1253
0.15420030927156517
1254
0.12730803068631183
1255
0.09174563245138265
1256
0.07060374433404076
1257
0.08131692898427462
1258
0.06551272617302033
1259
0.12395990579934495
1260
0.10540398900197177
1261
0.1418722684691127
1262
0.1007556688104915
1263
0.12168789978113757
1264
0.053538544484822974
1265
0.07214528654166087
1266
0.07446754245855809
1267
0.17557531926385359
1268
0.06810387430935928
1269
0.12769607063003427
1270
0.07587503987489644
1271
0.08212833791580794
1272
0.10547972329108457
1273
0.1284854810041054
1274
0.10326283129686561
1275
0.06152382772446696
1276
0.18844766984962089
1277
0.1145005841779162
1278
0.061760642148492965
1279
0.18025782489706588
1280
0.09330419865805778
1281
0.0999974005344359
1282
0.12221593653870613
1283
0.11193488220000497
1284
0.06881398259044197
1285
0.1163592027471963
1286
0.1237784097921921
1287
0.07417508387070108
1288
0.13833441538353516
1289
0.11096060149648877
1290
0.08832308736133457
1291
0.09115806057813458
1292
0.2097414493395427
1293
0.20458344657359806
1294
0.08736092248274796
1295
0.15045096607279543
1296
0.12629757974951594
1297
0.1112284119531739
1298
0.18122049436809132
1299
0.06925900072224349
1300
0.1500274303617898
1301
0.14613212890013344
1302
0.0654359101384003
1303
0.25395970710025
1304
0.1544156306287729
1305
0.06848570786585241
1306
0.1967656307814603
1307
0.11694673178440744
1308
0.06221092200575798
1309
0.18280870227667856
1310
0.06069686965050113
1311
0.09460419887212627
1312
0.07762955955968508
1313
0.0923478088724608
1314
0.1092089032198455
1315
0.16192568048576042
1316
0.13059886019705624
1317
0.08958462745161878
1318
0.09739961105088127
1319
0.1477146298229853
1320
0.12230718732687412
1321
0.10997371350865527
1322
0.06422329377193042
1323
0.33290187792446513
1324
0.1128931683192634
1325
0.09124804801921696
1326
0.07469275673448801
1327
0.060566323886216654
1328
0.10365827195993417
1329
0.10513309962066308
1330
0.10930714252666468
1331
0.11820958857232262
1332
0.11842511947104034
1333
0.06138722323624806
1334
0.07004301594248362
1335
0.07698010117034204
1336
0.15853905137214283
1337
0.21387868045307903
1338
0.07608939333504249
1339
0.09339164967541112
1340
0.0735501652242762
1341
0.10744302310771879
1342
0.14982018670475483
1343
0.18510661572550283
1344
0.07978245446021068
1345
0.0883869634548363
1346
0.19346051895520663
1347
0.1475197380296245
1348
0.07637216132015255
1349
0.1640394345055713
1350
0.0921877212866195
1351
0.0632893003676866
1352
0.10896056452681957
1353
0.052713195549135755
1354
0.10786309803158925
1355
0.15964973568387034
1356
0.1636434913858925
1357
0.09716013083709592
1358
0.1922730445175478
1359
0.0762074368655314
1360
0.07123091173012436
1361
0.16179368011131068
1362
0.1298825781453458
1363
0.08205766029933922
1364
0.09853174025621661
1365
0.08950550486239815
1366
0.09634178534460594
1367
0.13454766846278143
1368
0.11618178754700949
1369
0.12984280102012485
1370
0.16025713316415077
1371
0.06730700274115517
1372
0.09689602729213162
1373
0.1603574369307274
1374
0.06042337216883562
1375
0.11198933940192747
1376
0.08321582200131969
1377
0.10048732137859716
1378
0.13872346424245405
1379
0.23161982712987528
1380
0.12606117662479366
1381
0.10500668818733165
1382
0.22181651069568614
1383
0.09254606214924212
1384
0.08002685904471306
1385
0.18592984717795874
1386
0.0639382895358878
1387
0.10373902875863088
1388
0.11634399335813275
1389
0.06832353082458988
1390
0.07701999199361452
1391
0.11233466292002442
1392
0.06941086343006848
1393
0.09812341616780196
1394
0.12276639300231054
1395
0.11578911724860277
1396
0.07204021304730981
1397
0.11654034775350317
1398
0.1135366058047058
1399
0.13239818193370928
1400
0.07396639333311543
1401
0.17376016588932328
1402
0.08554066549102468
1403
0.10496542652929354
1404
0.1439340021071974
1405
0.23892650140954477
1406
0.05207908437583123
1407
0.16424049282348147
1408
0.11178112964985827
1409
0.09399474723380866
1410
0.148298022830572
1411
0.1299688636823314
1412
0.06434750731079962
1413
0.08429677206241613
1414
0.09606693094910858
1415
0.18910394713074163
1416
0.11140969947974955
1417
0.09588484031857122
1418
0.12121476599114002
1419
0.12078250086848735
1420
0.12840908435341597
1421
0.10622965723183507
1422
0.17090935619481085
1423
0.13041014076767307
1424
0.15385951874071505
1425
0.12029136121217086
1426
0.08810240449592364
1427
0.05555810030093337
1428
0.25085748982288875
1429
0.08274798300966049
1430
0.07336287571389243
1431
0.11539570386801343
1432
0.09423091934864339
1433
0.14040000091039645
1434
0.07175811734245383
1435
0.2446557571733392
1436
0.13891619527052207
1437
0.06688806398871276
1438
0.1535729418677238
1439
0.10074081744935533
1440
0.12947098595815854
1441
0.08842210210777086
1442
0.10939192678740922
1443
0.08691911038975601
1444
0.17517047033526562
1445
0.1585191375435301
1446
0.07066258709474266
1447
0.06382133854233223
1448
0.16806921395674207
1449
0.07171044725738707
1450
0.1493357927806903
1451
0.1072965346743173
1452
0.2529690666651071
1453
0.23708213786121787
1454
0.1339840408066708
1455
0.07518702528628084
1456
0.0975946384814393
1457
0.10033360840978232
1458
0.14517115784018636
1459
0.2133500898427425
1460
0.16470757990854307
1461
0.16631620849524847
1462
0.14625516671229355
1463
0.16285110933243177
1464
0.08305668445970875
1465
0.14097224438596778
1466
0.07526842033634078
1467
0.147799384090536
1468
0.23625437855191225
1469
0.07972410415273389
1470
0.11436041908003651
1471
0.0645308877638462
1472
0.06393707551507145
1473
0.12874127772848265
1474
0.17975150552209596
1475
0.13277747293519868
1476
0.08176958784725276
1477
0.10209597368073105
1478
0.12711832111842022
1479
0.12716181962812034
1480
0.12155465927197077
1481
0.08987565881955573
1482
0.08590657023681321
1483
0.19581465127070485
1484
0.23830528456055547
1485
0.09310482759636057
1486
0.17380220522889941
1487
0.12621465233598939
1488
0.1624594097588026
1489
0.19348066437353026
1490
0.12746756074448104
1491
0.3273148184609486
1492
0.05847942174185493
1493
0.0758903262811867
1494
0.08226484690482305
1495
0.11061646140030128
1496
0.0900129331716154
1497
0.10813533106321248
1498
0.07598399524533714
1499
0.08262433264509439
1500
0.09942270338218666
1501
0.11080568327786695
1502
0.18978655157030563
1503
0.12773737303308003
1504
0.11836135661468583
1505
0.160736509070329
1506
0.07796850339341063
1507
0.13938508171929317
1508
0.1180514521370037
1509
0.1707491348228776
1510
0.31379510760559337
1511
0.18032521051250316
1512
0.23883177425770713
1513
0.1042984464512826
1514
0.07726979493961747
1515
0.057774122531940406
1516
0.09256760134849797
1517
0.18535519699084263
1518
0.07105050301077237
1519
0.2678428070503643
1520
0.05377159003090895
1521
0.17234177613135065
1522
0.05267586157534485
1523
0.1299300310482654
1524
0.21979726529592217
1525
0.0972480277538811
1526
0.13052747894419997
1527
0.16347749082891702
1528
0.07077039347518312
1529
0.14342428326703555
1530
0.1524761722295287
1531
0.1336122096024192
1532
0.09482956786060151
1533
0.1047936069456206
1534
0.09007816244995963
1535
0.09216145441246844
1536
0.14454310154299965
1537
0.13001213791268515
1538
0.11551464539247218
1539
0.1330291925699666
1540
0.148406583942438
1541
0.20511112988785085
1542
0.10666876423682126
1543
0.06760484045164966
1544
0.11819361124802007
1545
0.14436277628865862
1546
0.235507234172183
1547
0.154815870680702
1548
0.10084490093453338
1549
0.08873191910309713
1550
0.11406687171804833
1551
0.04913827904834998
1552
0.12058777009736302
1553
0.06893578349047098
1554
0.22780342679693302
1555
0.05881653493619789
1556
0.175429640484572
1557
0.1706478250543024
1558
0.09331625631473682
1559
0.12062549497469784
1560
0.05609030236874607
1561
0.05574429907452598
1562
0.11838821007970203
1563
0.0649771627129513
1564
0.1450783730705286
1565
0.07286731471317337
1566
0.08010530758090939
1567
0.10424878521282144
1568
0.22992913549376437
1569
0.16342549378372778
1570
0.18098590498852718
1571
0.0913248108256521
1572
0.08427768891790977
1573
0.15709281200563707
1574
0.08128987630057896
1575
0.15758605726352112
1576
0.23551444711529784
1577
0.14408399111875153
1578
0.18738090705397695
1579
0.10914567458842236
1580
0.09796518062135433
1581
0.14158729737527012
1582
0.10567900552794965
1583
0.10672351075711985
1584
0.2658675525213026
1585
0.1195971940732245
1586
0.09611496637069855
1587
0.13082641193389208
1588
0.058404159822094986
1589
0.07876816167340729
1590
0.2122665149652955
1591
0.07280451323269163
1592
0.07102117469480568
1593
0.08325035489155837
1594
0.19742222699992273
1595
0.04789608222000293
1596
0.07768123500016866
1597
0.10063570891663612
1598
0.22541195120712154
1599
0.11781015252880603
1600
0.15895459731162595
1601
0.11363974315942271
1602
0.10600061239714949
1603
0.11906931581938895
1604
0.187260468029237
1605
0.07663159198285974
1606
0.06916055251702853
1607
0.0802394300666708
1608
0.13880240178518266
1609
0.13757355641371208
1610
0.05872015649700038
1611
0.08938963260187303
1612
0.23517187968083397
1613
0.08212901317006394
1614
0.13981785939358474
1615
0.07531364384075091
1616
0.20136132508456797
1617
0.1712840786322144
1618
0.12553518996764004
1619
0.14025261624207375
1620
0.1357761116727681
1621
0.1290221050592834
1622
0.08001000494165775
1623
0.08798114949390394
1624
0.06633953271525143
1625
0.18854467235256547
1626
0.17548543745366454
1627
0.11845883919655698
1628
0.11465481639686166
1629
0.10423433932947988
1630
0.14973176379785771
1631
0.09988057217097256
1632
0.13507805869870124
1633
0.1411257707174424
1634
0.08058926853573674
1635
0.07883372939077377
1636
0.12804032814016747
1637
0.1560155775380152
1638
0.09606970993974395
1639
0.10688806007389673
1640
0.1732622857788168
1641
0.132879907570055
1642
0.10001128972333226
1643
0.05088939632665272
1644
0.1240311782548659
1645
0.17578342064295605
1646
0.07493106274124013
1647
0.1077960280494235
1648
0.07744866147278195
1649
0.12285481246736753
1650
0.11331167458016163
1651
0.1133329724479938
1652
0.12976517910092036
1653
0.10546945374121335
1654
0.2724737769303414
1655
0.07578841063523394
1656
0.14813141578819833
1657
0.16798530798561523
1658
0.104591844747748
1659
0.13326840478631993
1660
0.13126764807166827
1661
0.07757152322922653
1662
0.14530850594818645
1663
0.2335396321964866
1664
0.08037096371097238
1665
0.17013970890320854
1666
0.059007626513987395
1667
0.1592601183919073
1668
0.07676039407343527
1669
0.2007297109812583
1670
0.0718906388250312
1671
0.10927687665579172
1672
0.22640044587268743
1673
0.09806190294954548
1674
0.06732275024573396
1675
0.18437352908484725
1676
0.0811748922370577
1677
0.19898545940199208
1678
0.12521413685779026
1679
0.20496293051574685
1680
0.12616450638824048
1681
0.09687907345153043
1682
0.17232792491485294
1683
0.12655693635241458
1684
0.06373840254141856
1685
0.23519110557545878
1686
0.2135411134962449
1687
0.1467757714079023
1688
0.13135353076600229
1689
0.07311283874533846
1690
0.12475480963593776
1691
0.17815319873791252
1692
0.10934103702417292
1693
0.08215990534937495
1694
0.2594899916445034
1695
0.16612949642675276
1696
0.16440828044042494
1697
0.20134670763056348
1698
0.20252264568580167
1699
0.06096260797012909
1700
0.10444127751167556
1701
0.08368705953633519
1702
0.18165105684335991
1703
0.09406717568768747
1704
0.12078066085799775
1705
0.17132167044537486
1706
0.11694468288159177
1707
0.09085854079267183
1708
0.11730426879556846
1709
0.05911935427492858
1710
0.1303422213218522
1711
0.17963208839903044
1712
0.16631102172905657
1713
0.15275879561356692
1714
0.17607239254210022
1715
0.16195336870381483
1716
0.18832762059253752
1717
0.06037004594973872
1718
0.12751155839322326
1719
0.08647835189553281
1720
0.07544508548766343
1721
0.185287147452741
1722
0.19897210795980017
1723
0.2186623805030071
1724
0.06753295204442598
1725
0.16683684777633478
1726
0.14447212106717852
1727
0.10217455003272392
1728
0.06280546560543444
1729
0.14050631138994646
1730
0.10679593447820693
1731
0.0531092362490214
1732
0.13136724867599192
1733
0.10698239442103155
1734
0.1624230444562033
1735
0.08613814596033127
1736
0.08502157580233616
1737
0.0807728013614367
1738
0.20045952478767942
1739
0.0755426579273196
1740
0.08595217135020033
1741
0.15865422706104929
1742
0.08708299537773077
1743
0.09257709141316557
1744
0.05259890424434649
1745
0.13484501047635797
1746
0.22501243752029038
1747
0.12201430677730792
1748
0.16652375421414653
1749
0.12672530376391736
1750
0.08554325248033526
1751
0.13027998045933623
1752
0.11769168163752332
1753
0.15952309665895337
1754
0.06812104542195684
1755
0.11852731440564024
1756
0.07377151579147306
1757
0.3554082128527236
1758
0.06002979691054471
1759
0.1672620908816155
1760
0.19579855019044548
1761
0.18127132731707157
1762
0.07494272732898917
1763
0.1515648087742665
1764
0.12121262764831961
1765
0.07534737859557032
1766
0.0995229874079459
1767
0.2135827122404594
1768
0.1352122429175763
1769
0.18810043130947635
1770
0.1559117502142977
1771
0.13967092579534313
1772
0.19092966634625835
1773
0.08499829605015932
1774
0.18122511782807632
1775
0.08492218105812348
1776
0.12726038763957073
1777
0.11429327505546817
1778
0.1503060907551127
1779
0.14695843861079205
1780
0.08862697545039856
1781
0.08728573966617284
1782
0.0978106225034196
1783
0.13082893236713206
1784
0.05767823236856516
1785
0.24593946112135598
1786
0.0939579259574528
1787
0.08449864535836235
1788
0.23409543413511055
1789
0.08102560147020658
1790
0.10435175411086216
1791
0.1342273289913522
1792
0.08693453631835199
1793
0.10332366666356907
1794
0.12415625452144227
1795
0.09909242819828959
1796
0.07439169675827047
1797
0.07846277611774484
1798
0.07788969687454714
1799
0.18482953159712065
1800
0.12769860134667968
1801
0.11802900153645772
1802
0.10826203251785349
1803
0.16851829215041234
1804
0.14274029228424698
1805
0.10838870114767393
1806
0.3267967708605623
1807
0.11051999211160206
1808
0.15552616553638604
1809
0.10578448248761335
1810
0.07067059236007855
1811
0.1117656627172966
1812
0.1677469611761281
1813
0.077127697259997
1814
0.17794134998131142
1815
0.08314189623148946
1816
0.1022625174906123
1817
0.2922722289465205
1818
0.1288035836257386
1819
0.13794873441274255
1820
0.15096796075513616
1821
0.09067826844293271
1822
0.11100776348554812
1823
0.1182685029226777
1824
0.06390325850951573
1825
0.08838101977164436
1826
0.10904794128186476
1827
0.08855420736353685
1828
0.11432604636028879
1829
0.0858887650528571
1830
0.07640905902577858
1831
0.25227012209432303
1832
0.1240296482164366
1833
0.13899700998208095
1834
0.21079568861828757
1835
0.2217154154454922
1836
0.1400204445423092
1837
0.18966738204519945
1838
0.2213941927243805
1839
0.09340567854177735
1840
0.13934744980165906
1841
0.1517033064695946
1842
0.11305595776164934
1843
0.09507959973248269
1844
0.06844348790447703
1845
0.14829088596323342
1846
0.10564199527766896
1847
0.12848804353057808
1848
0.12992961147206517
1849
0.056928918612031275
1850
0.08441804349462513
1851
0.12480794737410782
1852
0.09332705778984045
1853
0.07761476618967368
1854
0.061791840941138716
1855
0.09999003128519161
1856
0.056797587351531946
1857
0.1917880917018117
1858
0.12218216558863033
1859
0.07245918910473244
1860
0.13880105638614532
1861
0.2018387245494567
1862
0.0650691584930847
1863
0.1110269836641361
1864
0.1291455976841366
1865
0.0931892427427346
1866
0.13566332224724584
1867
0.22426693901678796
1868
0.16928930574598205
1869
0.14972812021019988
1870
0.16386127643663048
1871
0.09399762672540814
1872
0.14771944238538334
1873
0.13300461017866166
1874
0.25212583817280326
1875
0.18823560347015098
1876
0.10020913686974527
1877
0.13745815620073912
1878
0.08854410428592246
1879
0.18098817190525338
1880
0.10546613052855353
1881
0.11493483721883695
1882
0.067527937417501
1883
0.13124008720689648
1884
0.051028251120071935
1885
0.09126134644428785
1886
0.17002687859394366
1887
0.26556961957378655
1888
0.15368308020251126
1889
0.12555026746465967
1890
0.15609699475741998
1891
0.13143258834693575
1892
0.12926776469545403
1893
0.18284028204197267
1894
0.09825678741631194
1895
0.08284256766565516
1896
0.18890598993719426
1897
0.061580958431291896
1898
0.15143395280337935
1899
0.08966964539277585
1900
0.14782183365871315
1901
0.12315814975427755
1902
0.05804938024566152
1903
0.10829799375220593
1904
0.16274501469574196
1905
0.09527022705159816
1906
0.13582652576470627
1907
0.12098577260561003
1908
0.20749752197729074
1909
0.08031232822127089
1910
0.08955081037373167
1911
0.07959476155852412
1912
0.08378726237984972
1913
0.06362480464074691
1914
0.12205840418609015
1915
0.10672207866253766
1916
0.08515790021266732
1917
0.11846912455203616
1918
0.07068682464977748
1919
0.08492198264935855
1920
0.06874484542860167
1921
0.11941949564052214
1922
0.08169044000389174
1923
0.20872932862765026
1924
0.1478380377175063
1925
0.1211856011226112
1926
0.10741454528805865
1927
0.06732927744819366
1928
0.13723836317998458
1929
0.09971879511775775
1930
0.12561764999077452
1931
0.06827561475604306
1932
0.10182395753034336
1933
0.11051755849614467
1934
0.17096615372574914
1935
0.11308067480114736
1936
0.08707613616188946
1937
0.1423001917351523
1938
0.06851605952151305
1939
0.1141393278079751
1940
0.17060029191227558
1941
0.1877513104692276
1942
0.093792993127546
1943
0.07866445717866857
1944
0.24617262378297727
1945
0.055749511938957136
1946
0.06837333688461222
1947
0.10236899284018715
1948
0.10626443447728183
1949
0.05352382891967474
1950
0.25619343188738036
1951
0.12829367442018808
1952
0.10624084810881124
1953
0.11525179875970908
1954
0.0713654633938046
1955
0.08217514347106486
1956
0.10211121862358928
1957
0.2154075906322588
1958
0.11399309052045051
1959
0.0901809416194795
1960
0.06531500523721973
1961
0.11067072474739195
1962
0.10160805395792594
1963
0.11436393075449457
1964
0.06597403289623748
1965
0.06632697692381209
1966
0.09482819741256047
1967
0.1368346354401368
1968
0.08513467442640443
1969
0.2081141400853601
1970
0.1534967815068025
1971
0.3407022141014185
1972
0.10957684538318115
1973
0.09622470382849208
1974
0.1499981761237261
1975
0.11379607842793892
1976
0.15096808306898754
1977
0.17142437665707103
1978
0.19992678750027484
1979
0.13536260720255883
1980
0.12597749683179932
1981
0.20098825472798107
1982
0.126712621046973
1983
0.07772631123000008
1984
0.18009148971393898
1985
0.11681730131413087
1986
0.13834015413567755
1987
0.07784385931162867
1988
0.10587767411863684
1989
0.08495478050337649
1990
0.05875304811502616
1991
0.07546061880797426
1992
0.16688109502583243
1993
0.1194511296049473
1994
0.10084458901453221
1995
0.08773277894186814
1996
0.09840378704902517
1997
0.06579758397726279
1998
0.16625059955749982
1999
0.11328069555757585
2000
0.07415913742255777
2001
0.14553216318341247
2002
0.14228966646601426
2003
0.09011290073165293
2004
0.2529227321463435
2005
0.05615610404241878
2006
0.09607906653955517
2007
0.12542401224579072
2008
0.09181008344297462
2009
0.07250511816016356
2010
0.17131388805120537
2011
0.08110288165513263
2012
0.07502868360147712
2013
0.06429948760488483
2014
0.13943414032751578
2015
0.3257645118863097
2016
0.09779749981323264
2017
0.15881428634863967
2018
0.06585024936398345
2019
0.11830754371139307
2020
0.12694763958774188
2021
0.06784497082147241
2022
0.12378652595051083
2023
0.09774928773082608
2024
0.11324043409082507
2025
0.06696443468417351
2026
0.18011715841675702
2027
0.08139879805106988
2028
0.303239001712141
2029
0.10047811727264562
2030
0.1328232313987697
2031
0.1588028954077116
2032
0.0674555082900889
2033
0.1806138600615387
2034
0.10795733395664554
2035
0.0943022482729675
2036
0.11743945479809591
2037
0.12399238270876883
2038
0.101304685176418
2039
0.054227401061798464
2040
0.05323326105611427
2041
0.07912182347600841
2042
0.08241388371901015
2043
0.14822627554854462
2044
0.1441876056025192
2045
0.11315568108142214
2046
0.08850243920559367
2047
0.106882368437795
2048
0.1234067337602216
2049
0.05926961066914425
2050
0.1639786540732715
2051
0.16550733593672728
2052
0.10019178115980902
2053
0.22876098459106048
2054
0.1440452467791991
2055
0.10413056283194283
2056
0.14514303011469346
2057
0.05282409644345269
2058
0.1564322768049722
2059
0.07836334767193169
2060
0.04925750610608607
2061
0.12537385994737957
2062
0.09465246512323403
2063
0.15114358062856625
2064
0.14602683152787407
2065
0.08867936430782535
2066
0.15069145298095146
2067
0.09497708778803658
2068
0.18355998625410316
2069
0.1039808963804374
2070
0.15616237621926352
2071
0.1004324906551135
2072
0.14717994827087624
2073
0.06865045974412534
2074
0.10387626901717315
2075
0.1553737710597459
2076
0.057589141390666954
2077
0.1667460446483814
2078
0.06786963427309677
2079
0.22989194156518758
2080
0.2104512719275419
2081
0.18412633492870573
2082
0.10032449644497007
2083
0.10804977585736103
2084
0.08223044490798465
2085
0.09640100376390878
2086
0.09125090054913587
2087
0.19371994437599704
2088
0.1514131552990749
2089
0.13323256641625225
2090
0.0963979744904359
2091
0.17009037448416073
2092
0.1739568180566297
2093
0.19826959539128564
2094
0.0843778407280946
2095
0.07343628043471663
2096
0.06962074088271242
2097
0.13097644521413868
2098
0.14450608581807847
2099
0.0776488825148785
2100
0.15112012914337858
2101
0.06270429755033419
2102
0.12196029065662704
2103
0.09456681564094584
2104
0.15580794917296664
2105
0.08340614180440177
2106
0.11032626740619418
2107
0.11633863412584546
2108
0.10863798667277885
2109
0.1401939942280286
2110
0.10130298519092472
2111
0.09943327449756825
2112
0.06519839267553562
2113
0.13901975609401407
2114
0.09504453075431067
2115
0.1923491655084544
2116
0.19087765119173403
2117
0.091542408976023
2118
0.13479166544086038
2119
0.10937755475209561
2120
0.10016936575273874
2121
0.12052428987701067
2122
0.1451549609458512
2123
0.08561982318166973
2124
0.15700754745772624
2125
0.1258122675679667
2126
0.05689689741257016
2127
0.10542268161657152
2128
0.06804772382359836
2129
0.14136567374612738
2130
0.17907463665331402
2131
0.0935862840185848
2132
0.11687893491655758
2133
0.09478868526822859
2134
0.09705292533297279
2135
0.16531360357304312
2136
0.1413209487662729
2137
0.06633152932946015
2138
0.11308699337758903
2139
0.10499341242615592
2140
0.0981885842230389
2141
0.0629466806513608
2142
0.10588202133007445
2143
0.16445781588000144
2144
0.12223964441216505
2145
0.0680784546214469
2146
0.21147522296474466
2147
0.14523488585334662
2148
0.06652007313852203
2149
0.06204231628548777
2150
0.08753456294258108
2151
0.1820722386717462
2152
0.24136077296978345
2153
0.07104766465283577
2154
0.08537934011584962
2155
0.12608117191876958
2156
0.11907744918902151
2157
0.06668829379525476
2158
0.11275361191034974
2159
0.05368574030293891
2160
0.0775649160357201
2161
0.11784817964379785
2162
0.10158514455232044
2163
0.0695846377365071
2164
0.11556432900900782
2165
0.13167957761855456
2166
0.18882158183203673
2167
0.15632649928539366
2168
0.11953099629798107
2169
0.1449457573625509
2170
0.12576165720023305
2171
0.15948333552594554
2172
0.07175859073623218
2173
0.12719057051484128
2174
0.1525592493315644
2175
0.11489244496386175
2176
0.28201796857374434
2177
0.06872923517372018
2178
0.09383883095913156
2179
0.1331235654479924
2180
0.09704311125886879
2181
0.24895822255831956
2182
0.07569390334887427
2183
0.2615847915423753
2184
0.13191762745340846
2185
0.1329426624131283
2186
0.08905312036213574
2187
0.0879786793846855
2188
0.13175329469632588
2189
0.10314594539156971
2190
0.11029784728323344
2191
0.15701258218887554
2192
0.08364098800338461
2193
0.06681059592196757
2194
0.14840002296868468
2195
0.16736591337168752
2196
0.10904799713295849
2197
0.08350727527819182
2198
0.14352486546774612
2199
0.0670973624326683
2200
0.11823748415948743
2201
0.1439037801996562
2202
0.12383114632142471
2203
0.10759766774171495
2204
0.12665414492888202
2205
0.22540144007954271
2206
0.08210878333237087
2207
0.3041952680380548
2208
0.14060049035360095
2209
0.08618167748103382
2210
0.06724320669013137
2211
0.12172919304787923
2212
0.1550881444261765
2213
0.0640893770433422
2214
0.112619829804679
2215
0.1138550997822719
2216
0.288597968042502
2217
0.06227790817743449
2218
0.06372595542912911
2219
0.10103361273398064
2220
0.06382725355396698
2221
0.10062859411893975
2222
0.08504080641643923
2223
0.07154038061836694
2224
0.09253464920051928
2225
0.06178752004288057
2226
0.07806750426636111
2227
0.1150689299467763
2228
0.057541800889131405
2229
0.12355727113865914
2230
0.06158072498699113
2231
0.07319442696041333
2232
0.13071519779179738
2233
0.17951060160897434
2234
0.10735575256636828
2235
0.20726382141528793
2236
0.14574657647888825
2237
0.09397762631112463
2238
0.07394383986340032
2239
0.15469637184077392
2240
0.07939954305606156
2241
0.05687144533688004
2242
0.20454684926608488
2243
0.09412189465541942
2244
0.07572587065603469
2245
0.1341111293745913
2246
0.09750282743724456
2247
0.1437010798740331
2248
0.14868157093007375
2249
0.08173275480804913
2250
0.1371393618846324
2251
0.07619057204358241
2252
0.08835920625616646
2253
0.12726283195153967
2254
0.10499750303514702
2255
0.11305671540534946
2256
0.1848683610016245
2257
0.06864468787161883
2258
0.1663147421177428
2259
0.12098122116529504
2260
0.12332655268070024
2261
0.11044285012075218
2262
0.2947105427579866
2263
0.17495559023665777
2264
0.07313973581878473
2265
0.13442543598620563
2266
0.09279594819968627
2267
0.17479291853434376
2268
0.11023878855491814
2269
0.18616590972477345
2270
0.23431236798663427
2271
0.16462978213863852
2272
0.14193521135591958
2273
0.08222414382259885
2274
0.15289227001848923
2275
0.19926995863894378
2276
0.12865254029234527
2277
0.1393893727290754
2278
0.11322776155625502
2279
0.10279835937170782
2280
0.2306776583471684
2281
0.08308536894468341
2282
0.1433402025455999
2283
0.11737370190736877
2284
0.11582550316063368
2285
0.14621595607012536
2286
0.1301033381291088
2287
0.1792002050965378
2288
0.11640625236864029
2289
0.09239351373033995
2290
0.10303956197271431
2291
0.18306531125252534
2292
0.1232621722375227
2293
0.13548678271763362
2294
0.21243863582525538
2295
0.09644322356015787
2296
0.12948696097475113
2297
0.1668569671052866
2298
0.10723533692946298
2299
0.11288932195028921
2300
0.09100418542826737
2301
0.05189472851223507
2302
0.1548748836956879
2303
0.1797898934081868
2304
0.0692661859187638
2305
0.13888113843675798
2306
0.12863599731155034
2307
0.07356642012370891
2308
0.09354809146095079
2309
0.08291865174405412
2310
0.11659066846096101
2311
0.1278277094758795
2312
0.07049173889532799
2313
0.10754041657670048
2314
0.17508753321854445
2315
0.1651283274341877
2316
0.08650987126007643
2317
0.10846185106790245
2318
0.15278927382133314
2319
0.2248755910814034
2320
0.09212473512390001
2321
0.09981977821296786
2322
0.20916149295725328
2323
0.08867300480624986
2324
0.05352713642694741
2325
0.05321447571056735
2326
0.09176902176924434
2327
0.16311355090599425
2328
0.08136435455806118
2329
0.13545640534871606
2330
0.10872472841565181
2331
0.12216173177132067
2332
0.16782164247623382
2333
0.1674080909620757
2334
0.10959061996475605
2335
0.20475237373286714
2336
0.12213319854450733
2337
0.062205529149383224
2338
0.08133040098929314
2339
0.1563115265787804
2340
0.10137682857168989
2341
0.16064844431867287
2342
0.14926296637301484
2343
0.13866920852462353
2344
0.29044211860624913
2345
0.19177912820297682
2346
0.10875415806226214
2347
0.2420531999290389
2348
0.07547271018538075
2349
0.14142007594641873
2350
0.07590445700091558
2351
0.0926570650469928
2352
0.08029345030937698
2353
0.1737757472558661
2354
0.16395772510629125
2355
0.17012606120831208
2356
0.16428517721593122
2357
0.05734966109008226
2358
0.05492983136532893
2359
0.1573105323600459
2360
0.09043783603009657
2361
0.14282579352162378
2362
0.09960422137559538
2363
0.09300414372137339
2364
0.06589563691230962
2365
0.15452498928982733
2366
0.1256985383972206
2367
0.1488924827185061
2368
0.12886511525051444
2369
0.1031952614904436
2370
0.1151272833911215
2371
0.1844444262824835
2372
0.2162665086845817
2373
0.16645565923019073
2374
0.24318900750429998
2375
0.1213667609473629
2376
0.10743642515859876
2377
0.15653685197447542
2378
0.10267411112065722
2379
0.071660154531938
2380
0.081939320724851
2381
0.07857085296217896
2382
0.05845552503666932
2383
0.21307798852544377
2384
0.06923495634086885
2385
0.2302123142429605
2386
0.13824200777925535
2387
0.08034712266515633
2388
0.07756687973682061
2389
0.2307718137519613
2390
0.0835562082494428
2391
0.12182221175860108
2392
0.06472365815193061
2393
0.1028237937584499
2394
0.10515568924061809
2395
0.1506592299972282
2396
0.09675184046680553
2397
0.05743525447052644
2398
0.05411682469922447
2399
0.17847371907988813
2400
0.24630820255041555
2401
0.0909645323342402
2402
0.09813715293658226
2403
0.09752281361681633
2404
0.11068305085691868
2405
0.2245603476261917
2406
0.27730353310516465
2407
0.09020632611358935
2408
0.11480435784532145
2409
0.09111814126118671
2410
0.07022637951692175
2411
0.05433845307471011
2412
0.20633224815599013
2413
0.10513577389110801
2414
0.16540160033599702
2415
0.10768354269528704
2416
0.11918081742169342
2417
0.07191893731773616
2418
0.12688000789647214
2419
0.06623946121138562
2420
0.092137027567447
2421
0.08963754872366764
2422
0.16431686230099596
2423
0.07483538043036528
2424
0.18727501882354555
2425
0.1098506750993142
2426
0.09781247521006155
2427
0.0948760880285776
2428
0.12420050152964512
2429
0.08270775042029829
2430
0.09924137822737898
2431
0.1549228495356808
2432
0.09997513181534541
2433
0.11762668148724172
2434
0.1244997612900055
2435
0.2768405504376221
2436
0.1154942878876659
2437
0.10066541665782038
2438
0.08721416760823081
2439
0.05529034588876662
2440
0.04802662456019863
2441
0.10409159057241268
2442
0.12357785560224183
2443
0.14331457026916475
2444
0.31755097893827483
2445
0.1996258034788196
2446
0.1085189706017415
2447
0.1516028736242548
2448
0.11305616854770854
2449
0.05579958617642615
2450
0.1404082944204501
2451
0.09535783352153333
2452
0.1512406752017832
2453
0.13099785209161066
2454
0.19933931462658896
2455
0.07544624330335489
2456
0.10424502376553559
2457
0.10633918351314875
2458
0.06626484224023457
2459
0.05327754852042092
2460
0.14119584835721014
2461
0.04917660587407226
2462
0.0626430000315955
2463
0.11684168609495055
2464
0.12440141523568268
2465
0.08186609413592355
2466
0.1411802900628894
2467
0.096528667982421
2468
0.12676388182903406
2469
0.13212883330995448
2470
0.09146028871610463
2471
0.2119269537164832
2472
0.24773906525305234
2473
0.23341275718996593
2474
0.17748566127418341
2475
0.1004013786023623
2476
0.11774743714168413
2477
0.13313565906337133
2478
0.09907929761543133
2479
0.14135373544275068
2480
0.08149451288001786
2481
0.10678104047608483
2482
0.179185687089811
2483
0.1615911161336195
2484
0.153854327070723
2485
0.1463132806164514
2486
0.13650481425743893
2487
0.06310812045528455
2488
0.1409155794304037
2489
0.13599922824161717
2490
0.08083786724540984
2491
0.1687269747188953
2492
0.2174300156054786
2493
0.04876860703939959
2494
0.07960739885447923
2495
0.08354568231934048
2496
0.10891900123059281
2497
0.1414865549037294
2498
0.08028177523082915
2499
0.09789025826594921
2500
0.11981642061044154
2501
0.07450159928852566
2502
0.249721168986808
2503
0.11946452712416746
2504
0.169859518507415
2505
0.15424852576823508
2506
0.08799634534269513
2507
0.11069467585967513
2508
0.10788351145287876
2509
0.14917026182665247
2510
0.05549932334503591
2511
0.3102341569170619
2512
0.08117966498918107
2513
0.18863337490933133
2514
0.19770925136113096
2515
0.10253744096587622
2516
0.27491598028346537
2517
0.15825383330802048
2518
0.19799159360979282
2519
0.16571203488162053
2520
0.1120273023412527
2521
0.08960107819060442
2522
0.15427404931994917
2523
0.12039206598568275
2524
0.09565867546112498
2525
0.07622037097602852
2526
0.11305288745500967
2527
0.13691758692068495
2528
0.08707356862994413
2529
0.1116432230989213
2530
0.19053434107116626
2531
0.1477775909384056
2532
0.21994275214664263
2533
0.18573353252378166
2534
0.12682078196273686
2535
0.11208831862849772
2536
0.0515989980407476
2537
0.08574797040450828
2538
0.17330178547845995
2539
0.07930433306711028
2540
0.10988430516015527
2541
0.10484090812517437
2542
0.16715230674459908
2543
0.09614888262438513
2544
0.1161634908116199
2545
0.14601776956887325
2546
0.1913227266476514
2547
0.0766021813182562
2548
0.09480373617864526
2549
0.060110747657663395
2550
0.20555264377320256
2551
0.10298668359456399
2552
0.20901269055341556
2553
0.16841783568133337
2554
0.11263652003853804
2555
0.11596163680565612
2556
0.10011123050531208
2557
0.07814520072729159
2558
0.13135548515762518
2559
0.24982759425215045
2560
0.20265869230623837
2561
0.10958788901907617
2562
0.13141764794829433
2563
0.08618136739243129
2564
0.10577251276527637
2565
0.17242047751062636
2566
0.13447454093004085
2567
0.05563439553243952
2568
0.22483039061714347
2569
0.132768856185858
2570
0.13724325314717
2571
0.25873978539303305
2572
0.10589467671723043
2573
0.16901088077703344
2574
0.2212719657309409
2575
0.12037862163854093
2576
0.13154495147831796
2577
0.07521999103839751
2578
0.2276983554864872
2579
0.06881221434332875
2580
0.29036786350600524
2581
0.07140169887896096
2582
0.09518971903190876
2583
0.12324980717041521
2584
0.08747248630719483
2585
0.09507757319061995
2586
0.24811960768605862
2587
0.04952120474486716
2588
0.22443514461677966
2589
0.173366439568168
2590
0.10059745544048042
2591
0.1356617553899754
2592
0.12709471649922766
2593
0.0885575882420006
2594
0.0923314789905899
2595
0.0800673803787538
2596
0.14638514048141354
2597
0.12625293201966678
2598
0.11571632969541479
2599
0.07670436893706477
2600
0.1559931096320843
2601
0.1621923266716479
2602
0.13749831519951988
2603
0.08893853283398315
2604
0.13984920847539078
2605
0.12089623308804627
2606
0.11991753405061888
2607
0.13560942322403083
2608
0.13302714982054833
2609
0.05122360497205829
2610
0.07806373899199275
2611
0.35099516167251565
2612
0.13423857901013475
2613
0.15518889181509402
2614
0.08599914138739358
2615
0.13765562633654738
2616
0.06412720670015314
2617
0.09222011296188203
2618
0.08373836704133585
2619
0.1674681318145635
2620
0.15237104843093896
2621
0.16232568323224408
2622
0.09195112676370554
2623
0.12897777015954404
2624
0.17717400361267024
2625
0.09281364779324401
2626
0.062221033716634025
2627
0.0909952879404246
2628
0.1395593627368658
2629
0.07971107612140592
2630
0.20994718625048175
2631
0.06208962589467973
2632
0.07197979646712936
2633
0.12487608983211645
2634
0.11919091261755621
2635
0.10002650142696108
2636
0.14044284848586408
2637
0.10373089307116848
2638
0.12902179206625233
2639
0.09796005666164632
2640
0.05893158266370213
2641
0.1705269499691752
2642
0.18050741149531363
2643
0.08834289392547517
2644
0.2578955870580762
2645
0.10567066512404534
2646
0.09118915354022358
2647
0.10310107168531803
2648
0.116722547216113
2649
0.16152838251267715
2650
0.22057004251537132
2651
0.11307416351606166
2652
0.23798473105540313
2653
0.12125093735880371
2654
0.06397822223071714
2655
0.06308412150827875
2656
0.13623306175714311
2657
0.08406976559578834
2658
0.09152108867143482
2659
0.12087741134741643
2660
0.08089566039121406
2661
0.1356562376201687
2662
0.11240566981721906
2663
0.11742544845452972
2664
0.1057132157361868
2665
0.20778408355753725
2666
0.22338192586530414
2667
0.11475237241430146
2668
0.0571445710131106
2669
0.06011768835762125
2670
0.061796374177876603
2671
0.15140769563039208
2672
0.10858477895055073
2673
0.23130167276905658
2674
0.07218269565619574
2675
0.07762262757576341
2676
0.14938738399948748
2677
0.1758163436667051
2678
0.07886760427944764
2679
0.07799084708418763
2680
0.14353274330235744
2681
0.12331666225682976
2682
0.11967654608016143
2683
0.1459240250616719
2684
0.09731055756771256
2685
0.15564361754548553
2686
0.07210297291557806
2687
0.1843719558329936
2688
0.1786373155946384
2689
0.17133361152458515
2690
0.07025273151940709
2691
0.14044990918820055
2692
0.10060657415515557
2693
0.09391527769697514
2694
0.2174547048437236
2695
0.08148155190787153
2696
0.2309989981258715
2697
0.11815971943175718
2698
0.12114352634200061
2699
0.07419317948893323
2700
0.12612441277135977
2701
0.08390739989405765
2702
0.19570163009735103
2703
0.06609547373889275
2704
0.05966377333012188
2705
0.11780569197110978
2706
0.2744281169675571
2707
0.07340392582115164
2708
0.12366007648578267
2709
0.07586059330016022
2710
0.07103888607258226
2711
0.12720987646989082
2712
0.08524996988289012
2713
0.10036611357130513
2714
0.15448382874449879
2715
0.18295566084043216
2716
0.07847397877451258
2717
0.11037418884704106
2718
0.08351303974596604
2719
0.08528688245120578
2720
0.08670472002816952
2721
0.06989608053708252
2722
0.17328444686696903
2723
0.31545181129861716
2724
0.10112371109438041
2725
0.11057835299623038
2726
0.07069258379798464
2727
0.12567428849796905
2728
0.08700360020947591
2729
0.21016186222894373
2730
0.09980844812986775
2731
0.16827267035984714
2732
0.09789806976897736
2733
0.08499475372103045
2734
0.15840827232415128
2735
0.08282329018579343
2736
0.19136931176047586
2737
0.1540251938421712
2738
0.060081068372543865
2739
0.13714585401967747
2740
0.0967796247634302
2741
0.12621290513617545
2742
0.12075193812468604
2743
0.1500768257999947
2744
0.13230719849727612
2745
0.12053750911985205
2746
0.09726862679874179
2747
0.14828906914183165
2748
0.10349451703780033
2749
0.06480767348589082
2750
0.06332614263007251
2751
0.08641517965123137
2752
0.16168753113459255
2753
0.16343902231972096
2754
0.12513861378519844
2755
0.0820792430328059
2756
0.062449786089868786
2757
0.08522315834062451
2758
0.06499700205613988
2759
0.05237638394065678
2760
0.10731535213133746
2761
0.07859453189338139
2762
0.07297813996770675
2763
0.10646835168964101
2764
0.052503933042856714
2765
0.09514012810402976
2766
0.07187948356898967
2767
0.12734668374904295
2768
0.22045562015175849
2769
0.208808565555755
2770
0.06920121421655274
2771
0.15458788450839234
2772
0.13495539340619908
2773
0.11529073322313596
2774
0.06494761084160411
2775
0.11551886016852271
2776
0.1110724694673675
2777
0.07183435164809458
2778
0.2040616797481798
2779
0.08029088499503481
2780
0.22011365461259574
2781
0.14289760792046496
2782
0.11435257772033101
2783
0.09751195915398723
2784
0.1236999559029747
2785
0.08435871166116164
2786
0.11719593193862006
2787
0.12864750133841124
2788
0.14289665490877204
2789
0.12050322263837643
2790
0.1501911963231412
2791
0.15879614030480668
2792
0.13022177669530702
2793
0.06548328424376323
2794
0.12273207894657541
2795
0.07330135959079613
2796
0.07304533829490249
2797
0.07257078493883033
2798
0.11584449598876921
2799
0.1975356648010234
2800
0.11140895294632475
2801
0.26513983553301945
2802
0.09454312077531091
2803
0.09774258682248849
2804
0.10979374038052585
2805
0.08458003005771263
2806
0.08892770727164188
2807
0.10326098958929653
2808
0.07481188100639559
2809
0.09962741206414348
2810
0.13930593821414736
2811
0.20668673896147546
2812
0.09656484896581158
2813
0.07337137557216276
2814
0.1220364230559207
2815
0.08449448938159905
2816
0.05724676697310532
2817
0.05910898916241687
2818
0.1920011791960435
2819
0.06775068580994195
2820
0.11482096163541261
2821
0.106405267147054
2822
0.07220534259100948
2823
0.09463066661403356
2824
0.07226797839181288
2825
0.05897467758183085
2826
0.13902751629503632
2827
0.14112499115746605
2828
0.13302944055160465
2829
0.06653959835942126
2830
0.10617822659813507
2831
0.13940509275958404
2832
0.14237859916203913
2833
0.15761665257432717
2834
0.14116353206502996
2835
0.20076900359263097
2836
0.07622061502085149
2837
0.13575754141062085
2838
0.1661311304661559
2839
0.1356230257601856
2840
0.15306854175015694
2841
0.14160363398842957
2842
0.0728213951906481
2843
0.0910681119727337
2844
0.09860832762738905
2845
0.11608300385902134
2846
0.08973456076251074
2847
0.07523355431751515
2848
0.08752310595807934
2849
0.07809557882816232
2850
0.08983221695857632
2851
0.08040400254550688
2852
0.15658006210509479
2853
0.05301246497663246
2854
0.16543733535233407
2855
0.19958206495642022
2856
0.14596749857684974
2857
0.14446491972669848
2858
0.10793390308975365
2859
0.10024063608448971
2860
0.12704732948219621
2861
0.07144013865674206
2862
0.10022022867393834
2863
0.12696062110599698
2864
0.08830097159419159
2865
0.09503584662135085
2866
0.2100375880664205
2867
0.15692328266525618
2868
0.09001808144375746
2869
0.08840125752918628
2870
0.13556273272059824
2871
0.07930334815275651
2872
0.052824411649657885
2873
0.12805229119277564
2874
0.13246320504489517
2875
0.06206788287613312
2876
0.14426265125268878
2877
0.15209271755754672
2878
0.06735021895798368
2879
0.15934052100868154
2880
0.06628774178497313
2881
0.121542988489501
2882
0.11120855540858834
2883
0.10004595693109894
2884
0.09157502966624664
2885
0.07575923248375453
2886
0.12241319937149733
2887
0.10407199130249838
2888
0.06087288333701246
2889
0.13093440379098845
2890
0.1760688167061112
2891
0.07593742205307405
2892
0.1717169824434123
2893
0.1573734530243306
2894
0.08977876111271182
2895
0.21780216360091414
2896
0.1403791855223655
2897
0.19700921354615775
2898
0.1561541550956807
2899
0.07168795733065131
2900
0.13236887965048305
2901
0.07828147454966583
2902
0.061890254931475236
2903
0.1275156628987798
2904
0.0753781779156021
2905
0.1145675943657044
2906
0.18881908589381785
2907
0.08388220954932969
2908
0.1440635518760125
2909
0.27029012754361104
2910
0.1383719395121348
2911
0.07236299077777245
2912
0.15717715243975883
2913
0.11660434045766241
2914
0.10934653120260651
2915
0.14349983104960976
2916
0.07129805380871607
2917
0.06534842848085945
2918
0.22087647424600998
2919
0.0938906778404779
2920
0.08816625274170188
2921
0.17464512306468724
2922
0.16173634987927765
2923
0.12883813214746925
2924
0.11372409605670337
2925
0.12131192088465816
2926
0.15483916163577216
2927
0.14506933067484137
2928
0.09843300385668591
2929
0.1343563638526092
2930
0.12597549561358848
2931
0.13896527604964054
2932
0.09697186997698057
2933
0.11812001370252288
2934
0.13709708233178183
2935
0.09082065782183997
2936
0.0773114790799262
2937
0.2943849902432713
2938
0.23954525272216964
2939
0.11967406260162011
2940
0.07375588100317461
2941
0.1456152594222113
2942
0.13444773318337422
2943
0.1325308506598356
2944
0.10294767304662984
2945
0.08000149697759334
2946
0.1190475593253934
2947
0.0658454260463972
2948
0.11111762548036107
2949
0.08398272801676006
2950
0.10220073591944576
2951
0.10359128922042059
2952
0.08037570410031873
2953
0.06864838719074644
2954
0.12480632095306321
2955
0.1096383845993186
2956
0.12063066758677443
2957
0.09937174100046936
2958
0.22540029111852497
2959
0.1430176688519394
2960
0.06268231235930861
2961
0.08900758130197836
2962
0.10188185239638652
2963
0.10184146890190271
2964
0.14821444204057244
2965
0.21548431915524432
2966
0.06672301551530727
2967
0.08099530255112825
2968
0.2057269924615807
2969
0.1804959655584987
2970
0.08171485456602463
2971
0.10261821142491499
2972
0.06830342699579994
2973
0.09974852915748111
2974
0.13861361077747647
2975
0.17588829783981397
2976
0.15857907408167218
2977
0.04958188071671548
2978
0.09353066237313434
2979
0.09203875210482061
2980
0.0875219609261195
2981
0.07026332315678921
2982
0.109176162327462
2983
0.09551127299346127
2984
0.06161426254669458
2985
0.0731320348978863
2986
0.04999571328127672
2987
0.11124796816196926
2988
0.10911321635688505
2989
0.09275894393164659
2990
0.11053500650430335
2991
0.12758909719781994
2992
0.12195309493112753
2993
0.12157787357678745
2994
0.1079200059071481
2995
0.05683906848395965
2996
0.09055969851951272
2997
0.2239901678482974
2998
0.08273361674785552
2999
Mean MAE: 0.12388311979840436
