nohup: ignoring input
0.33333333333333337
1281
427
0.7764423406217256
0
0.6081960596328467
1
0.8685806150376191
2
0.9417864335397973
3
0.5312837447489785
4
0.5201920453215709
5
0.6237769489007581
6
0.6026515302697443
7
0.5320335426269875
8
0.6300241541596322
9
0.555216669439823
10
0.6178690464037384
11
0.7591607920506304
12
0.5599408532817189
13
0.626663445116532
14
0.6296660887022436
15
0.5366852566592258
16
0.6144513685732717
17
0.6816561670893589
18
0.6493395902966751
19
0.5373518386399349
20
1.1441578977941589
21
0.5766840235134029
22
0.7049314410883749
23
0.5368598366684134
24
0.6641117599180836
25
0.586350910251126
26
0.9591476811126673
27
0.6310595303084724
28
0.6180698704008771
29
0.5908862553534969
30
0.5777552103660525
31
0.8332697551207957
32
0.5383677035873381
33
0.6701246294044477
34
0.9556698087291275
35
0.7613250725914563
36
0.5190924423547588
37
0.5867256286557234
38
0.5009329299389972
39
0.7111145983535792
40
0.5632275358429709
41
0.6003733447211819
42
1.0152925974127711
43
0.6326708993638527
44
0.7179410120570295
45
0.6949280186069258
46
0.5984167865256944
47
0.6622212619947796
48
0.7093651933568583
49
0.6187012231706693
50
0.5535706578982762
51
0.850187647627459
52
0.7362422925793174
53
0.79334245935157
54
0.48646656927518384
55
0.7544212464236689
56
0.5301279037237177
57
0.5963449547222179
58
0.6942797372608959
59
0.5410142145211819
60
0.8489829032517574
61
0.588008260846261
62
0.52766725560108
63
0.5892280555273722
64
0.504812142684507
65
0.5463925321499354
66
0.5517830597541961
67
0.6707305198749844
68
0.5859394995899181
69
0.5542220715416625
70
0.5750098367175784
71
0.7402356511315745
72
0.5038068774943877
73
0.5478017626596998
74
0.5854678558672336
75
0.6343090425303866
76
0.5413661136979292
77
0.5359270534801995
78
0.5970431159527158
79
0.7227000905211085
80
0.6204403752205013
81
0.6267612505435001
82
0.6931505932319166
83
0.6252684756435205
84
0.6684647813586809
85
0.6242803217648585
86
0.667357120758876
87
0.9233003840792231
88
0.5892861283772073
89
0.6843047393768964
90
0.619207265412875
91
0.7251852993928987
92
0.625523743129537
93
0.7015699606603593
94
0.7504969380266051
95
0.8812598821545613
96
0.8365276613083369
97
0.5997831490236532
98
0.831730173371987
99
0.6120986176460153
100
0.8140805076902822
101
0.6437688315653366
102
0.6415806342213213
103
0.6837373585839456
104
0.7233461669185683
105
0.77885582153291
106
0.5287068300555134
107
0.5510835412750906
108
0.6551635553228284
109
0.5731504644974061
110
0.6723439723711025
111
0.5868689743772815
112
0.6012366248302288
113
0.7225484642863856
114
0.6180077570973025
115
0.7368303620247003
116
0.524231156756419
117
0.6544792357973118
118
0.6234193794793637
119
0.7133382273046405
120
0.5840301675975931
121
0.7156083103145757
122
0.8144608106017305
123
0.7005352658127622
124
0.527573510694974
125
0.5540841203572395
126
0.49802008401232306
127
0.5680262994987928
128
0.5731960006339146
129
0.5504248771601785
130
0.8406012438154237
131
0.738132536995281
132
0.8254414963803165
133
0.7300031101605606
134
0.6917022823116934
135
0.6751152314171295
136
0.7776101767664656
137
0.6554101019161565
138
0.7761726794495937
139
0.7158190300310067
140
0.5992819558251177
141
0.6927481448984193
142
0.5159180904257095
143
0.5308795427578922
144
0.649441895084714
145
0.7358806985669788
146
0.6347322775667555
147
0.6603239533723271
148
0.6313616089896577
149
0.5792852290970694
150
0.6223531038717988
151
0.7944305353918022
152
0.5430086675621003
153
0.6180799746068514
154
0.7098735674569335
155
0.6726839828333754
156
0.582670970150127
157
0.6326935698522037
158
0.5900285109181821
159
0.7811170062605397
160
0.5991675811029904
161
0.6087685005214469
162
0.7690999121037294
163
0.49707373252282416
164
0.6371658455164185
165
0.6861161135162779
166
0.5493029899711429
167
0.8199882295057433
168
0.9248454766763553
169
0.5781143301039896
170
0.7471317430588428
171
0.660864753211723
172
0.4668949987583224
173
0.667017315227535
174
0.714762237413817
175
0.5790881296620347
176
0.6064197865096983
177
0.655732715294919
178
0.5320947891124228
179
0.4894892521530995
180
0.8623498032740498
181
0.8093863901209795
182
0.8334055213036056
183
0.6325019060574191
184
0.5766511885040423
185
0.6583421463827032
186
0.6082478639571361
187
0.5837841663948943
188
0.65025929688131
189
0.505122460430914
190
0.5953049425788747
191
0.6139897534331811
192
0.6251938864349038
193
0.7765016361717492
194
0.4914533628195697
195
0.5563046360674772
196
0.5419701292937833
197
0.6796691298382388
198
0.6429374939289465
199
0.6060284536279134
200
0.6395356783830164
201
0.6962329829236198
202
0.6126841554330856
203
0.6228087779276601
204
0.6130896248777006
205
0.4857609661737405
206
0.6096156761080139
207
0.5357451882388089
208
0.554575025483097
209
0.6625547327685356
210
0.6082998273641412
211
0.5364577131767306
212
0.5324623154827297
213
0.7790912820051337
214
0.7442861018792373
215
0.6663292167989147
216
0.6489917927524954
217
0.6297943454542966
218
0.6081337480963012
219
0.6714050529332548
220
0.581031757177276
221
0.6191604418074772
222
0.7526999753922622
223
0.4724947775146525
224
0.564087812517061
225
0.5724706537712588
226
0.7017566054754529
227
0.5674807056760608
228
0.6163401801625958
229
0.601299292524233
230
0.5530024265623059
231
0.624305135623221
232
0.5547970470034936
233
0.5084186206054205
234
0.5630714842165291
235
0.6693452724673375
236
0.6482430161124694
237
0.626972450876776
238
0.5629813983638046
239
0.5670103006199776
240
0.781816114782933
241
0.6173114329922946
242
0.4916289975313257
243
0.7336755630890461
244
0.5508928412065796
245
0.4976589802448554
246
0.8953043539260185
247
0.7257504317185539
248
0.6003263655471042
249
0.7515894656121067
250
0.6296623410680582
251
0.7071895622769069
252
0.5458896804452399
253
0.5751194079616871
254
0.62298681980976
255
0.5078794461403225
256
0.6372060530351659
257
0.5624320717648861
258
0.663239464580239
259
0.5502356557268855
260
0.5294910612417941
261
0.5361739828415116
262
0.6835616496022895
263
0.5778513198470121
264
0.5564715176640771
265
0.6563280146240211
266
0.7363314797266362
267
0.6675950915076824
268
0.5988502237206508
269
0.6659318226281796
270
0.5175874497484608
271
0.5444139468602515
272
0.7360529344047165
273
0.6268328456897182
274
0.6135072449436376
275
0.8854142627112169
276
0.6371225888827534
277
0.5334304187652706
278
0.5622793338030349
279
0.5690710395621438
280
0.5416994739382351
281
0.7867135057169662
282
0.7932651379470883
283
0.6190606610193132
284
0.5450892413495925
285
0.7282662121621171
286
0.621094963862085
287
0.5657693545663071
288
0.6294549313719136
289
0.75371823070318
290
0.6591824364802664
291
0.5770437528320149
292
0.5996456776315626
293
0.46939454429027366
294
0.5407410442192604
295
0.8250568501835807
296
0.5668407447433472
297
0.671411435019502
298
0.7770624783717316
299
0.6659762497914959
300
0.5823780594640342
301
0.4986201486898194
302
0.6617973070071427
303
0.510274701311173
304
0.5945011059503623
305
0.5934435935645908
306
0.526925238920988
307
0.6033155559041267
308
0.6928619943262821
309
0.5651950504219516
310
0.6155313537052645
311
0.6604739041825327
312
0.6447021952896435
313
0.7875013259244429
314
0.5599134155207405
315
0.5094978283925155
316
0.6894766409459785
317
0.8965902199287957
318
0.6670499835558154
319
0.6821888027933911
320
0.6332710331366317
321
0.46436527441911896
322
0.7140888679066283
323
0.6895050410266114
324
0.8151412955612917
325
0.5689964771082605
326
0.5192874900927114
327
0.642499413283067
328
0.6639692980710562
329
0.7304432179311654
330
0.5905156467564517
331
0.4953844579266622
332
0.6511174842970717
333
0.5330195864001854
334
0.5374325532552378
335
0.7717068712933896
336
0.8290920245244158
337
0.75504338926313
338
0.49281445865499124
339
0.6148612908168586
340
0.5900089481885804
341
0.5383306495894704
342
0.7376125173779831
343
0.6676439535550687
344
0.8642255915302614
345
0.4962725226759558
346
0.6091225147061098
347
0.664155273808126
348
0.5177341733635976
349
0.5948887641762424
350
0.5695409479628694
351
0.6501786506066597
352
0.7756186100499959
353
0.5467395961953855
354
0.5294266788598023
355
0.7395833902057369
356
0.7908877383132207
357
0.5246195128254878
358
0.5781394811179223
359
0.73475165529452
360
0.5687807425674032
361
0.7352452433352459
362
0.6417382163435397
363
0.5916806602455247
364
0.5512550463208811
365
0.8673630984442733
366
0.6501883756891901
367
0.7049067042194341
368
0.5565762914138894
369
0.6796901361533557
370
0.7807384361189654
371
0.5425568379205225
372
0.6620232795366838
373
0.61954330822399
374
0.5636290670763582
375
0.6336250822114905
376
0.6208367102555657
377
0.6600973041607393
378
0.5813684286936447
379
0.6598398484226242
380
0.5810618856927681
381
0.5970663379615605
382
0.615480777026164
383
0.5495583158254136
384
0.789496606356433
385
0.6713679811226048
386
0.7474135887106331
387
0.6468602008551304
388
0.5376725997181163
389
0.5642429098624216
390
0.5615713021157632
391
0.7759490549303892
392
0.5215054150755702
393
0.7245206771846602
394
0.5609919340103124
395
0.47843466128271916
396
0.7279893274818966
397
0.5429795595854275
398
0.6064037439402253
399
0.6150319123393284
400
0.5021040181907463
401
0.5517069063151125
402
0.7804977158593143
403
0.6785562753766954
404
0.7737287714764278
405
0.5433443131228505
406
0.6378773395845625
407
0.6839069442725376
408
0.6678001217693357
409
0.6226223990536861
410
0.6871751029742045
411
0.5479314640329878
412
0.6076287400778398
413
0.5341056292620485
414
0.662104238276924
415
0.6086730052106324
416
0.6792972107218928
417
0.5600376228050419
418
0.5031186463309192
419
0.4915299038133257
420
0.5330617252611392
421
0.6262052702804384
422
0.8510615182027162
423
0.8159606106867936
424
0.5468796283848989
425
0.5657314390376997
426
0.5932019758137494
427
0.7962744212076778
428
0.5067811398485763
429
0.6226799700555004
430
0.6022880423095897
431
0.8885355430588311
432
0.629548889632666
433
0.6210729577183265
434
0.903441489960358
435
0.49344657106120804
436
0.5904614072924773
437
0.6137304260315566
438
0.6699580279596116
439
0.6675644521069053
440
0.876691638578144
441
0.7897817280859833
442
0.7002946317672556
443
0.5596597206195391
444
0.680711597904115
445
0.5742639864209093
446
1.020417990145404
447
0.6842123879944909
448
0.9292909477845918
449
0.9284547101698091
450
0.7221880349057598
451
0.6938735650670442
452
0.5888606200318867
453
0.7101077201316764
454
0.5781980871854263
455
0.6516983794575706
456
0.7047508226111067
457
0.7141612974290757
458
0.5468449537265416
459
0.6858793171780327
460
0.515421686810235
461
0.9876842275965194
462
0.6209560018434008
463
0.6390696801693998
464
0.6325989870905095
465
0.7934848863113809
466
0.6670277311560175
467
0.7834870286543532
468
0.685115998574391
469
0.6916301344877418
470
0.6200815146725922
471
0.5237365621690443
472
0.8984342480423098
473
0.7303359639976426
474
0.6278843901364961
475
0.8087673800519541
476
0.6110738259503737
477
0.7237185121101735
478
0.6091619994251808
479
0.6483817152631219
480
0.6881103388515348
481
0.8256490067160708
482
0.4912465582189087
483
0.5993591955626848
484
0.6449505022333049
485
0.5852163184083957
486
0.5779509114757218
487
0.6392721676295685
488
0.9521324332102175
489
0.6295098366819325
490
0.7366730723128156
491
0.6122458879910554
492
0.5350116440698036
493
0.5963880790429722
494
0.6942535776827692
495
0.6056510801794966
496
0.571900449079699
497
0.7091880499898596
498
0.4939204559471894
499
0.7483842147978963
500
0.5553620385420847
501
0.6754905858963628
502
0.7223663843595434
503
0.784858162199056
504
0.6719134845173979
505
0.672126364135568
506
0.8402258028455237
507
0.6312614007088669
508
0.8316978468863238
509
0.5623286327844462
510
0.7452051371104887
511
0.6457915358100988
512
0.6880088109497873
513
0.5672047954425905
514
0.5738620565845227
515
0.557694222803923
516
0.7071711346122121
517
0.6473162921159197
518
0.6553464867949598
519
0.6145805121286455
520
0.7175301790326825
521
0.49277681205529933
522
0.7950688553499904
523
0.7314309108822543
524
0.6793815052913035
525
0.8013537802098732
526
0.5376603075059261
527
0.5622060015715953
528
0.6946910469788466
529
0.5636085651652226
530
0.5584051865798642
531
0.4161458413057208
532
0.640251013648719
533
0.6425830456821389
534
0.5696132968339878
535
0.5519490785980843
536
0.7449650965593214
537
0.7833734926937205
538
0.7153930748395035
539
0.5349775642287063
540
0.7446013104740384
541
0.8623191592883844
542
0.5803323487539673
543
0.7597288413777902
544
0.79890879275604
545
0.7368947419950473
546
0.822817828993755
547
0.6491217804511676
548
0.8397533832808008
549
0.6544400790258891
550
0.612452479577503
551
0.592493519376617
552
0.5804568014180225
553
0.6998953546185588
554
0.767728795313176
555
0.5555408681244876
556
0.6884191103475272
557
0.5171477053538486
558
0.6484157025925672
559
0.5475068385755281
560
0.683890337291662
561
0.7758346089248723
562
0.5392315408455988
563
0.5248192756113081
564
0.630770989694122
565
0.5821485603950707
566
0.546474632242981
567
0.781563826392424
568
0.6238506766967065
569
0.7853811021152783
570
0.555200403698636
571
0.7585610645770002
572
0.5674935041678069
573
0.5800565336757572
574
0.5429079183918739
575
0.5617131543875103
576
0.7342173284671238
577
0.603477693290538
578
0.5010314956294382
579
0.7089503552210097
580
0.565031110942878
581
0.6118063372214305
582
0.5276567434789838
583
0.7452483708100633
584
0.6602224281095339
585
0.6224465969294027
586
0.6505070078203604
587
0.4820539111713531
588
0.6061254127887814
589
0.618261607584149
590
0.7220858402139233
591
0.5448931516870947
592
0.7804186669859016
593
0.7103141254771189
594
0.6357789068124802
595
0.5950121890886442
596
0.6841230481126425
597
0.7737170678819001
598
0.7029651752520832
599
0.6519491591255286
600
0.694654162904117
601
0.75895910015776
602
0.5843347132441837
603
0.5524180653497073
604
0.6605648219480372
605
0.5300975454439242
606
0.7769838193847439
607
1.0487189071761782
608
0.5584537343245409
609
0.6236208074814256
610
0.5011177537579572
611
0.5834896163183113
612
0.8915665490735446
613
0.6017536773762315
614
0.6816753012516199
615
0.6598731071831471
616
1.0010347077888484
617
0.698710690065028
618
0.8088145867752171
619
0.5807485019916323
620
0.8050678738493754
621
0.7753261899076599
622
0.6601108484018401
623
0.7099702313037224
624
0.5386544601272923
625
0.7741310729796396
626
0.5239932582167437
627
0.5554121151951894
628
0.6637031918269863
629
0.6499631214408683
630
0.6849977536598063
631
0.5692242621590354
632
0.5316644830814489
633
0.6848579703279353
634
0.5954316926929728
635
0.650304798905311
636
0.74826639861968
637
0.8257196566957914
638
0.5578266658537129
639
0.62496513471571
640
0.7426409721155376
641
0.7176034781809731
642
0.5860744239688069
643
0.6922109749188723
644
0.6987910745274728
645
0.5528500452046032
646
0.7028289485015986
647
0.7089690733883438
648
0.6903227688724501
649
0.618620609216786
650
0.6035054156434051
651
0.7258279605080519
652
0.8418224106764169
653
0.59611861800774
654
0.6775925333291754
655
0.5010564210524492
656
0.8646422340827884
657
0.6738904195384829
658
0.5575367418816345
659
0.7901906995874082
660
0.6834208032032655
661
0.5391727603514448
662
0.5993320437856533
663
0.8402592266370531
664
0.5612862435357454
665
0.7080708079504855
666
0.5805397235482666
667
0.5109708702033228
668
0.6343230498117526
669
0.6917963864884152
670
0.6244951633989212
671
0.5773890448090384
672
0.5582747477834303
673
0.7756973080353559
674
0.4802029684652217
675
0.6612226855608707
676
0.5861834108495324
677
0.7149941826110232
678
0.48082494357659156
679
0.6333076245491228
680
0.6542017302241325
681
0.5556404963461411
682
0.6425989107624615
683
0.669902592713963
684
0.48765288341385304
685
0.5662171937612368
686
0.5378243897566702
687
0.5681539196799578
688
0.5045574406003158
689
0.9188305405670946
690
0.5740005814657249
691
0.6357999828239862
692
0.6307300267527892
693
0.6779650412335222
694
0.5957128981241627
695
0.6476455613316862
696
0.7321818326935573
697
0.7661676991691087
698
0.6462785500332924
699
0.6373361466903918
700
0.5611988413296066
701
0.6004697316710925
702
0.594225305069636
703
0.7244412738385075
704
0.5861181519345671
705
0.5874413476245135
706
0.5242570949490722
707
0.6840358300050002
708
0.6111192234813912
709
0.5517389526321455
710
0.6648687900349174
711
0.6516477937199554
712
0.7411882947503522
713
0.6195424995821206
714
0.7055332522388602
715
0.5733619682132383
716
0.679945463384557
717
0.62435819462841
718
0.6355859424405637
719
0.5211990046358044
720
0.7679241475587144
721
0.768067834198871
722
0.6482003679329134
723
0.5197910040302413
724
0.7469899272508042
725
0.5196791956351323
726
0.6330868507301347
727
0.6091128157725526
728
0.6300724226717277
729
0.7417858522856876
730
0.6167745371500736
731
0.8074824490989659
732
0.5636440626387929
733
0.7194009278068016
734
0.9690960799274931
735
0.6340259101021284
736
0.5641721321073829
737
0.7104112062939162
738
0.7819890881599744
739
0.5109440047053696
740
0.5480460172476854
741
0.7091006341110699
742
0.5896951195374065
743
0.7259166294664591
744
0.9915586196434727
745
0.5368034621636537
746
0.5660876371918896
747
0.9261125132590888
748
0.9671243744723856
749
0.5524281663057126
750
0.5376703741267207
751
0.5899345562530137
752
1.0147158111448835
753
0.6259731394125997
754
0.610325149275207
755
0.6235761283293147
756
0.6546330691908732
757
0.5853239522246467
758
0.5389232090274854
759
0.659035048024489
760
0.6773670084078544
761
0.7534069550050626
762
0.6319361006746347
763
0.9791757630631037
764
0.5474910265730185
765
0.6597428768229339
766
0.7217591524562382
767
0.5429072574734402
768
0.5427862295929892
769
0.6807945717154521
770
0.8182703104858625
771
0.6666623260725303
772
0.44350508532363225
773
0.6276330710005568
774
0.7314298585175752
775
0.6215605401379274
776
0.5900591504801325
777
0.5290374339467118
778
0.6855177086728785
779
0.6704725497217384
780
0.8827474771068639
781
0.6120638747886114
782
0.5199443886516045
783
0.7493852450744145
784
0.6058042839479136
785
0.5361689655106274
786
0.8600853306488072
787
0.6509381962947507
788
0.4345393939610147
789
0.738174196140908
790
0.688580001436971
791
0.6774622679721722
792
0.5771115194363606
793
0.6230349212567005
794
0.7539995854769767
795
0.6060699491564626
796
0.6199711685408265
797
0.5540466523728103
798
0.6035588329101573
799
0.9598733995924054
800
0.5969649182417205
801
0.7271957196719546
802
0.6670673082489942
803
0.6873223747822806
804
0.4893669884778354
805
0.6635934248197924
806
0.6642246594612865
807
0.5890332458209258
808
0.5986812033097207
809
0.5912546816360621
810
0.9259804791013633
811
0.8199647298300954
812
0.6870427758806464
813
0.7559448511140199
814
0.7336799601530558
815
0.6514480822214824
816
0.7060389063058161
817
0.6731954965311991
818
0.6571806406472683
819
0.9540893698943732
820
0.5283183955215166
821
0.7019159201367798
822
0.5142395216612425
823
0.574324165650863
824
0.5167831208508245
825
0.6744039689911996
826
0.5203314604351315
827
0.6095860499463888
828
0.749154408398248
829
0.5744908792354169
830
0.5846187801934538
831
0.728207053347648
832
0.7345704550396256
833
0.8085019239466517
834
0.7711689266461723
835
0.6428611556150134
836
0.5855019467760427
837
0.7372343882298249
838
0.587492529421254
839
0.5967698168469909
840
0.5834898380210548
841
0.8515644901144157
842
0.7250338873376879
843
0.7694095401371013
844
0.6525609410671859
845
0.4919977103133898
846
0.6835420491642126
847
0.5423903492557387
848
0.5640814112979666
849
0.6674233350414792
850
0.4875809080586327
851
0.4780294315549186
852
0.6362027778099999
853
0.5578763186121287
854
0.6633676293216968
855
0.7483058731417007
856
0.6759819933375276
857
0.5278626337438186
858
0.5436928873522469
859
0.6694118872459731
860
0.6592540601904853
861
0.6171650772124144
862
0.5897234766828189
863
0.5763048754703375
864
0.5654415912105327
865
0.5373319154632485
866
0.5163953519412163
867
0.5810706051635893
868
0.6573189582392015
869
0.5415611686390324
870
0.6815254373287912
871
0.6924503520159118
872
0.5286326166527956
873
0.7883430213832318
874
0.5494250475517174
875
0.855543538331129
876
0.6319653238057826
877
0.5481250284414019
878
0.5539900167127968
879
0.4762551895397854
880
0.6840005787136973
881
0.5575486317458348
882
0.6242526497711883
883
0.6561102611526023
884
0.7460305875586348
885
0.6983413456154804
886
0.6359007581287925
887
0.6107787038569024
888
0.49251635283674033
889
0.934081526123092
890
0.6743940341571637
891
0.7458173566610377
892
0.5426304623201956
893
0.5501181675343959
894
0.6922564396804678
895
0.5659475315426006
896
0.601960815130725
897
0.7564587635915411
898
0.6402595096630123
899
0.5670384131694854
900
0.6867945954991505
901
0.5172655712725659
902
0.8683692225920597
903
0.6391641537992164
904
0.5432196493043451
905
0.4821734018151502
906
0.5487693792597776
907
0.5438771805467254
908
0.7370526848413343
909
0.5592346931108899
910
0.5604205666611063
911
0.6110599927914029
912
0.7247180959022331
913
0.629161196081869
914
0.5601704657602224
915
0.654254827603957
916
0.7356572120229159
917
0.8585806065161046
918
0.5482020909714862
919
0.6457993772111805
920
0.557504086133151
921
0.6240211440910755
922
0.6407162974731551
923
0.7416222967293374
924
0.5494077894642453
925
0.6502944968385006
926
0.8594849786193247
927
0.6314980277429577
928
0.6083809910057348
929
0.875319855347555
930
0.575222042987702
931
0.655576719875257
932
0.6287770325779771
933
0.6033309924902767
934
0.5787733811641113
935
0.8038556942839822
936
0.4888973141868259
937
0.7473768663593255
938
0.5844674381040117
939
0.7310889774554402
940
0.5087777531604715
941
0.6382282096025115
942
0.5578207529228463
943
0.5943292736454796
944
0.567555105706087
945
0.5739379065800678
946
0.6316023758731961
947
0.5243178207007495
948
0.524544035488659
949
0.6015133409072163
950
0.5767461282339567
951
0.6415320404212902
952
0.7275730995704743
953
0.5973263355479975
954
0.6819382661918194
955
0.8956616471139953
956
0.6060140026837998
957
0.6105450279783783
958
0.621572173235631
959
0.8281788596245261
960
0.6942713313103934
961
0.5117362471326343
962
0.5612505405599509
963
0.5741331557439918
964
0.7041263671891684
965
0.6776887712271796
966
0.5694371469618383
967
0.655029921186948
968
0.7073228143058105
969
0.5872358390735235
970
0.7346396007085091
971
0.5400463124248047
972
0.5991533028727553
973
0.6717435800747349
974
0.5778292779406498
975
0.49450419150694536
976
0.7128938658441623
977
0.7006054891148946
978
0.810457214614591
979
0.9050950246675243
980
0.5922394775226975
981
0.5216759748904869
982
0.5289648683388817
983
0.5917905965873761
984
0.5495786551948553
985
0.5241909495643001
986
0.6169635719107709
987
1.0170898549150622
988
0.5626520970080562
989
0.6077429587233873
990
0.5675545775473237
991
0.911026974176336
992
0.6503835518601969
993
0.7465477381781335
994
0.5376600757573975
995
0.5610135173499665
996
0.5575667609268048
997
0.5892977132462796
998
0.6689315186084224
999
0.6867204315541514
1000
0.6716144730980886
1001
0.5996342044677444
1002
0.5816392048347748
1003
0.7240416175587919
1004
0.7763557035746566
1005
0.6252106271205077
1006
0.468412046065086
1007
0.6584852083431647
1008
0.5648858915708395
1009
0.7134729897869606
1010
0.7095366234307243
1011
0.7090633618033597
1012
0.7680106967374936
1013
0.5722132223997668
1014
0.6052263804926192
1015
0.5447499416102626
1016
0.6428967511677843
1017
0.7084989745693734
1018
0.672120264752041
1019
0.5825770731174147
1020
0.7202753843519675
1021
0.5502596506407784
1022
0.5831180113932116
1023
0.7888540621988458
1024
0.5353995168041819
1025
0.7334549302000374
1026
0.6342134619850202
1027
0.5785567823923706
1028
0.9256820280802861
1029
0.8092818659422141
1030
0.7122378145875458
1031
0.8082542505056951
1032
0.5910366994132997
1033
0.5820358870850584
1034
0.840904045665128
1035
0.6484557828793277
1036
0.586149855350317
1037
0.5708164075897926
1038
0.7492317192304827
1039
0.8039719232806483
1040
0.6697089092881648
1041
0.736861799237736
1042
0.7042477612908619
1043
0.6920928831598937
1044
0.5724213568092075
1045
0.5247758732617199
1046
0.6531721283761032
1047
0.8077411017300606
1048
0.7483238859230095
1049
0.706868216733625
1050
0.813969220899646
1051
0.786096220543645
1052
0.55373818981649
1053
0.5853709997115785
1054
0.744099125158311
1055
0.7401199959162956
1056
0.5348831024088881
1057
0.6256321061800098
1058
0.5879274796333552
1059
0.6062869441340822
1060
1.0058224695385252
1061
0.674422755502974
1062
0.5198854963429652
1063
0.6538111189689633
1064
0.7784817534228862
1065
0.6339208994382725
1066
0.6829332916066513
1067
0.5976641801182948
1068
0.6549601255835742
1069
0.7146520963259912
1070
0.6444060568451777
1071
0.6857807444517847
1072
0.6543382446334068
1073
0.8715438117884324
1074
0.5762488508959194
1075
0.6775619847544188
1076
0.5665750605974641
1077
0.6368220407962675
1078
0.7486632864947715
1079
0.7523217371008256
1080
0.6764622217715627
1081
0.5275318960715759
1082
0.483797803628223
1083
0.6886150342966226
1084
0.5148980325845927
1085
0.7672316721459176
1086
0.555952587798978
1087
0.7544590151279787
1088
0.7258942353297334
1089
0.6825652333279025
1090
0.6151561717147821
1091
0.5616024744789931
1092
0.7890557301428736
1093
0.6419630135486093
1094
0.7272663943124493
1095
0.6370628829912907
1096
0.7067174803846938
1097
0.6125334131783904
1098
0.6905954981665828
1099
0.6202254621629456
1100
0.642489918788683
1101
0.7298163263564011
1102
0.6402641008950444
1103
0.7554151424477163
1104
0.7179054554363835
1105
0.6610785565682299
1106
0.7188768842698882
1107
0.6117682019794446
1108
0.858600655126439
1109
0.6164086361390755
1110
0.9375684632504183
1111
0.6661739413872164
1112
0.5628918764228837
1113
0.5613865949376162
1114
0.6085718529728626
1115
0.5535043858267991
1116
0.5247137311189772
1117
0.4903891269937196
1118
0.5092738520798715
1119
0.7924003006777669
1120
0.6060300305366975
1121
0.6349763330885622
1122
0.5668076476597871
1123
0.6125351045688567
1124
0.7186242075607918
1125
0.610202026852639
1126
0.7930090857803691
1127
0.6941970906195426
1128
0.687171769486857
1129
0.572306224618121
1130
0.5448746768457509
1131
0.6194186539401927
1132
0.4572449558280309
1133
0.857884883654106
1134
0.6594070164516793
1135
0.6250145274079516
1136
0.6021464154215166
1137
0.808808902790572
1138
0.7589997464251476
1139
0.6461744824154567
1140
0.5333932779307295
1141
0.5470434107302903
1142
0.7014754566859422
1143
0.567124745015557
1144
0.6481368246317543
1145
0.6848106028561147
1146
0.6570743699190624
1147
0.4756694861650133
1148
0.7381757113985384
1149
0.5503881336473369
1150
0.9003816675975628
1151
0.5445488554298052
1152
0.6628521492791336
1153
0.7586948811767987
1154
0.728439615849798
1155
0.6095097542773367
1156
0.9474504526888894
1157
0.6770188035920344
1158
0.9372884736003022
1159
0.7079982831288606
1160
0.5257629131885171
1161
0.6322252550673143
1162
0.5999761753408119
1163
0.48496246587796615
1164
0.4745879626860245
1165
0.5414197836460253
1166
0.48038080301194935
1167
0.8340237330677058
1168
0.6408835604699905
1169
0.6804372559697822
1170
0.49082353544697876
1171
0.6322025013243212
1172
0.6715858236508087
1173
0.6649014967900874
1174
0.5073762621160662
1175
0.5347192586829791
1176
0.6542881625884476
1177
0.6853014956990012
1178
0.5736787220602075
1179
0.5801948162082811
1180
0.6850377123504363
1181
0.6795964175925043
1182
0.68643198840308
1183
0.7280181004443422
1184
0.5766008068513939
1185
0.5055368592568472
1186
0.6683589403825393
1187
0.9118040378416107
1188
0.8093914713153065
1189
0.4682512044225782
1190
0.7189463670458863
1191
0.6728098015774889
1192
0.5922363798828782
1193
0.5201810419752086
1194
0.734780462600772
1195
0.5698168408282381
1196
0.6480619756836191
1197
0.5578925332829883
1198
0.5329561460765437
1199
0.5517337134103564
1200
0.5706596162204194
1201
0.6273045608543076
1202
0.6485499425050189
1203
0.7694549516077677
1204
0.624001885037826
1205
0.6232432680954632
1206
1.22322229508108
1207
0.49662612722338123
1208
0.7974678841442617
1209
0.5481108944281559
1210
0.5880518927110587
1211
0.5876209106542667
1212
0.5253138872135157
1213
0.6241541284656452
1214
0.6096715934838762
1215
0.6353211986226485
1216
0.6773957966834783
1217
0.507933905530175
1218
0.6717042122936517
1219
0.5604650544359957
1220
0.5628103225108263
1221
0.5582033709171151
1222
0.8210297211006506
1223
0.5866011917910482
1224
0.721867522763099
1225
0.7388520103194287
1226
0.6368795345036086
1227
0.6001523730752139
1228
0.6852174797882907
1229
0.5635099640016564
1230
0.8254019394471875
1231
0.6319171022654728
1232
0.6751850971228333
1233
0.559790524779771
1234
0.5862690889321436
1235
0.7976458283537353
1236
0.8446413242776384
1237
0.6407728609431859
1238
0.7166435255967366
1239
0.772633454605831
1240
0.6421648338179982
1241
0.5183275261914725
1242
0.6934526125209902
1243
0.5403641334007158
1244
0.6386540953001053
1245
0.5632957340489718
1246
0.45800462878876236
1247
0.7090321984867808
1248
0.7328434667974013
1249
0.6244910697416359
1250
0.5404877332475191
1251
0.6658708029913573
1252
0.6606796892020589
1253
0.7789138425132928
1254
0.5760767533497719
1255
0.5788107062031461
1256
0.5191197365162304
1257
0.5293521981032515
1258
0.5511771837748498
1259
0.6399433086060522
1260
0.5955451038810098
1261
0.7643247083076539
1262
0.6064654365784661
1263
0.7293774372296464
1264
0.5907554511636556
1265
0.5219632599429683
1266
0.5585725050636962
1267
1.142092445384811
1268
0.5138521411780621
1269
0.682835133259775
1270
0.6778859166162964
1271
0.5517950252592985
1272
0.6656809383857581
1273
0.6535754280670267
1274
0.7194454293320393
1275
0.5915172761285924
1276
0.7304931137867666
1277
0.6425432159003281
1278
0.4951406752698595
1279
0.6767221461757744
1280
0.5803467413626394
1281
0.6285819951173193
1282
0.6954865018681429
1283
0.5307807580931926
1284
0.570278057023807
1285
0.6524617715358959
1286
0.6064541272310244
1287
0.5734207435230115
1288
0.5765667869516162
1289
0.6313619314050004
1290
0.6291067633898224
1291
0.6084343660730072
1292
0.6572217460979286
1293
0.9833450685465247
1294
0.608514218509698
1295
0.705351949929743
1296
0.6135863543205967
1297
0.6917801221345603
1298
0.6484636374327241
1299
0.5691512067870635
1300
0.8503481630617005
1301
0.6837810848906944
1302
0.5247119125248353
1303
0.8993047389002419
1304
0.7006927826725838
1305
0.517404546999345
1306
0.6745887895234541
1307
0.6796631154527464
1308
0.572775896964587
1309
0.7407429982598851
1310
0.5711383390887442
1311
0.7095551119219765
1312
0.544365975515611
1313
0.5662704074369862
1314
0.6150142375290325
1315
0.7583516124663572
1316
0.6237025772362232
1317
0.558415338229137
1318
0.5370479902056634
1319
0.6884682147825639
1320
0.7035796914116087
1321
0.7742250922312586
1322
0.5801877982450653
1323
0.8863151961060708
1324
0.5791889420294054
1325
0.5940378487769867
1326
0.5806853462600496
1327
0.5515506450122665
1328
0.6081729979124709
1329
0.5950317302139795
1330
0.5532783542769912
1331
0.5985486252256168
1332
0.5903765157798363
1333
0.4768449376068851
1334
0.6044091207051385
1335
0.6501216526230038
1336
0.6035224904731785
1337
0.9341356408234367
1338
0.5670437980892191
1339
0.5448150197550231
1340
0.5481931196393238
1341
0.6417953937980952
1342
0.5812453511674047
1343
0.8559956086754246
1344
0.5275711669012777
1345
0.6396242090526
1346
0.6810962898534069
1347
0.7770107281943817
1348
0.566300978367464
1349
0.6651101806415048
1350
0.6031524581418934
1351
0.5550888503370273
1352
0.6198787959154106
1353
0.561817125366196
1354
0.6369755049421573
1355
0.7104382608208312
1356
0.6360810100390039
1357
0.5457953104529122
1358
0.9498709094781823
1359
0.6427903517886635
1360
0.5612238057745558
1361
0.690208751170327
1362
0.6737355353673419
1363
0.5190244113799779
1364
0.5131922737159177
1365
0.5806749196588711
1366
0.5985448509456225
1367
0.6165779000539702
1368
0.6702290266127642
1369
0.5991411928224347
1370
0.6499241921564135
1371
0.5191477884841497
1372
0.5477199135560631
1373
0.6781763411734493
1374
0.5243954298272423
1375
0.7203804477566078
1376
0.55909378215961
1377
0.492166536821394
1378
0.7171529600289257
1379
0.8318261753448472
1380
0.6501738402880229
1381
0.643564767043793
1382
1.1194452962747368
1383
0.5091785756889522
1384
0.47761901026446335
1385
0.6989072606477128
1386
0.472350531080335
1387
0.6123746289220424
1388
0.6070671526472377
1389
0.4626444024196288
1390
0.5623704946714362
1391
0.6899881078587925
1392
0.5663317212918711
1393
0.7603673977847789
1394
0.5673381803311369
1395
0.6085798442954333
1396
0.4944791284606359
1397
0.7613695036088143
1398
0.5680577855143728
1399
0.5926718277025993
1400
0.48222271104276
1401
0.6330695201765272
1402
0.6030296851221219
1403
0.7836701897709887
1404
0.773922349652166
1405
0.7924793486220488
1406
0.5778004798741347
1407
0.9203975965306819
1408
0.5778192695312208
1409
0.5761514065618113
1410
0.7392564148711653
1411
0.5883372452593154
1412
0.4882392577784829
1413
0.49403227817958634
1414
0.6576415725151341
1415
0.7240369951256521
1416
0.7519235901332306
1417
0.5787310271702107
1418
0.5977748090042041
1419
0.6904540643670807
1420
0.639538531948897
1421
0.6606180837782825
1422
0.7087766658681043
1423
0.7756023615068827
1424
0.6186274861011394
1425
0.637479782115571
1426
0.5621299538466568
1427
0.5066379722265398
1428
0.8793270068010628
1429
0.477865896982996
1430
0.5442176041400407
1431
0.6520278162097375
1432
0.5902872642497363
1433
0.6881443968094205
1434
0.4686230557134687
1435
0.7285876300073886
1436
0.5922245406357749
1437
0.5437578449929357
1438
0.6857289937447296
1439
0.6888052286658518
1440
0.7660926817836928
1441
0.6202386731423157
1442
0.6588563716138387
1443
0.547893402708044
1444
0.7006143829829816
1445
0.7554877433452771
1446
0.5132534447752487
1447
0.5668424653707882
1448
0.6303033252595888
1449
0.5537379353131838
1450
0.5574905996895445
1451
0.579944032744915
1452
0.7381221369661315
1453
0.8866120825496845
1454
0.6002925888803659
1455
0.5433364610211775
1456
0.6596009378011773
1457
0.6878508822426155
1458
0.8067614647734856
1459
0.7725901653179006
1460
0.5689083108627999
1461
0.6841495079019349
1462
0.7946458211492076
1463
0.832378435184108
1464
0.5568909668300298
1465
0.6496545416555118
1466
0.5389374090271443
1467
0.6989193248122517
1468
1.03087759853672
1469
0.5804791619946753
1470
0.75000488265719
1471
0.5356633202867032
1472
0.6506633529358544
1473
0.6632578729489258
1474
0.7133682940497268
1475
0.7044587038630988
1476
0.6000802434401056
1477
0.6260033445617902
1478
0.6661310959028578
1479
0.7032276310274538
1480
0.6817716783496581
1481
0.5436695267792563
1482
0.539157000131459
1483
0.7527069227281831
1484
0.9126954213001115
1485
0.6509378293047402
1486
0.7587466053402463
1487
0.5191675754382579
1488
0.8211502452993458
1489
0.5798763477096605
1490
0.6590785153408343
1491
1.0109860865889944
1492
0.495115279965933
1493
0.5820633712442266
1494
0.5484282726637266
1495
0.6555691830088377
1496
0.5260645601528209
1497
0.6679149192502098
1498
0.5413859297027234
1499
0.5047430775676475
1500
0.5090065842886802
1501
0.56798473472251
1502
0.6329628311740062
1503
0.6330444325105297
1504
0.6334907961167918
1505
0.7048729126675736
1506
0.5679714056144246
1507
0.7290984282414454
1508
0.7128480767997033
1509
0.7022945010531131
1510
0.7645493802549459
1511
0.6020205620974389
1512
0.6626890787383957
1513
0.690572502175781
1514
0.604884684077285
1515
0.5527502058369183
1516
0.6150124814202842
1517
0.7568637166398753
1518
0.5432043473440339
1519
0.8567751322161278
1520
0.5683466038927886
1521
0.6220943253910383
1522
0.5247414303231396
1523
0.6923334882357781
1524
0.7871279923159437
1525
0.6551947906656369
1526
0.7151184634467416
1527
0.7097692083256526
1528
0.6470521174148169
1529
0.44220067794041557
1530
0.8418848637947858
1531
0.6526413083638151
1532
0.626007721289353
1533
0.639296154736937
1534
0.6058175402812741
1535
0.5651416818549186
1536
0.6144540266627359
1537
0.6896816458111454
1538
0.5692782651548358
1539
0.7187701220320748
1540
0.7770666865764639
1541
1.0169977125603797
1542
0.6099876003101097
1543
0.6020602857460247
1544
0.6826087782280749
1545
0.6613536248468268
1546
0.6313861739852943
1547
0.7889583591149879
1548
0.6237269091593423
1549
0.4769538371623309
1550
0.6061143398928562
1551
0.5089967395340728
1552
0.603717472973013
1553
0.5287739766399484
1554
0.7196309804117049
1555
0.5286887697357909
1556
0.6200290023473852
1557
0.7333514884462742
1558
0.5795677983056362
1559
0.7218216307828557
1560
0.5271489322838575
1561
0.5028101589456888
1562
0.7000886527384901
1563
0.565673293735057
1564
0.6338395343392754
1565
0.5105473655655913
1566
0.5921610782675598
1567
0.5571570139004183
1568
0.7411253942646985
1569
0.7388540025938926
1570
0.7870713384858373
1571
0.5791499776755743
1572
0.5814653422012852
1573
0.6470167946917718
1574
0.5081141642162665
1575
0.6895419502523147
1576
0.8649345431201075
1577
0.6215691164611068
1578
0.7069499703937254
1579
0.5121618628668685
1580
0.6954726839573591
1581
0.6568445213844084
1582
0.5618912724857574
1583
0.6674257590366408
1584
0.8712594970906572
1585
0.6693886877331082
1586
0.6144042377521433
1587
0.6199634312128846
1588
0.5786132555182582
1589
0.5230244475801048
1590
0.7010900320798642
1591
0.5325641508520426
1592
0.5859419431630453
1593
0.5809949069932352
1594
0.614367880445379
1595
0.49010433997768404
1596
0.5315226309047845
1597
0.5848536567813846
1598
0.9564145323591247
1599
0.6049873680234791
1600
0.8148847528662401
1601
0.7117700621047555
1602
0.6683641031867222
1603
0.571837048055088
1604
0.6321873891747484
1605
0.5124654558819594
1606
0.5342513386305076
1607
0.6321084821000639
1608
0.6400155793399608
1609
0.7352095931925505
1610
0.643854873998251
1611
0.5846726954107495
1612
1.1163455552759378
1613
0.5833949566826375
1614
0.5507233235983509
1615
0.5078504408341891
1616
0.6793305083180666
1617
0.9739383327151113
1618
0.6043096178558369
1619
0.6666881268988907
1620
0.6145423193821896
1621
0.807184641763231
1622
0.5963408538788031
1623
0.6302896514330243
1624
0.5836286658937191
1625
0.7127037582046313
1626
0.8795406745719029
1627
0.7996394153890027
1628
0.6965942896649732
1629
0.6603357846174548
1630
0.6548611926251269
1631
0.5680661845045062
1632
0.6657599779634156
1633
0.7357930912957424
1634
0.6291986742694405
1635
0.5505903581800236
1636
0.6053318556204541
1637
0.6430962762635349
1638
0.6436989522093813
1639
0.6150762267352656
1640
0.5882581836319423
1641
0.6721166001392979
1642
0.5376299698462519
1643
0.527844698261239
1644
0.5887149354641908
1645
0.9431322056188488
1646
0.596965050905812
1647
0.6462620795328777
1648
0.6735138936616921
1649
0.6332560873965641
1650
0.5426048220000457
1651
0.6154704835630972
1652
0.6222153486693947
1653
0.5667474276078541
1654
0.7998647990098489
1655
0.55730687079936
1656
0.766975866635588
1657
0.726848822817854
1658
0.670071190315166
1659
0.7093448732540959
1660
0.6641768614078014
1661
0.5444860895153103
1662
0.6546028706595975
1663
0.8015237377705186
1664
0.569227772831714
1665
0.7541586386919673
1666
0.5493589605298713
1667
0.772032756572881
1668
0.5230294486827785
1669
0.7431841968640353
1670
0.599188512621532
1671
0.6141531752102597
1672
0.7013101496274103
1673
0.5769020364244168
1674
0.5287412281674093
1675
0.7116657218102156
1676
0.5911790592377664
1677
0.6891428062849344
1678
0.6778132662867403
1679
0.7880594015963025
1680
0.6336437516835612
1681
0.5643291845898623
1682
0.7964078246772192
1683
0.5474591353832977
1684
0.49110912509515536
1685
0.7336273055652386
1686
0.8294740727005214
1687
0.6914021457211894
1688
0.6021418328960912
1689
0.5743191825331494
1690
0.5527694117390701
1691
0.7246706509364137
1692
0.6546642427057968
1693
0.5280195320735972
1694
0.9959784469102809
1695
0.6125549581644346
1696
0.7786238149514896
1697
0.8257054419798001
1698
0.7115157270464469
1699
0.46973289665947016
1700
0.6701442104104837
1701
0.5646828477363403
1702
0.7206001816888861
1703
0.5802933888593207
1704
0.5987115935310912
1705
0.8379779568963167
1706
0.5638458588781886
1707
0.5550375705354204
1708
0.7959157332244192
1709
0.4905753658951429
1710
0.5882512493787959
1711
0.6074924141547483
1712
0.8960707078542048
1713
0.6214457384272584
1714
0.6367478579129894
1715
0.8221756426997656
1716
0.8075056628511735
1717
0.5615459930428156
1718
0.8272101497501916
1719
0.6495126144646524
1720
0.5814647896487553
1721
0.8408892306546022
1722
0.7674801636939313
1723
0.7893031300507564
1724
0.5314529694177164
1725
0.7436779574622745
1726
0.8077385816490142
1727
0.5562238668001533
1728
0.5673923824500352
1729
0.6993372631618566
1730
0.552265387509713
1731
0.5337396449139945
1732
0.7102013051799083
1733
0.6496756099333607
1734
0.6268502891092239
1735
0.5620394147471895
1736
0.5662227606067775
1737
0.5881185450549669
1738
0.7810286551334851
1739
0.5761528417998564
1740
0.6166438684530668
1741
0.7525811802600422
1742
0.683935379790479
1743
0.5413403127059175
1744
0.5203447465235742
1745
0.7195120524551634
1746
0.9121818159011279
1747
0.5679552003234318
1748
0.7366965763586464
1749
0.7581662004597747
1750
0.5206301319384802
1751
0.7236091306258735
1752
0.6716173386201679
1753
0.8742441964672911
1754
0.5132134205969063
1755
0.6047910448066592
1756
0.6196887211194815
1757
0.9083814753174635
1758
0.5435122504850354
1759
0.6089564953050621
1760
0.7132566764302002
1761
0.6119058966331573
1762
0.5606828585352294
1763
0.8240537809175688
1764
0.6600462597913012
1765
0.5543501860894265
1766
0.5237061867685616
1767
0.7105852187840503
1768
0.6357756851189927
1769
0.7651768245253119
1770
0.59886111112958
1771
0.6370076637097702
1772
0.6742346856543836
1773
0.5420459071130023
1774
0.645416160089125
1775
0.5852586424922763
1776
0.6886262099615542
1777
0.623932963412758
1778
0.7533868219760116
1779
0.6158273843013631
1780
0.6204998023126106
1781
0.5815079190802733
1782
0.6846486642460474
1783
0.7270876133667573
1784
0.5675436179396126
1785
0.8267865227261935
1786
0.8012336879186699
1787
0.5497853850021434
1788
0.9531624162500651
1789
0.6186596542656327
1790
0.6381400959825397
1791
0.6125621464862212
1792
0.5819916305549475
1793
0.6061944733183169
1794
0.6888987571387257
1795
0.6762719670111261
1796
0.5672560284313725
1797
0.5288682736579583
1798
0.5559413931064261
1799
0.720085871560858
1800
0.6626008720279962
1801
0.591687836567552
1802
0.48620880271314776
1803
0.7196384088672942
1804
0.7966581622316268
1805
0.7301899527842407
1806
0.9689466766366105
1807
0.526469888100506
1808
0.6516352751624549
1809
0.5761304730421014
1810
0.5935134076665999
1811
0.7430342462409704
1812
0.6997598186007159
1813
0.6580031981751013
1814
0.7313085320176995
1815
0.595761071276766
1816
0.679854808241622
1817
0.8151697649778519
1818
0.6691642619176797
1819
0.630742568725312
1820
0.768106692396224
1821
0.5703589295275309
1822
0.6450501530492957
1823
0.6438983990081603
1824
0.5510585670995124
1825
0.6585399291040754
1826
0.6964727695387128
1827
0.5776044354765506
1828
0.5154261011367479
1829
0.5974773792857078
1830
0.7189106007147742
1831
0.7149689165413857
1832
0.5596578713924881
1833
0.6770858104211304
1834
0.7915767453462006
1835
0.6535549340095314
1836
0.7997395718212053
1837
0.8040069305427141
1838
0.6958587603810442
1839
0.5553214130369121
1840
0.5562166701681613
1841
0.68313677881598
1842
0.5599139792937069
1843
0.5612258800032115
1844
0.5299077909149824
1845
0.7293637129303079
1846
0.5783725212151836
1847
0.7046273910290701
1848
0.5912378305082268
1849
0.5131839667837157
1850
0.6254992518029596
1851
0.557840975663837
1852
0.7230428447189328
1853
0.7281688568510638
1854
0.5434089025880972
1855
0.5600765049038559
1856
0.5281273250548614
1857
0.6929865937040991
1858
0.5484174143789093
1859
0.5179875962749896
1860
0.6021413690183322
1861
0.6141542257231154
1862
0.49508634953206315
1863
0.7430970743726226
1864
0.5972420061749287
1865
0.5367253033824704
1866
0.7400143948674809
1867
0.819879338391205
1868
0.8024209546383388
1869
0.617604525417775
1870
0.6641210744708564
1871
0.5578259605621196
1872
0.772462607227441
1873
0.7569476918713096
1874
0.7895672622911236
1875
0.6392160378505467
1876
0.5783412377483856
1877
0.5253039127302432
1878
0.5522331153105908
1879
0.6033953867661594
1880
0.6751159095105848
1881
0.5996110859719919
1882
0.5576774162847747
1883
0.6926157684900847
1884
0.549089506682237
1885
0.5135679694117681
1886
0.655169997670921
1887
1.0555957785347612
1888
0.6475388276779721
1889
0.673982221914915
1890
0.7122590382601954
1891
0.7631176696141972
1892
0.6288073830702987
1893
0.7042814162023655
1894
0.5913560556564659
1895
0.5489565906287562
1896
0.7859756257642514
1897
0.5081624637220119
1898
0.6344148525295585
1899
0.4867967474409625
1900
0.6377338676993617
1901
0.6034835992775178
1902
0.5819612174471867
1903
0.6189051070929885
1904
0.6295107890372659
1905
0.6509154956680765
1906
0.7463078366534031
1907
0.6051961857733699
1908
0.7866662951265655
1909
0.6155800145185457
1910
0.612819891779615
1911
0.5463519715412986
1912
0.5229602943313497
1913
0.5282841384401005
1914
0.6158080434023617
1915
0.6807675216045974
1916
0.5463563823589275
1917
0.5958331162698144
1918
0.544754520529126
1919
0.5852420686978688
1920
0.6106319949306167
1921
0.6838176773425237
1922
0.6109006627884617
1923
0.7828501737973048
1924
0.6780903821850298
1925
0.6685282538080123
1926
0.52203302945347
1927
0.5824028152667493
1928
0.6177403110822802
1929
0.5361784941443383
1930
0.6828749328932402
1931
0.6000661723806241
1932
0.6656784043079216
1933
0.5649682939037791
1934
0.8936239210633526
1935
0.7149600471713103
1936
0.5454780850380082
1937
0.5819934614890396
1938
0.5882654310166269
1939
0.5960600456644468
1940
0.6799181804958264
1941
0.8907750128616475
1942
0.5313985415513797
1943
0.5885085255081036
1944
0.6151583652807565
1945
0.5176938136525846
1946
0.5438309993126375
1947
0.6335196981877396
1948
0.6507738266834936
1949
0.5915001359797297
1950
0.8309956669570101
1951
0.8463596729082639
1952
0.6246468170168124
1953
0.7052853476372901
1954
0.515563014925153
1955
0.5141756629263864
1956
0.5850062044031271
1957
1.0123877195928472
1958
0.6388443162681199
1959
0.5349940278420329
1960
0.5537768942892686
1961
0.5662239506457055
1962
0.6313979056188017
1963
0.6541936862819785
1964
0.5601058109974936
1965
0.49235907289664327
1966
0.5416241561521471
1967
0.5983547915135319
1968
0.5386505386371406
1969
1.1242773006764912
1970
0.7377128375666379
1971
0.8626051963210549
1972
0.5481157048360868
1973
0.6476241406530244
1974
0.6153515607063003
1975
0.7293811276888366
1976
0.853113310447149
1977
0.7363731661357439
1978
0.7162611306333923
1979
0.7169413698516349
1980
0.6909307989498548
1981
0.6148314863267696
1982
0.6203799392683097
1983
0.5870880867708517
1984
0.6631674457599389
1985
0.5891523606607781
1986
0.5717637755155832
1987
0.5498390261590114
1988
0.5233495736323119
1989
0.5131544230706898
1990
0.49625860325625215
1991
0.537526629649409
1992
0.6345877928715675
1993
0.6176363073534487
1994
0.5785022074009635
1995
0.6793861521716311
1996
0.6279103701550929
1997
0.5585846914311944
1998
0.7273359066464385
1999
0.6042005268055496
2000
0.555825786026996
2001
0.6914544215106082
2002
0.6834205217773581
2003
0.6301143997798615
2004
0.8205779564131616
2005
0.48777729450385815
2006
0.5940081143864218
2007
0.6647487890845605
2008
0.5268201906779936
2009
0.5893752096743824
2010
0.9686938055206682
2011
0.5978107547568443
2012
0.6444928821087567
2013
0.5487269494494327
2014
0.703304583772917
2015
1.144202158997691
2016
0.6343262043370137
2017
0.612501265143688
2018
0.538881220212462
2019
0.7307141739361815
2020
0.7131540744090044
2021
0.5270409429150608
2022
0.6283570180286303
2023
0.5578321121518248
2024
0.6614656349692528
2025
0.595907978082775
2026
0.7011010587863075
2027
0.6275406136896811
2028
1.046174782835028
2029
0.7507634554325274
2030
0.6859447632937621
2031
0.7437563630912809
2032
0.5531556787704901
2033
0.802231652761273
2034
0.6392883945840636
2035
0.7091187667706734
2036
0.6521727481410625
2037
0.7282779194668002
2038
0.5761616808529338
2039
0.5839355960881502
2040
0.4845382491252533
2041
0.5470066809429354
2042
0.5548119005370975
2043
0.6185273069067091
2044
0.7808387339394196
2045
0.7019714971814767
2046
0.6208388728630596
2047
0.6596433953463203
2048
0.5873656873362887
2049
0.5338502800762066
2050
0.7410531509114346
2051
0.7360133212223383
2052
0.732451737702203
2053
0.8400373964669958
2054
0.6017296851334021
2055
0.650670666856246
2056
0.7797502827857794
2057
0.5048420675862452
2058
0.5834148884464788
2059
0.6502400042300036
2060
0.5263403563266958
2061
0.6503561335916085
2062
0.6545458076854089
2063
0.7985067161851541
2064
0.71897613966012
2065
0.5713909578067301
2066
0.7571702112753709
2067
0.5950335562496014
2068
0.696892374822175
2069
0.6088698984327837
2070
0.7747411084280986
2071
0.6270355523185777
2072
0.6460810478168274
2073
0.5564414242337439
2074
0.549726354869767
2075
0.5725719297359831
2076
0.5375574453390967
2077
0.8180925911584737
2078
0.5465537753328176
2079
0.8974237073342628
2080
0.6255080895650926
2081
0.6196471137782861
2082
0.7640055285058153
2083
0.8666482034704869
2084
0.6708923618722881
2085
0.6015025039088777
2086
0.5842540711227255
2087
0.73239386418997
2088
0.7685355059068492
2089
0.7562996824337379
2090
0.6602390625152759
2091
0.8360728193080553
2092
0.7471757057557732
2093
0.7162755968673664
2094
0.5445813567787036
2095
0.589051032735432
2096
0.5939291864208589
2097
0.5765528798429587
2098
0.6518102010024592
2099
0.5073764252812789
2100
0.7456064057980452
2101
0.6313380313024501
2102
0.5754833162934446
2103
0.5355377634388727
2104
0.6594801553652337
2105
0.6006096343665871
2106
0.6847682825978799
2107
0.5961432641400989
2108
0.6071117772686757
2109
0.723648027529466
2110
0.6677542581722855
2111
0.814821311793575
2112
0.5619548519642381
2113
0.7842220630121135
2114
0.6000353714416545
2115
0.6787556350439028
2116
0.9060347254988615
2117
0.5988637142544742
2118
0.6925565331698369
2119
0.7394119280561607
2120
0.5869579237803233
2121
0.6334158027456087
2122
0.6218633738225511
2123
0.5861900411541888
2124
0.79638252486664
2125
0.756618337424826
2126
0.5828584861394157
2127
0.7266202853522391
2128
0.5211671441453518
2129
0.7211933165019958
2130
0.6226607130872155
2131
0.5894590306001066
2132
0.702387502989194
2133
0.570880919091384
2134
0.6166883584898076
2135
0.5468825991214818
2136
0.7487031182285099
2137
0.5586119424998659
2138
0.607262428272255
2139
0.6258250802599752
2140
0.5343608214516261
2141
0.5148050050445899
2142
0.6036580665240007
2143
0.6932987574959483
2144
0.72404726027348
2145
0.5477329183707936
2146
0.6981876357022763
2147
0.7808548318105455
2148
0.5860905823185159
2149
0.4628073030054565
2150
0.5910920431306655
2151
0.6000448820493093
2152
0.7969881973919184
2153
0.5465099360897587
2154
0.5639767977803343
2155
0.7557567335691845
2156
0.5594941565585647
2157
0.4754879993371352
2158
0.6472981806620626
2159
0.503063271319468
2160
0.5834936579992791
2161
0.626090232165953
2162
0.5565848456509068
2163
0.5503680359647369
2164
0.6100375115595928
2165
0.7473384617909851
2166
0.6883182361071282
2167
0.6550122294960236
2168
0.6040119500133936
2169
0.6643933079527472
2170
0.7168261143666664
2171
0.7343929859806878
2172
0.5752046564168437
2173
0.6542894955391645
2174
0.6531165166289251
2175
0.5252904459810193
2176
1.074652407231339
2177
0.5865380551207099
2178
0.7016371850129599
2179
0.6968326791230317
2180
0.5495954433769825
2181
0.9430496633544545
2182
0.5602289747311595
2183
0.7006528207068983
2184
0.6406379948884107
2185
0.6312122499962122
2186
0.6493416864520251
2187
0.5480384301353335
2188
0.7197570647090887
2189
0.6761883784035231
2190
0.5888979923619708
2191
0.7508017236506653
2192
0.6334253677491776
2193
0.6041896646252882
2194
0.7037887202370573
2195
0.7601455990681674
2196
0.715684338138157
2197
0.6222300381239961
2198
0.6358340038904847
2199
0.5371711925928706
2200
0.5454525372184186
2201
0.6090743268547509
2202
0.7766140134309841
2203
0.6322556552882502
2204
0.5992881669958255
2205
1.0644480660994335
2206
0.5690232514554854
2207
1.1289980230395977
2208
0.649751398712382
2209
0.5848292069976635
2210
0.5392470889403285
2211
0.514096501530651
2212
0.6835261898326795
2213
0.5925318269046354
2214
0.7142537149289004
2215
0.6157218355504204
2216
0.7979742945799388
2217
0.5612354028177635
2218
0.5111830622026082
2219
0.6361814046933058
2220
0.5639193579526857
2221
0.5322607926268754
2222
0.5286281718828494
2223
0.6369521420873095
2224
0.6289439535474395
2225
0.55076464216306
2226
0.670820271141752
2227
0.5904492495727504
2228
0.4679975766998492
2229
0.8252495774490819
2230
0.564261558022274
2231
0.6777785263665748
2232
0.6223074067423607
2233
0.6757242129251986
2234
0.606653018147153
2235
0.6290044965315721
2236
0.7906421449921578
2237
0.6607209604747757
2238
0.5234733400523524
2239
0.8833782878101895
2240
0.5196727626008181
2241
0.4641680024805565
2242
0.8416133865229123
2243
0.6675270338737218
2244
0.6712772660777696
2245
0.6736370085556853
2246
0.557843485388366
2247
0.6323985845685758
2248
0.7217875676355728
2249
0.5352301562304541
2250
0.6052832004828548
2251
0.5332521281421856
2252
0.5963478834000049
2253
0.7606398611383478
2254
0.7047874485763532
2255
0.5306226690436849
2256
0.7771056763705847
2257
0.46536427740659336
2258
0.7707259436511079
2259
0.578706860233504
2260
0.6025908497669972
2261
0.7004117093012295
2262
0.8640234856950514
2263
0.5114280559664914
2264
0.6547701217624976
2265
0.6317416622444447
2266
0.6087442613104549
2267
0.5253663744353154
2268
0.7142471153390493
2269
0.8538079506401935
2270
1.028210705754872
2271
0.6622239853713975
2272
0.7960000417802033
2273
0.6235694823617938
2274
0.6303421370623041
2275
0.9567704396912614
2276
0.6217474326649822
2277
0.6718235964165304
2278
0.7104447908664518
2279
0.5895719989478707
2280
0.6930714244080436
2281
0.5885217121021153
2282
0.7218497287649764
2283
0.6215908837617886
2284
0.6911612405375878
2285
0.579270132219322
2286
0.6496727784528369
2287
0.8496897029270626
2288
0.58416119107898
2289
0.6363717261956223
2290
0.5697200263503586
2291
0.6645462790559203
2292
0.820912937426045
2293
0.6402260268139124
2294
0.741975901231031
2295
0.5161327796145607
2296
0.6609193609195176
2297
0.7307261327695673
2298
0.7891202609631454
2299
0.8873516041249362
2300
0.6323982662759271
2301
0.48887297844374084
2302
0.6128449893425957
2303
0.6924048135060666
2304
0.5244648057329966
2305
0.718225234061666
2306
0.639411292898128
2307
0.6750153509532296
2308
0.6267623241123507
2309
0.5314958972564572
2310
0.5641065162044789
2311
0.7419526953539892
2312
0.5675392803380654
2313
0.5866225830294681
2314
0.6572760177364184
2315
0.8011445953945266
2316
0.5790675267543517
2317
0.7226095157295127
2318
0.657908012630165
2319
0.9372565713841439
2320
0.595334726184452
2321
0.48687604534162904
2322
0.8942066768278574
2323
0.5923332864716206
2324
0.5255057018128393
2325
0.5004922176848071
2326
0.6695618590557333
2327
0.6248456966742857
2328
0.5342711542805735
2329
0.7831914332889288
2330
0.5880138032658689
2331
0.5925390278205535
2332
0.6522226639818048
2333
0.5300510625121431
2334
0.7828768566763629
2335
0.6995251338286574
2336
0.8282697066954776
2337
0.5406195698626403
2338
0.48749879320588224
2339
0.787013898252087
2340
0.5952961003727804
2341
0.8853110315944208
2342
0.7499269178453636
2343
0.648524896072805
2344
1.045794636884904
2345
0.8352806438472495
2346
0.5759046960335784
2347
1.0823106830790536
2348
0.5847170124752936
2349
0.7425475732393686
2350
0.5733416228997831
2351
0.5896377714767254
2352
0.5782483925182734
2353
0.604414097043141
2354
0.671683391307249
2355
0.765344145524166
2356
0.8593827570885327
2357
0.6019794667310228
2358
0.5184113376904367
2359
0.8427233365100357
2360
0.5534921425116317
2361
0.6135902519218933
2362
0.5902120288770202
2363
0.683296580160384
2364
0.5296730791092374
2365
0.5819812850708617
2366
0.6212196871502632
2367
0.6582461254438718
2368
0.7428392777977237
2369
0.6095065403957741
2370
0.6731711439829482
2371
0.8733735895257381
2372
0.7526666390067551
2373
0.6723191908171762
2374
0.9236027169398453
2375
0.6233541700272254
2376
0.5128379990713563
2377
0.6509217024043397
2378
0.659253080414985
2379
0.5222876429592571
2380
0.55045017307944
2381
0.4869067026043514
2382
0.4847525865204715
2383
0.8753354017328313
2384
0.5771087914506641
2385
0.7106264621942681
2386
0.8227972814226271
2387
0.6038251544929459
2388
0.594957150805215
2389
0.9544279646413878
2390
0.6359079696743002
2391
0.6014554875897514
2392
0.5386355202825227
2393
0.6199417699042277
2394
0.5054395331416939
2395
0.6696867206811413
2396
0.5533736407306885
2397
0.5567570991185868
2398
0.5169661179045045
2399
0.7504899013514276
2400
0.8143008433778324
2401
0.6004402929258504
2402
0.6513308925934671
2403
0.541671627323691
2404
0.5751438401315646
2405
0.7507393800330915
2406
0.8311385138358565
2407
0.5924211157853914
2408
0.7012414708720196
2409
0.7013965948644338
2410
0.5480999257886539
2411
0.49819504522513375
2412
0.6800745143974738
2413
0.6382321609450118
2414
0.6450134620892557
2415
0.6280057850784745
2416
0.7778146574512003
2417
0.5789089246094405
2418
0.7502482206450554
2419
0.538023814347138
2420
0.5438288599267499
2421
0.6429967520071158
2422
0.8466258145564157
2423
0.6100598192360214
2424
0.7410569309802945
2425
0.6414443213762158
2426
0.6007600066915575
2427
0.6231395180167942
2428
0.7225933046253177
2429
0.5460569870215726
2430
0.5897553724822944
2431
0.6913813388303282
2432
0.6848630726688865
2433
0.6899183405215055
2434
0.6654752342507552
2435
0.8079568667385926
2436
0.5515068954057687
2437
0.6923956306484633
2438
0.5471036449351782
2439
0.5057139920532902
2440
0.5353572966804111
2441
0.5917132447024803
2442
0.692331571013928
2443
0.6915134809636737
2444
0.893538790061786
2445
0.8325139309060801
2446
0.660148233187085
2447
0.6911420296586938
2448
0.6548598751395583
2449
0.5307245065554693
2450
0.7834196752826852
2451
0.6293998258695279
2452
0.596298978677612
2453
0.7303788900844087
2454
0.8081474421127364
2455
0.4624088088698979
2456
0.6744540396943003
2457
0.7059769530864867
2458
0.5538605665754683
2459
0.5600271548184973
2460
0.562569018213373
2461
0.48200183060916285
2462
0.46104550978252995
2463
0.514779808841605
2464
0.696918855547142
2465
0.5515857431717586
2466
0.6980749903434323
2467
0.5449485297046639
2468
0.6655401251956065
2469
0.6050868451243547
2470
0.597179577158573
2471
0.6007609212463659
2472
0.864585018725707
2473
1.1482085104790796
2474
0.8091679051432105
2475
0.634823598257244
2476
0.6047543587033004
2477
0.6944316099088811
2478
0.6603337693724837
2479
0.6614848907335973
2480
0.4753093401739666
2481
0.44747108996494905
2482
0.8277634682408894
2483
0.8019610168823771
2484
0.6424452558915648
2485
0.8457684594246739
2486
0.602048200394993
2487
0.5052069136465631
2488
0.754038581208111
2489
0.6116196017529284
2490
0.5167348418155587
2491
0.6305008911945188
2492
0.7294417285708263
2493
0.482723731612682
2494
0.5496061698983232
2495
0.6172274462671692
2496
0.7065060729241315
2497
0.5565662811642119
2498
0.5279971930881115
2499
0.6392240875309673
2500
0.6459805449868213
2501
0.5445608928199551
2502
0.759389352488696
2503
0.6435077114978031
2504
0.800935209752529
2505
0.6830998599157262
2506
0.5304592993245971
2507
0.6117969677040043
2508
0.9038871847957619
2509
0.7745546226369148
2510
0.524875732408172
2511
0.979861809976508
2512
0.6397367274935792
2513
0.8285046003153429
2514
0.8609324308883843
2515
0.539744700520504
2516
1.011361211213939
2517
0.6686022738476185
2518
0.5967490529053102
2519
0.6669032899481503
2520
0.6742341710513388
2521
0.5374902642126027
2522
0.7994991465118294
2523
0.6373325333209604
2524
0.5693309059114379
2525
0.5766727627481549
2526
0.6424567737549072
2527
0.6481084201084684
2528
0.6284027459231357
2529
0.5851913979592749
2530
0.8854903346409951
2531
0.6564432052103779
2532
0.6121960584654688
2533
0.8355828233819745
2534
0.6919411536587066
2535
0.6483266605197847
2536
0.5233474343592196
2537
0.5283583417826204
2538
0.6173290849535799
2539
0.533343278558994
2540
0.6123298503601843
2541
0.594732628250527
2542
0.7536439296290744
2543
0.5692777651553034
2544
0.72494575144614
2545
0.6041840040901701
2546
0.8592089026467717
2547
0.5836509276927099
2548
0.5751239121662949
2549
0.5040231461596227
2550
0.7724140163928096
2551
0.6413739719012458
2552
0.7407475463921076
2553
0.6853902434041308
2554
0.7190564410368565
2555
0.708210955292857
2556
0.6553583958188895
2557
0.7984098350553671
2558
0.5860249272558142
2559
0.6991903739229656
2560
0.8779273057404937
2561
0.622641382624657
2562
0.6388026692146664
2563
0.586513731846142
2564
0.6085223632765326
2565
0.7003891665658943
2566
0.7249391433993467
2567
0.47812493082944035
2568
0.8860948793779827
2569
0.606649181507161
2570
0.6146610375226965
2571
0.9773438955616304
2572
0.6604607073843061
2573
0.8660647127524831
2574
0.6975033985858609
2575
0.6695295305483705
2576
0.7223650524518928
2577
0.5704487267099225
2578
0.974153775686809
2579
0.5632000593370956
2580
1.129055607527583
2581
0.5589243402073438
2582
0.5849008813720501
2583
0.6587563999487401
2584
0.6586523549263301
2585
0.6633604844139033
2586
0.8696438775982103
2587
0.5921926397102877
2588
0.9553107227666577
2589
0.674276810608476
2590
0.6112142532472946
2591
0.7471855495447405
2592
0.6483515764052704
2593
0.5916072469301106
2594
0.6922389791306885
2595
0.6067765182363082
2596
0.7319608939071669
2597
0.6841177715868608
2598
0.604010118679415
2599
0.5736932505596101
2600
0.5948363964812655
2601
0.7015670884573301
2602
0.6202979203016805
2603
0.6463178005812918
2604
0.5757246153042243
2605
0.7070440026073775
2606
0.7756125156003693
2607
0.66005224263129
2608
0.6075701658330995
2609
0.4918419492457752
2610
0.5682219716445183
2611
0.8558600168696165
2612
0.7502667335486256
2613
0.7917383823743436
2614
0.4956439048846724
2615
0.7803728294626078
2616
0.5565371626715349
2617
0.5560241755460374
2618
0.6798032862686346
2619
0.9704506912993788
2620
0.7191946515606003
2621
0.5496563480118678
2622
0.5449337974970726
2623
0.621332490933599
2624
0.7166044919555847
2625
0.6842817864039432
2626
0.5867658602291375
2627
0.5924559464576212
2628
0.6739239071310765
2629
0.469043767017982
2630
0.885564731107127
2631
0.4587464916385017
2632
0.5885813022917684
2633
0.6685199966975724
2634
0.5876872301914866
2635
0.6282845780295564
2636
0.7172228116012319
2637
0.6815083312019998
2638
0.7656294165099116
2639
0.7422698712505037
2640
0.5833066510536524
2641
0.9241816298134172
2642
0.8022909655964316
2643
0.48830856637447806
2644
0.7080848503128548
2645
0.6134812600285604
2646
0.7093439108085621
2647
0.6099020460046143
2648
0.5209966244371175
2649
0.670266533732437
2650
0.7141712614243191
2651
0.641746460158959
2652
0.8614167328487209
2653
0.6852149847834318
2654
0.5401267564297273
2655
0.5867816329617499
2656
0.8392001494788932
2657
0.5632986001952065
2658
0.5222304429127215
2659
0.7538758087723001
2660
0.5495750998054959
2661
0.621953956424452
2662
0.5717154370232621
2663
0.6188431290687882
2664
0.5399925443423493
2665
0.6993649435300278
2666
0.7503922150408366
2667
0.6768141978625329
2668
0.560812132301387
2669
0.5733656961637844
2670
0.5441523926213766
2671
0.6519403209131999
2672
0.6635442508997683
2673
0.7835801610189737
2674
0.5267100182096365
2675
0.5626313868836205
2676
0.7092617654635971
2677
0.6949368145461677
2678
0.552113323085325
2679
0.6070776635879843
2680
0.7684809166686887
2681
0.6642616266943167
2682
0.6037262269828515
2683
0.610361055678233
2684
0.584802491358832
2685
0.797436668825376
2686
0.5712756912692968
2687
0.8045615842616766
2688
0.7040093375461903
2689
0.6633527217333544
2690
0.5322869384177108
2691
0.6660181542224741
2692
0.6809718961718851
2693
0.6120512312335172
2694
0.8143137919381876
2695
0.5530145847270094
2696
0.7579455967495582
2697
0.654908828874578
2698
0.7426421610648108
2699
0.542893706332651
2700
0.7010370413372958
2701
0.6285986555808326
2702
0.7425873218405937
2703
0.5002027951066749
2704
0.5541741535680142
2705
0.5962161898171688
2706
0.8274660400389193
2707
0.6867189750415389
2708
0.7660716168378704
2709
0.5732739543535813
2710
0.5353174517906993
2711
0.6692960920811779
2712
0.5841340438538636
2713
0.5087851227806789
2714
0.673014543422368
2715
0.7315881658436136
2716
0.5819608137674243
2717
0.5680291195057899
2718
0.5182483050460038
2719
0.5472094298369015
2720
0.5161189224702071
2721
0.5430425713121945
2722
0.7217439312008916
2723
1.073134731570252
2724
0.5667891738995058
2725
0.5950199828703712
2726
0.4977241712219721
2727
0.5925242585763322
2728
0.6911170763947125
2729
0.8087543910951411
2730
0.5861605554762033
2731
0.6014315891640557
2732
0.48685534132504177
2733
0.5385531135468593
2734
0.602032632730095
2735
0.6553094594786806
2736
0.7448995996032529
2737
0.7227736941890531
2738
0.5276686115019756
2739
0.7979344593605655
2740
0.5358933876492082
2741
0.6468786641427215
2742
0.685609048507474
2743
0.6565972697987248
2744
0.5553203685847006
2745
0.6374761974350639
2746
0.5087560629458621
2747
0.6210237037771157
2748
0.6353314202914992
2749
0.543527721035185
2750
0.5098370560273615
2751
0.5367150744877447
2752
0.7117989672445748
2753
0.6103016558273279
2754
0.5926674635411636
2755
0.5821121477128179
2756
0.526640738411071
2757
0.5249964142826332
2758
0.525966077645837
2759
0.5228499866804627
2760
0.5120980481762085
2761
0.5999815530295959
2762
0.5092652280453689
2763
0.569944817473585
2764
0.5861442884381122
2765
0.6614651778395816
2766
0.5819385741378404
2767
0.5654305041272364
2768
0.9806515795199652
2769
0.6169347647447211
2770
0.4609071565850586
2771
0.6475180171661329
2772
0.6159655522686286
2773
0.6381878007938581
2774
0.5270552959507395
2775
0.786756537553014
2776
0.5731654661007775
2777
0.513445589804696
2778
0.778855907459028
2779
0.5449755519545648
2780
0.9491569779149192
2781
0.5613606017968114
2782
0.7330434110938602
2783
0.5559660136993649
2784
0.6854708105724231
2785
0.6323714255272914
2786
0.6614889136253848
2787
0.923456487790529
2788
0.7423421237000437
2789
0.67261011267165
2790
0.6752946816170121
2791
0.6179018793756819
2792
0.5919439993694322
2793
0.6213602271940519
2794
0.5647081338176767
2795
0.6254455339166478
2796
0.5491761495511674
2797
0.6112544980507596
2798
0.5825359000519011
2799
0.5423889754200365
2800
0.7339118788039389
2801
1.0448893790258613
2802
0.5221767772099386
2803
0.5877529169455359
2804
0.6101669132629983
2805
0.6282254129680652
2806
0.5359256086236786
2807
0.5528803002973377
2808
0.5597591172739136
2809
0.5824718316862989
2810
0.667881369480631
2811
0.89391475569748
2812
0.6001341215132523
2813
0.5858399237758147
2814
0.8543854524536068
2815
0.6037421451900712
2816
0.5385371076456995
2817
0.4929884619460071
2818
0.6653278635236471
2819
0.5004927242120103
2820
0.5141195260846213
2821
0.6092347567654001
2822
0.5595129509160861
2823
0.7234941244417284
2824
0.6183101372656878
2825
0.5164241180911348
2826
0.6107003410394656
2827
0.7344375719237934
2828
0.6730174147192478
2829
0.5718610685686312
2830
0.6730947591331735
2831
0.719170548345043
2832
0.5572513138031405
2833
0.6557116014496845
2834
0.7170938217848802
2835
0.6748646087939694
2836
0.628311218394106
2837
0.5931164799848848
2838
0.5825829839167543
2839
0.701900989850031
2840
0.7161877767033134
2841
0.7361066644286013
2842
0.554319664337957
2843
0.5864565818995661
2844
0.7466800821432893
2845
0.8546985207011903
2846
0.5462433607825404
2847
0.5689351059027478
2848
0.5633292628402885
2849
0.6961211332638889
2850
0.5458022050444495
2851
0.6378692921770053
2852
0.6005966957543001
2853
0.5144080706580306
2854
0.7213871429632159
2855
0.8951580151520612
2856
0.6061540171112935
2857
0.8291594200521332
2858
0.6747988671928541
2859
0.5603195781201868
2860
0.677331412955205
2861
0.47458859072608794
2862
0.8245646071012976
2863
0.6956114262440156
2864
0.5332554661739021
2865
0.5554339770961071
2866
0.6793296144944811
2867
0.7198703686001309
2868
0.5713464017837978
2869
0.587891892222178
2870
0.6862815268055389
2871
0.5139980865954346
2872
0.5558342184145804
2873
0.5410119285523799
2874
0.5762763332461783
2875
0.53560120838266
2876
0.6471404585344513
2877
0.608595061081152
2878
0.5882174641871346
2879
0.7914226317741718
2880
0.538807171109326
2881
0.6293435565229254
2882
0.6386893309442386
2883
0.5785330745614516
2884
0.6004894267452916
2885
0.5570250550970408
2886
0.6423188550142322
2887
0.5168048143151394
2888
0.5766696218403472
2889
0.5896099397763644
2890
0.6594659414694509
2891
0.6289313444256488
2892
0.6110563350311916
2893
0.5758692540763818
2894
0.5441973356131884
2895
0.6976195869175706
2896
0.5875871896393563
2897
0.7027566052537677
2898
0.6829523381510025
2899
0.4944206819315063
2900
0.8624307572458688
2901
0.6440009297753431
2902
0.5455103850200089
2903
0.8479767979075497
2904
0.5790075970486631
2905
0.7439962388347082
2906
0.9186841612195403
2907
0.6104371942978585
2908
0.6459241929782218
2909
0.8186766586831101
2910
0.6153335757917447
2911
0.47857649408978303
2912
0.8921141897602575
2913
0.6797878500996773
2914
0.5555015238772025
2915
0.695646347123364
2916
0.627295524699243
2917
0.5658117427132655
2918
0.802446844002541
2919
0.6026756688163674
2920
0.6209971693019026
2921
0.6365528661942607
2922
0.966227680920285
2923
0.5922724294951324
2924
0.6141913560334541
2925
0.6876949019144761
2926
0.7778356521580958
2927
0.7000279628845655
2928
0.6445028749315378
2929
0.7046706959873802
2930
0.67727202971606
2931
0.6207868180294743
2932
0.5859259196305769
2933
0.6884005006061374
2934
0.5825910781331204
2935
0.5940587563994812
2936
0.5051813422388998
2937
1.0203482619970736
2938
0.7789425606030979
2939
0.5798562236133592
2940
0.519848788653194
2941
0.8403095696049225
2942
0.5691643425467976
2943
0.567104018383343
2944
0.779327712825357
2945
0.4867957666886623
2946
0.5773242923248251
2947
0.5076877715650036
2948
0.6112944134588418
2949
0.7135069443540338
2950
0.7458789421433418
2951
0.5838733722085573
2952
0.64307015091195
2953
0.5179281703462788
2954
0.5328364715814803
2955
0.5086588304518037
2956
0.7090517667038051
2957
0.54107352519212
2958
0.7243879211766611
2959
0.6872244810058702
2960
0.5168157449249908
2961
0.6842778681433624
2962
0.5878888092502738
2963
0.7275016646008938
2964
0.7505816766099591
2965
0.7673126373828074
2966
0.5405959301821393
2967
0.5725113778882763
2968
0.800793743828422
2969
0.8028126596404418
2970
0.599877087481392
2971
0.4907632430051393
2972
0.5540153093097904
2973
0.5310626074832112
2974
0.6929861404278559
2975
0.9550007319425625
2976
0.6512033206153097
2977
0.503064545217019
2978
0.5333615472819185
2979
0.628656300380591
2980
0.6962278088999319
2981
0.4424108647960027
2982
0.6344918935922118
2983
0.605245700613342
2984
0.4567305561404019
2985
0.5631980596236017
2986
0.528116689758039
2987
0.6970187083163405
2988
0.6324225918803337
2989
0.6708671350110261
2990
0.6979931176214038
2991
0.7616713218307064
2992
0.7114233273998047
2993
0.6131206770031827
2994
0.5831172772736387
2995
0.569623481367131
2996
0.5373407363966409
2997
0.8729940950612902
2998
0.5701409041692307
2999
Mean MAE: 0.6492611556824918
