nohup: ignoring input
0.33333333333333337
1281
427
0.9840849898286101
0
0.5266630750874972
1
0.7616283790777133
2
0.9807967398691226
3
0.6708683008466153
4
0.7879864726493322
5
0.6579390555304371
6
0.5475336835431216
7
0.49282519927793633
8
0.7730640020981533
9
0.6247410228929771
10
0.9598151216097003
11
0.9363432924636826
12
0.6328435050565887
13
0.5539401591891542
14
0.6488173732124886
15
0.8292035792517521
16
0.625323897671001
17
0.5740114504180129
18
1.0914306327396863
19
1.434059125849675
20
1.0621624574205497
21
0.8442731395719424
22
0.6872432478474928
23
0.4934141836638847
24
1.1559904369676892
25
1.1992264430365875
26
1.1924984056547787
27
0.5987910698384815
28
0.9142864210253229
29
0.4479123678085322
30
0.5792029228951903
31
1.1656571807442133
32
0.5132220032112956
33
0.9736206536717155
34
1.44246480156157
35
0.871007218685988
36
1.365945747581349
37
0.6730228751039788
38
0.6540662344137272
39
1.361986674913988
40
0.6564109525202193
41
0.5315169613451748
42
1.3988464855566591
43
0.5738584320405428
44
1.1154510952302326
45
0.8094909137724815
46
0.9663776341801839
47
1.567777534260667
48
0.8482884487349891
49
0.9491978733623753
50
0.542709841710475
51
1.0511200610780398
52
0.939224015514592
53
1.0786584039717106
54
0.9125489009794525
55
0.8583287570416819
56
1.0347975819374773
57
0.9208430101536204
58
0.9868240971198038
59
0.6109346391243323
60
1.0204389068104491
61
0.5402681974613545
62
1.0149152409105295
63
0.5558341837878178
64
0.6735092582037839
65
0.5320655750468078
66
1.6103507505666017
67
1.416827572865018
68
0.5685267445737012
69
0.6406826158702429
70
0.9296218299622596
71
0.8584833133032811
72
0.668575823795213
73
0.5772210398541257
74
0.5245629171769206
75
0.7097471210024936
76
1.0191204581389934
77
0.6152737773714361
78
0.7177866954266343
79
0.5349708151052367
80
0.5665398531540579
81
1.272567448281685
82
1.0016875529590767
83
0.5747262244211425
84
0.6303852099554275
85
0.5993503314305308
86
0.5471987991200902
87
0.7367171247978591
88
0.8975539084777943
89
0.9896901069187389
90
0.4725245558241572
91
0.7486950767219533
92
1.0970155611281827
93
0.5691242464538183
94
0.7028915981532944
95
1.1375187551636607
96
1.2154612486827838
97
0.6296045918253741
98
1.7793112925053345
99
0.9360123379543605
100
1.9723166792823534
101
1.220218433929876
102
0.5278426144445161
103
1.0091910566568902
104
0.5873002232195893
105
0.9612024972039651
106
0.4946560377331101
107
0.5369029484434148
108
0.6847437863550585
109
0.5654694216271893
110
0.7822768098874138
111
0.9910279335192295
112
0.6400712332278048
113
0.7388568730796548
114
0.8003104455329315
115
1.209695554575294
116
0.5991494719504667
117
0.514606717630824
118
0.6547123177425385
119
0.7278344509215054
120
0.699523298530441
121
1.4350731989687717
122
0.7472459818655441
123
1.256928595580141
124
0.5952001948167991
125
0.7735793402330856
126
0.4888381764205254
127
0.5693674399200925
128
0.7514708950537823
129
1.2159494853242734
130
1.0967190060420555
131
0.6515489722324795
132
1.550970752126128
133
0.8497133015050009
134
0.9455772064584674
135
0.5648181983414498
136
0.9685600471031043
137
0.6381088568623221
138
0.9192065179861683
139
0.6261246461923812
140
0.7576058918039064
141
1.5257413659222088
142
0.8047823873413279
143
0.5820385271870949
144
0.5951824265154742
145
0.8115913748606068
146
0.6513303061918659
147
0.8524789883073681
148
0.5434522645691265
149
0.6101202725728233
150
0.5764439010587429
151
1.049509534993746
152
0.6046988186952641
153
1.07946303500148
154
1.7170622756165776
155
1.2181569488495143
156
0.8117769262820673
157
0.6441456480604435
158
1.4806069564263722
159
1.1074012343695963
160
0.61359994502383
161
0.7151424800236903
162
0.8234710701512385
163
0.7274541882903723
164
0.7553242229376487
165
0.612966052619393
166
0.9294460573986086
167
1.0529822086037781
168
1.0729939574927454
169
0.6346214198738407
170
0.889537359523817
171
1.731389728248628
172
0.8366270491888168
173
1.379180918458587
174
0.9388422693815046
175
0.5959019831327078
176
0.7301605688275008
177
0.6164053518372945
178
0.512061504041772
179
0.7674142267417136
180
0.7826065664353969
181
0.9895221374254354
182
1.091306258317201
183
0.6239514332130495
184
1.0043774295431491
185
0.7279507480185776
186
0.6554112689307706
187
0.6680433082448652
188
0.6033574548082519
189
0.6645043136683826
190
0.7567210967113656
191
0.7699188439941813
192
0.7328729200378588
193
0.7849943439428289
194
0.6590019943208926
195
1.3156619427072749
196
0.6245643126095192
197
0.7011208511529702
198
0.6716443198065719
199
1.1392633056768808
200
0.998187209449908
201
0.5862493190462044
202
0.8907421105064677
203
0.7609487212799855
204
0.8734218130128366
205
0.933834237245333
206
0.6907734007643246
207
0.5768231164637472
208
0.5831689418249767
209
0.832050475406714
210
0.7896816542779092
211
0.9898907040092345
212
0.5588196841571892
213
0.9236119531103206
214
1.0367408927001927
215
0.7370310366114402
216
0.5441490528066721
217
0.9522366252256148
218
0.49141694019030047
219
0.5920017364715844
220
0.6551296514161634
221
1.0138259597757684
222
0.9050341547575631
223
0.9076355890088855
224
0.49507753059697707
225
1.0049755306744057
226
0.9383324359984813
227
0.6761999794719182
228
0.8486300346836003
229
0.7952776982038332
230
0.786975832774988
231
0.6898266410976384
232
0.7099311977891751
233
0.5932276035896888
234
1.0302418144567242
235
0.711342395060687
236
0.6974395403910738
237
1.3626469115454682
238
0.802912438314986
239
0.7313345637583186
240
1.0677783953080737
241
0.5362364603161431
242
0.7111521906204457
243
0.6929794480394001
244
0.9236602263326424
245
0.7887532125495522
246
0.7391302649928309
247
0.6758050030176709
248
1.296180903842031
249
0.9048514834172499
250
1.0151955366805137
251
0.9175986323687119
252
0.5024723186429769
253
0.8230481023176592
254
0.7128110708324888
255
1.1573700359074839
256
0.591931798668019
257
0.6968720398515008
258
0.8629034153958529
259
0.5459419043066608
260
0.48642542007646633
261
0.8422808439137819
262
0.5486620350671788
263
0.7929979489829637
264
1.7123269426930832
265
0.5759311509324357
266
0.9841069342951451
267
0.646216922430735
268
0.5901994531435398
269
0.8808327225682725
270
0.6478473680137777
271
0.499262246062634
272
1.1011866657178415
273
1.051525395164229
274
0.6504205242347035
275
1.291620667460449
276
0.6549827677816555
277
1.555045920359214
278
0.7802765917095521
279
0.5786206024573802
280
1.289695466953578
281
1.0334604055291103
282
0.9078447544465815
283
0.6339017175704336
284
0.5934695604327682
285
0.9200737133986809
286
0.5028209805771283
287
0.4765217300900408
288
0.5597243752080023
289
0.7095756166817443
290
0.9577175730646946
291
1.1605656151782537
292
0.6240081102515912
293
0.7706037010788634
294
0.5759500974996428
295
1.5170907044326594
296
0.5870992575601044
297
0.7332634760736533
298
0.847755843903252
299
0.7152636183317637
300
0.6822731747348187
301
0.6797458738782434
302
0.5533932211929321
303
0.6272962676242526
304
0.8773996115643805
305
0.5747939469750408
306
0.7233718718330537
307
1.280446465223791
308
1.8570769838223562
309
0.5955115215529979
310
1.0481336947509676
311
1.0058158254869372
312
0.903225596931924
313
0.8828296516211933
314
1.3237293887854227
315
0.6733125062371407
316
0.8228444318831849
317
0.946739606005595
318
0.6179511561789448
319
0.6824995699293579
320
1.2091591357319238
321
0.6821075376077135
322
0.5119521474157452
323
0.904460423184592
324
0.8559805701269257
325
1.677184710806708
326
0.8471289638931642
327
0.5750404769440145
328
1.0687858851238605
329
0.7868661816640635
330
0.7366375458534956
331
0.5769552017391459
332
0.5952798766187742
333
0.5033900579562589
334
1.394580797205702
335
1.4429169887181927
336
0.7281717247060241
337
0.6007954937932057
338
0.5943207614775731
339
0.6593896514738454
340
0.5916322841905618
341
0.8517342703795011
342
0.6608277978173804
343
1.7293450311708942
344
0.9543791555182672
345
0.8815212304117873
346
0.6334230849502589
347
0.6282919742158767
348
0.6928888420361753
349
1.7886848695482698
350
0.5663230685785324
351
0.5570184991804202
352
0.9347887197125225
353
0.6494483990662578
354
0.701412909382312
355
1.9851283389220082
356
0.9322468516762541
357
0.7597785782183006
358
0.6032341618444528
359
1.3962799646881077
360
0.6730372638819446
361
0.5775609302714
362
1.875779467947195
363
0.674644136492685
364
1.0708399190563174
365
1.234509577408564
366
1.5381106744920434
367
1.2194143270233586
368
0.812144374843991
369
0.6495548854121995
370
1.1471440315648735
371
0.8463146630905831
372
0.8406114218360892
373
1.072271812137448
374
0.9660029993420461
375
1.0066043434913727
376
1.3603420238752857
377
0.9136337915342436
378
0.6020655722028393
379
1.123106955753845
380
0.5087942768575644
381
0.8684487590018349
382
1.8526286666782765
383
0.518013228726509
384
0.7782075047338817
385
1.2108585000149743
386
0.8437125257998822
387
1.1505835742448187
388
1.5947797506748225
389
0.6494656929287657
390
0.639915766359176
391
0.7265002520842136
392
0.7353755272881818
393
0.99826335307375
394
0.9676403407594608
395
0.6416836270521724
396
0.9459424519608413
397
0.5646812824789246
398
0.9236246663611927
399
0.5787399643133023
400
0.5676877280363962
401
0.8105976114059454
402
0.8901369222850629
403
1.0270847749243281
404
0.8157267010686642
405
0.5691589375512648
406
0.6022444142811777
407
0.7719059205869473
408
0.8679041028555982
409
0.6001426510507631
410
0.5716891682106592
411
0.6066469896696906
412
1.2075964487246018
413
0.589075193297222
414
1.1832958757527556
415
1.058926039278221
416
0.8437120916744855
417
0.5293699230106355
418
0.8100680010270684
419
0.7249852607433537
420
0.6064809158519096
421
0.9620201859650138
422
1.1978922822274158
423
1.182625338350158
424
0.7940653454390743
425
0.9648400246226226
426
1.5859260658365333
427
0.9264296116570393
428
0.5122268033833808
429
0.6158752663513317
430
0.9717278431285638
431
0.948949697841995
432
0.5798231641558713
433
0.9218208931547475
434
1.16793452773097
435
0.9833875788616525
436
0.6188633923811699
437
0.6075172457071228
438
0.5696879193094094
439
1.0734764072597516
440
0.6267298525985949
441
0.831293582361465
442
0.6477811220943107
443
0.5959994361516449
444
0.779508947930366
445
0.5969408220386604
446
1.4557269381758222
447
1.3115011207723095
448
1.2570361036681104
449
0.8984912814112799
450
0.8243897142742395
451
0.6722643474433104
452
0.5782310763191666
453
0.8630323055008295
454
0.5930660176827138
455
1.0415169441985574
456
0.8999650619710392
457
1.3269407836060352
458
0.732560952508433
459
1.6103056826796842
460
0.6736135234856606
461
1.1517418170936582
462
0.6808837073075286
463
0.8614617567375966
464
0.6565677679211065
465
0.8700079010940107
466
1.4121677303105156
467
0.7692993403032584
468
1.7077588514501554
469
0.6602970159314577
470
1.2705114979795844
471
0.7701138770226603
472
0.9050417633456431
473
1.1327365331013202
474
0.8784291105143047
475
1.1353343037336487
476
0.6140787339363295
477
0.8545209860543236
478
0.9757473981754193
479
0.6587313711991937
480
1.4657740672337642
481
1.2309077025740027
482
0.7273536393335016
483
1.76091241124821
484
0.9822902924020421
485
0.6243924509225743
486
0.7112757542112638
487
0.7473979461978665
488
1.663811819198388
489
0.5976209808324806
490
0.9688976455983164
491
1.4105076760739728
492
0.525474891889341
493
0.6012504064792139
494
1.138686771163543
495
0.8747927590299414
496
0.5995379507718941
497
0.9719977728685899
498
1.0739844724123404
499
0.8235281920188602
500
0.6367250142098716
501
0.847077247286477
502
0.5388976057511818
503
0.8658040976759667
504
0.5366518093745073
505
0.7324335185041808
506
1.0732095295409656
507
0.5177059052528986
508
0.8929083202868336
509
0.7246781835674562
510
1.0726495653275685
511
1.6766560707331741
512
1.9988156388850578
513
0.8333774900391578
514
1.013847221230556
515
0.5204899406140696
516
0.6747330230596548
517
1.4261777467938253
518
0.736376423025258
519
0.5113951521635253
520
1.7554662533209853
521
0.7516637264915795
522
0.8000526782625238
523
1.033528834435683
524
0.49604383113239503
525
0.889100427327091
526
0.6321343628859698
527
0.6323832274388954
528
0.6140076738519472
529
0.6181239547575742
530
0.7125975501490076
531
1.0124918575778166
532
0.8096758745101053
533
0.7754835817810136
534
0.7132407034503181
535
1.4858749365501125
536
0.9137261667130526
537
0.9804171741071859
538
0.9140445070818697
539
0.6405083113873778
540
0.6636098715564049
541
1.058070036930789
542
0.781040979161433
543
0.8986294162376873
544
1.7442716433921486
545
1.013995259164398
546
0.9552608287645645
547
0.6422724750423411
548
1.2759106237745466
549
0.6398433069798477
550
1.2839431248450832
551
0.5626972726154186
552
0.5639887619963422
553
0.9622325151000269
554
1.2246646075348917
555
0.7112797384915576
556
0.9954138983184674
557
0.6921120098065253
558
0.6277096102659873
559
1.1081683404112515
560
1.1921765987992594
561
0.8552998159201612
562
0.5820816328406004
563
0.815455082625914
564
0.8695649341960866
565
0.5968469950764257
566
0.510801772896324
567
1.6791038159162668
568
0.5653682985411552
569
0.7940813067533065
570
0.5899371449919218
571
0.9748460787456364
572
0.5278611770377665
573
0.5985999837840368
574
0.7292017233090777
575
0.714739976073103
576
1.1013923461977853
577
0.8170597999602038
578
0.9068901603885929
579
0.60776302516988
580
0.9829023502051861
581
0.6623081389594349
582
0.5608299277113836
583
0.9482862227465375
584
0.6130704999030409
585
0.9711510169144314
586
0.5743597027950095
587
0.53671785268158
588
0.4608364122531727
589
0.8066512905440277
590
0.8579828581752771
591
0.5624733618527076
592
1.4549506628878728
593
0.5476991736758341
594
0.5336810364494766
595
0.6096878755079518
596
1.0003125294084727
597
1.161984684273962
598
0.6036768522351256
599
0.6280601737183978
600
0.8335407819917646
601
0.8163502646485329
602
0.6347777918957159
603
0.5946681210361819
604
0.6233551472037518
605
0.6939636087495413
606
1.9378216570764668
607
1.1201008094791227
608
0.8006912509788836
609
0.5853029840027112
610
0.6866711848584164
611
0.5930944789147738
612
1.236530279589112
613
0.5397774619747554
614
0.6666501997056913
615
0.8380328789511661
616
0.9657507199965103
617
0.9521525121207782
618
1.533038496209015
619
0.8121558263147106
620
1.0532629318308169
621
0.7715553587084706
622
0.7646768791196474
623
0.7178087813825141
624
0.5569073749531285
625
0.9991517827180205
626
0.5574547823268808
627
0.7572031635384273
628
0.571424618846406
629
0.566088425592388
630
0.7042150137178762
631
0.7682827750702379
632
0.820458238109179
633
0.9421856221739235
634
1.2580501419866732
635
0.6042113680892675
636
0.7609803037554167
637
0.9298873491561651
638
0.8443834879701079
639
1.3210859467073313
640
1.4301842788001426
641
1.116618923574072
642
0.4874297359821327
643
0.7485144329764667
644
0.9662207258733475
645
1.3158383059618537
646
1.2363569214765078
647
0.6702454266995448
648
0.5490341992730522
649
0.6571233709920146
650
0.5893165818988073
651
0.7231650584400532
652
0.5813622454621572
653
0.7288178713438571
654
0.8365987579244812
655
1.0314090547481574
656
1.0474324755969184
657
0.5541611869032377
658
0.823082105000787
659
0.7883668913465843
660
1.2311277849113214
661
0.5470217543463292
662
0.5409622187307569
663
0.938798028478148
664
0.8021475552720574
665
0.6309915691728577
666
1.033686183984053
667
0.5820336729056008
668
0.66792244237596
669
0.971168502905727
670
0.6615646091465706
671
0.5732889819263586
672
0.7597333837815538
673
1.0393044636695445
674
0.7086762187397889
675
0.5617432689086416
676
0.9239148772426445
677
1.3983560821374053
678
0.9555429255117537
679
0.8440935540382868
680
0.6275542002680139
681
0.5056373669310728
682
0.9500844212442068
683
0.8715915076593974
684
0.6557477550037585
685
0.5741957254299165
686
1.3506934121587064
687
0.6455128538025818
688
1.2305797566564571
689
0.9015606612764545
690
0.6423083309484233
691
1.6950267018682907
692
1.2963063482465351
693
0.8993827552677798
694
0.64731080256606
695
0.5343733499787301
696
0.8384815447926245
697
0.5677226122418823
698
0.5878973144135641
699
0.7241342433564057
700
0.9984210045834708
701
1.5085009748158753
702
0.5625941859773642
703
1.0053081444588576
704
0.5308117895450853
705
1.122481080158175
706
0.5735294334281694
707
0.7541041782586253
708
0.6228418556058474
709
0.6700081978230952
710
0.5339612415164253
711
0.5233339458844477
712
1.1322113382714185
713
0.6030761948561658
714
0.730204533578318
715
0.8569622773400376
716
0.7644862147230458
717
0.6766084145485207
718
0.6058800542219185
719
0.5476862336426174
720
0.9358988817790841
721
1.4559922765586115
722
0.5917276641322078
723
1.111572202294949
724
1.0828571251668178
725
0.9612730965238518
726
0.8867367148629807
727
0.8364505095298784
728
0.7575992634436639
729
1.2559406297184013
730
0.5792738327897078
731
0.7232209715831248
732
0.7610268208908264
733
0.9282140963574611
734
1.2396235277484444
735
0.5386759295772013
736
0.5469295546912457
737
0.9150554719871973
738
0.7660043297728805
739
1.1128419371833984
740
0.9455479957559809
741
0.800989083568446
742
1.1815381653498944
743
0.8056879140985029
744
1.080077202620188
745
1.2239532814277545
746
0.7046051107448907
747
1.0411311927241504
748
1.0117381277668038
749
1.1019277519892476
750
0.8894251784024817
751
0.7544429880505741
752
1.1677883992427973
753
0.9146685493025267
754
0.8657079562899802
755
0.5367072361415065
756
0.5919626914075726
757
0.7644849793331046
758
1.3085247326452853
759
1.8936681602933507
760
0.8531851658241746
761
0.9967331784051825
762
0.7109430651171298
763
1.1703729909359137
764
0.919803057787596
765
0.807068689776801
766
1.2594086184227071
767
0.639521746972952
768
0.5398234041452992
769
0.798387807132273
770
0.9057224581212506
771
0.676229658114729
772
0.6412974261990202
773
1.2686649409236397
774
0.8719435410950352
775
0.5602346845038586
776
0.7849708952330318
777
0.7343840699715785
778
1.08348742836577
779
0.7749900520788847
780
1.6526222766179193
781
0.7709741957964289
782
0.5827713500598352
783
0.8831503385485107
784
0.6567069777213758
785
1.00003790842188
786
1.124086821769922
787
0.7066958729072205
788
0.7257969966593396
789
1.0124710680398818
790
0.6714628990891137
791
0.9466494252944266
792
0.749308677585012
793
0.6663748838257044
794
1.4054040165997215
795
0.9728585532912298
796
0.5687835565660888
797
0.8880955828362008
798
0.6242346913873653
799
1.4604760997237973
800
0.8128054373263847
801
0.8101977978017408
802
0.795281176534672
803
0.8290349343622443
804
0.9125791581239362
805
0.7448242901542241
806
0.7879809839085274
807
0.7627543295980248
808
1.352353259169141
809
0.6850299509651397
810
1.5380853349962746
811
0.8479219571560612
812
0.5867021124520548
813
0.5030210087838839
814
1.1524735214234028
815
0.6234920073754048
816
2.143670391412719
817
0.48220689293008584
818
1.0808923426715062
819
0.9499426134898804
820
0.6655206384499323
821
0.5355429525442768
822
1.374841242544131
823
0.7933688427906338
824
0.5774328814053533
825
0.8202771152151324
826
0.7194803926702483
827
0.6959232000881713
828
0.6301340222416613
829
1.2514745458278127
830
0.8172221133470348
831
0.8104545424486281
832
0.9297133107968638
833
0.90988445318893
834
0.977791110309518
835
0.6129318106992854
836
1.68661187226254
837
0.8113232485168616
838
0.5789533382747336
839
1.4931436158645885
840
0.5553265327795466
841
0.9426322084825054
842
1.4570963487854478
843
0.6173666809294183
844
0.47956109463783514
845
0.9627610516039385
846
1.6429704459531076
847
0.5108604123010806
848
0.8238274886392254
849
0.6157647368725551
850
0.7538157728747892
851
0.5661890582200378
852
0.5949812455759406
853
1.0105763312995384
854
0.7494492409925786
855
0.830759892424697
856
0.6216128833340145
857
0.5559327587199703
858
1.0526562881580315
859
0.7323298126907382
860
0.5615540115574252
861
0.5072925963491263
862
0.5078662785069902
863
1.0210354095078042
864
1.7015149020691673
865
0.5524280554932128
866
0.5821693502745918
867
0.5154099066115166
868
0.47484352583135675
869
0.5872786160237232
870
0.5567739171473689
871
1.0983665869834616
872
0.8123388810873554
873
0.8774556070249017
874
0.5787408932694944
875
1.131960644815541
876
0.7047347006608625
877
1.064531572665173
878
0.6452480320515261
879
0.8445551874892738
880
1.0953237449792406
881
0.8427031541262442
882
0.7356644831724357
883
0.8906173356182772
884
0.9702384932674719
885
0.885532406376681
886
0.7268000707880359
887
0.854501335010821
888
0.8383702187523238
889
1.1970387338212924
890
1.1247531684507186
891
0.8903575273021767
892
0.48494456611741116
893
0.5653575882097082
894
0.9230621978580353
895
0.601448938610853
896
0.7416413599474134
897
0.7936797454032296
898
0.5991738373249383
899
0.6150714246397486
900
1.0052576684275059
901
0.8534233411445399
902
1.244927354703705
903
0.6312881073154313
904
1.064055995916354
905
0.6899594449467611
906
1.2724680502921852
907
0.7615740681924643
908
1.3922259374867256
909
0.7023918185737726
910
0.8835340262972556
911
0.7068373609348007
912
0.495965835356985
913
1.9606418328881823
914
0.5578374225495069
915
0.5740385232444601
916
0.9784409688772377
917
0.9258606964276014
918
0.7233738948986033
919
0.565883566345725
920
0.719129843629359
921
1.4337537786876473
922
0.6551857840251305
923
0.5685750961557993
924
1.1135683644795962
925
0.886391440551735
926
1.371499333301485
927
0.7018757900021602
928
0.6375924722897018
929
0.9826122398099049
930
0.5861679639539771
931
0.970436385215837
932
0.8523534869485617
933
0.5357857136454636
934
0.5438889943612419
935
0.9180507608800602
936
0.7502277837099552
937
0.9442273696815501
938
0.5955270459184201
939
1.549339290051786
940
0.6719201852447202
941
0.9955209373043143
942
0.513991831292177
943
1.1706192283591073
944
1.0331914816103251
945
0.6646900331601426
946
0.5254132759164356
947
2.2786755795388998
948
1.002415988443217
949
0.7320045176741274
950
1.5928018189828916
951
0.7561717891126133
952
1.4123774598541263
953
0.7026987931353794
954
1.8271714009531228
955
1.1328732634125425
956
0.564644123190894
957
0.7064941489209622
958
0.8204630376500278
959
0.913479818315322
960
0.5668676578358912
961
0.6142665124092401
962
0.6294326979034783
963
0.9681089920628957
964
0.6886667121337469
965
0.5396107426511092
966
0.4781510220330776
967
0.5868616003169421
968
0.6637907437040103
969
0.7273652499085468
970
0.5899491497400899
971
0.8059409799705688
972
0.5495877361778244
973
0.8592476506445317
974
0.7886154235140741
975
0.8445738772658471
976
1.528243136652354
977
0.99839645250793
978
1.0442188768897736
979
0.9826959564165106
980
0.7345318494731962
981
0.9132528054897563
982
0.7726485009266147
983
0.7576310458630067
984
1.0679870205260171
985
0.8719355317920338
986
0.8991795588247148
987
1.9871385865459668
988
1.3324893555399684
989
1.439804996757186
990
1.0027590366936658
991
1.0142032615529055
992
0.7333674533195055
993
0.8934673758710726
994
0.742300887704844
995
1.688278972570572
996
0.6048899324901332
997
0.655744443910864
998
0.5367094145688619
999
0.6861740212080916
1000
1.1785956443494623
1001
0.7699122510129155
1002
0.7232814025931668
1003
0.6034379682044255
1004
0.8191096459566348
1005
0.5636232499418842
1006
1.2010012537085746
1007
1.1150475306395355
1008
0.8392467821301691
1009
0.9343099151042438
1010
0.6249716452896699
1011
0.8143470349121409
1012
0.9784598482151459
1013
0.7140115300395545
1014
0.6770070832593331
1015
0.5080830824858272
1016
1.0031533014732557
1017
0.8975770024722783
1018
0.6420764434328383
1019
0.7558308843537215
1020
1.2490839771631137
1021
0.6798242619105039
1022
0.5608957655842954
1023
1.094814369359198
1024
0.6431340133605973
1025
0.5851986060091605
1026
1.0061230717427614
1027
0.7586079038800488
1028
1.1355314979525923
1029
1.1178596029404648
1030
1.0596248215699529
1031
0.8389201519161233
1032
0.5580470019440658
1033
0.8040645701829018
1034
0.720628511655801
1035
0.9197944133258363
1036
0.6347976667073861
1037
0.639270644870019
1038
0.49321749258947484
1039
1.3102067363205547
1040
0.6782056379720963
1041
0.7984087116463127
1042
0.7532618218764786
1043
0.8787846028825056
1044
0.7436181367815419
1045
0.5386855070798405
1046
0.5094871521471581
1047
1.200143720531511
1048
0.7704618301416543
1049
1.0153092936110335
1050
1.199405042491415
1051
0.7774720819040273
1052
1.7583212255323182
1053
0.6429694163927931
1054
1.9279819250886363
1055
0.9424334690667292
1056
0.8444579316322015
1057
0.6390094387024512
1058
0.578071637965625
1059
0.6207855585604162
1060
1.0178915448779495
1061
0.992386109376045
1062
1.517735656456668
1063
0.7607824317253858
1064
0.7814753181777797
1065
1.2572517068987021
1066
0.9920389527166064
1067
0.8051035422461846
1068
0.7042588844122757
1069
0.9128793720849864
1070
0.8541283098871147
1071
1.3536803341770764
1072
0.6647736263393463
1073
1.1191930030453183
1074
1.3742218877582857
1075
0.9124625972336382
1076
0.768755480970739
1077
0.5843478440452249
1078
0.7301732655381663
1079
0.6426803940213623
1080
1.390771399162554
1081
0.6470703359883535
1082
0.839398777730926
1083
0.7748201345824317
1084
0.721364144291728
1085
0.9782143841066661
1086
0.5666665037786128
1087
0.714797854724302
1088
1.047910420333624
1089
0.6578178353223707
1090
0.6702619829279127
1091
0.5732049810085501
1092
0.7809100163989992
1093
0.5948954112148943
1094
1.2558821718587578
1095
1.4611343864727429
1096
0.9006911907403432
1097
0.9373182803611523
1098
0.7124893404889152
1099
0.6157092489279865
1100
0.48816926375683034
1101
1.0508788684944537
1102
0.6467211503514197
1103
1.0532888891647842
1104
0.6430406765257267
1105
0.8612149564004827
1106
1.037429229554848
1107
1.5477458274878821
1108
1.813982862779998
1109
0.7934116400728849
1110
0.9544424796274146
1111
0.8470025414602331
1112
0.8049425196027077
1113
0.9510330270074956
1114
1.2388926558928097
1115
0.8338118655586928
1116
0.5682456168307507
1117
0.7241859748225948
1118
1.4555242807964783
1119
0.804866831853755
1120
0.645893723676045
1121
0.8463345123745059
1122
0.7431302672843174
1123
1.1551102569699239
1124
0.5368917007708498
1125
1.1022890057913246
1126
1.5214417883457272
1127
0.8500772869079009
1128
0.6644965166621257
1129
1.2094233703341897
1130
0.5522831918187467
1131
0.7406507518084454
1132
0.6833413942505775
1133
0.8614414615825031
1134
0.48395391052075676
1135
0.7311919651771588
1136
0.9380862446704832
1137
0.710507631358744
1138
0.8937382915577173
1139
1.3150807837020617
1140
0.5692757184373164
1141
1.3213480163156996
1142
0.5118778236249791
1143
0.4995267165140857
1144
0.6230626913826994
1145
0.6792378340737445
1146
1.1432108757283812
1147
0.771223808315177
1148
1.1284371823177852
1149
0.556744410428846
1150
1.0117571027947432
1151
0.621024798517346
1152
0.8796258872447845
1153
0.6625862334144388
1154
1.0476459134175629
1155
1.7593384919614774
1156
1.1162493893538492
1157
1.0111345038514334
1158
1.069750004177596
1159
1.0168004638040025
1160
1.088824962007329
1161
0.6054963627131735
1162
1.3054611214001943
1163
0.8359770090560601
1164
0.989707267613564
1165
0.6730341082941708
1166
0.6089874337615805
1167
0.6152839980188428
1168
0.7361454419357667
1169
0.5615409796049879
1170
0.8389730958859035
1171
0.9946190113557004
1172
0.893758427844283
1173
0.7029715021104921
1174
1.0948444961503159
1175
1.1904638044813856
1176
1.0965555182577877
1177
0.6836155854576043
1178
0.5576069794859848
1179
0.6518800364029513
1180
0.7563477499923211
1181
1.045299238289598
1182
0.8326891838603466
1183
0.820784686056016
1184
1.3292534832399885
1185
0.9648424092928264
1186
0.7689307217776934
1187
1.2184835857797953
1188
0.7971065176064189
1189
0.7531827658655554
1190
0.8565664292876033
1191
0.67796623973467
1192
0.7647078873813543
1193
0.5445689061012794
1194
0.7301132715189415
1195
0.8008571579996184
1196
1.1669315659337043
1197
0.5291731548932025
1198
0.47439769192825537
1199
0.5678952167070012
1200
1.4216984048734078
1201
0.9035977631328678
1202
0.5779849503106075
1203
1.921526472465156
1204
0.4829512105539362
1205
0.5816374230562386
1206
1.6274631486019921
1207
0.8272276264262913
1208
0.7855065462075825
1209
0.6345594383048098
1210
0.5364281498205961
1211
1.8142714351960114
1212
0.6041449113869508
1213
1.3971001911865566
1214
0.5918074606601251
1215
0.9604354902106116
1216
1.445535339659599
1217
0.690515604458669
1218
1.2614059171334289
1219
0.5679067114810964
1220
0.8417763380573584
1221
0.543674109408195
1222
0.7780519710542849
1223
0.9532765448586709
1224
0.971715839838869
1225
1.118126687789197
1226
0.9423389445746075
1227
0.7465156093421088
1228
1.0609325110184709
1229
0.4793787962367719
1230
1.2048715217494566
1231
0.7085947964658207
1232
0.8010398162288637
1233
0.822480465031953
1234
0.9552885212355575
1235
1.0051160708494429
1236
0.8884988892501103
1237
0.8876901957074688
1238
1.153299446047816
1239
1.106765851800756
1240
0.89206579219458
1241
0.6806166786964
1242
0.7605413640067308
1243
0.6737036619921436
1244
0.990371093693435
1245
0.9178616331331015
1246
0.7744480629476931
1247
0.9807928172604968
1248
1.5391776266498878
1249
0.7008675979088044
1250
0.5378662697866508
1251
1.279323788219826
1252
1.030227549322823
1253
1.3142616932040714
1254
0.8093489385114853
1255
0.7536888719732162
1256
0.9126411754762777
1257
1.086390135494596
1258
1.0328175966789703
1259
1.0324740547925062
1260
1.0799038698115422
1261
0.7887639010820394
1262
0.5285776899798581
1263
1.0148791467226213
1264
0.6015228146778566
1265
0.7782363507902998
1266
0.8201310759887163
1267
1.0722353649843417
1268
0.581922195702826
1269
0.7655446384934024
1270
0.9775042458819604
1271
0.6032255315127629
1272
1.105508479168037
1273
0.5640492272826774
1274
0.5617532822418627
1275
0.5759543467715649
1276
0.8007188306667711
1277
0.8200013295222799
1278
0.5855909619465934
1279
0.9227538781410111
1280
0.6731068246400531
1281
0.7342170787222536
1282
1.0957314145206845
1283
0.8355623947119909
1284
0.6064051126981194
1285
0.5553728999067932
1286
0.7748789488601536
1287
0.8091179566598536
1288
0.6841117118163748
1289
0.9683754450235449
1290
0.6047490174338283
1291
0.49359652666520015
1292
0.993235697928646
1293
0.9980806617893022
1294
0.7103021879934922
1295
0.8028133380267131
1296
0.8125549555690295
1297
1.1004786067110666
1298
1.0807742159697264
1299
0.6444322636511689
1300
0.9817775484299138
1301
1.0156194144013915
1302
0.524691762668648
1303
0.6592450963070231
1304
1.0343832946782743
1305
0.5190959730065587
1306
1.0148643238283621
1307
0.8684664466586036
1308
0.7528757952731063
1309
0.738478571329966
1310
1.2906194958808408
1311
0.9068776153769812
1312
0.6728939495754462
1313
0.47487338715483907
1314
1.1900848916978384
1315
0.9715166344952968
1316
0.6240708028414991
1317
1.049987015089752
1318
0.5515981720228775
1319
1.3475089863749046
1320
1.3758454256969734
1321
0.8821176905906548
1322
0.5472184433494216
1323
0.9755197726196488
1324
0.6195324013847922
1325
0.5856429798029988
1326
0.6233825197766721
1327
0.5821795174392328
1328
1.0567043914944632
1329
0.8606892905917235
1330
0.6625260383935379
1331
1.2867012280313388
1332
0.8648311832821647
1333
0.6401018041995332
1334
0.9135069417434533
1335
0.8488055417832924
1336
0.6576955211404066
1337
1.0804007274999317
1338
0.7806419600255841
1339
0.646439662850619
1340
0.8348586370785308
1341
0.7660105579267129
1342
0.5187895105894155
1343
0.9561673307081356
1344
0.67990030940088
1345
0.6366275339897075
1346
0.7550179979847699
1347
0.89945150838499
1348
0.5385038792952346
1349
0.9409265065321133
1350
0.797208658356729
1351
0.4791155765045863
1352
0.8865528690001896
1353
0.597378643930963
1354
0.9867288022529251
1355
0.6458600821190263
1356
0.6371444415990324
1357
0.733785384380562
1358
1.0761685742576568
1359
0.7263594514669818
1360
0.9486420730759462
1361
0.7572049056528201
1362
1.129777168577701
1363
0.6737285515533699
1364
1.4257346872634717
1365
1.137457924835737
1366
0.6294302547603426
1367
0.7156028408257981
1368
1.131999476913795
1369
1.2169493276092207
1370
0.6531684696903003
1371
0.9084685318594714
1372
0.7431654113532246
1373
1.1161664862279896
1374
0.7343837894062192
1375
0.7111183650158651
1376
0.792380573717882
1377
0.8672168974532485
1378
0.558780765931317
1379
1.0784874108726978
1380
1.5801513470646071
1381
0.6596084550353403
1382
1.4286697688003198
1383
0.6190706425498599
1384
0.883757699738919
1385
0.555361605944095
1386
0.8920143664133922
1387
1.0170803789837075
1388
0.614315403032267
1389
1.5124074045899871
1390
0.5408986876840259
1391
0.842441274963774
1392
0.6813050283909722
1393
1.6003251263042244
1394
0.5473319462170378
1395
1.0113116094628627
1396
1.5873752501036118
1397
1.1640935033376423
1398
0.5269823156760775
1399
0.813529185310359
1400
0.5571297213959316
1401
0.6611333559439296
1402
0.6214792376195789
1403
1.4426903977783134
1404
0.7232144968948596
1405
1.4396344557395204
1406
1.0256245142290485
1407
0.9621608058563736
1408
0.5794042790379753
1409
0.8641417734591617
1410
0.9258349953712725
1411
0.5150425638026914
1412
0.808453938717368
1413
1.0021159814822225
1414
0.758358185969765
1415
0.5503094716033632
1416
0.661759219933466
1417
0.44711073093263776
1418
1.8324387464928575
1419
0.5364891404048354
1420
0.8803201964947963
1421
0.8790199976513895
1422
1.6098248778782005
1423
0.9464765006394941
1424
0.5603731763153169
1425
0.730058108943317
1426
0.8482359960515414
1427
0.7224726582005502
1428
1.3211710131918186
1429
0.7009162197783885
1430
0.7273656344257602
1431
0.8261714471898961
1432
1.1516219989381584
1433
0.5943628559045696
1434
0.862779765127242
1435
0.9295280028833263
1436
0.7664377840819354
1437
0.6149605166611466
1438
0.8429628442495279
1439
1.4213075320587514
1440
0.717133148342771
1441
0.8501765829567737
1442
0.768235289330877
1443
0.6176539273379369
1444
0.7572714955309919
1445
1.1780579430678435
1446
1.3164067775218924
1447
0.5413239257104941
1448
0.6627289448979425
1449
0.7083941086291997
1450
0.811377405511233
1451
0.5650404945192028
1452
1.0620783319686333
1453
1.47318115953185
1454
0.5280467700372043
1455
0.6158365056634635
1456
0.6962039057225333
1457
0.7207584590967814
1458
0.9632926925878473
1459
1.3715120707522805
1460
0.8234746012109377
1461
0.5491114535405218
1462
0.9836791830652231
1463
0.7189313417703079
1464
0.9109139263434017
1465
0.6514497836828562
1466
0.9164052783409592
1467
1.6315083377294275
1468
0.9488403280958077
1469
0.8098964162666132
1470
0.7452990872464003
1471
0.5871397107066899
1472
0.5694348973558743
1473
0.5371164512700816
1474
0.8630015526771627
1475
1.125703145668263
1476
0.6585128336865677
1477
1.0166754068916457
1478
0.7683406522263135
1479
0.7870355109754272
1480
1.3094803113519666
1481
0.6585666837069661
1482
0.6866573093146355
1483
1.2471304635162166
1484
1.0624223530426726
1485
0.9827511946304793
1486
0.9560528391671562
1487
0.6555263912475158
1488
0.8901882757336723
1489
1.059898771817178
1490
0.6036555224227201
1491
1.2821357247826333
1492
0.5109322141387775
1493
0.6847419845237515
1494
0.7780407322665693
1495
0.6989314585942674
1496
0.9008964864064465
1497
1.1560896972747212
1498
0.5321933791373281
1499
0.748796267911682
1500
0.5555587746173293
1501
0.6176618614771537
1502
0.7095255783262355
1503
0.5720795794610111
1504
0.6601086884559315
1505
0.9348034054403
1506
0.9039311288365043
1507
0.810664086397836
1508
1.0436608763692807
1509
0.8261870309773502
1510
1.07043264034961
1511
0.6597841868695911
1512
0.9365014888019346
1513
0.9147313572738786
1514
0.54169670610756
1515
0.6592342672384953
1516
0.5589784541770563
1517
1.1100053582680591
1518
0.5979045184989615
1519
0.9168657707717758
1520
0.8346347893989814
1521
0.8171125761761173
1522
0.9195507051926991
1523
0.7706619162737955
1524
0.9670856277725357
1525
0.7809540941649515
1526
0.8219845831328793
1527
1.1541375733811603
1528
0.6468030078996923
1529
0.9130400384964669
1530
0.9782777291287564
1531
0.6115449509962213
1532
0.7030895973792303
1533
0.6028436721588338
1534
0.4917603682976605
1535
0.9959779331687297
1536
0.8932999598596477
1537
0.7422047119581199
1538
0.6386259579399938
1539
1.352463679254901
1540
1.0473218708160927
1541
1.252532986026263
1542
0.5679232032352982
1543
0.4956284251674158
1544
0.746100845323981
1545
0.5720187759820422
1546
1.2093502173818913
1547
0.6256650874499816
1548
0.6501392589182632
1549
1.6033502089355043
1550
0.637798827332764
1551
0.8658607685430777
1552
0.608856968444769
1553
0.6739354848277574
1554
0.8099913936814624
1555
0.8532387489186629
1556
0.8382000585939102
1557
1.1021851244962078
1558
0.549099228951741
1559
0.7060082804598207
1560
0.7119409510041648
1561
0.6691284451803158
1562
0.7596044985061504
1563
0.5775064322481143
1564
1.528603684970571
1565
0.6818884733239293
1566
0.639346104440872
1567
1.0035926280027128
1568
1.4736914046893523
1569
1.0506368951404323
1570
0.6778535563592543
1571
0.6577489266678077
1572
0.7702831402519541
1573
0.6459695471688565
1574
0.629923226683502
1575
1.2545295732313275
1576
0.8920698422576906
1577
1.1359057569405002
1578
0.5993896362303909
1579
0.7965503878499214
1580
0.7960759488140992
1581
0.9125953149469292
1582
0.6574233744357516
1583
0.9942898769905892
1584
1.1254141758838059
1585
1.059612937174585
1586
0.8278104231300092
1587
0.5111723190767158
1588
0.5563193008101756
1589
0.7039393264203065
1590
0.8989149972728622
1591
0.8996139630802531
1592
0.5689545008283503
1593
0.6490294944753415
1594
0.9914291010388299
1595
0.7705285959017426
1596
1.1061302662105
1597
0.7710081306946613
1598
1.019402805343911
1599
0.7190301496471013
1600
1.32579184947798
1601
0.8742924279058036
1602
0.7601478022800582
1603
0.8202028617875802
1604
0.6494363363321155
1605
0.6656510276486952
1606
0.6067346409819041
1607
1.729242060698497
1608
1.2236208994323994
1609
0.6014261161394977
1610
0.6023462729871181
1611
1.3896781279275758
1612
1.2167447469637134
1613
0.8446534009903667
1614
0.7921533665816664
1615
0.7035332546127718
1616
0.9275942198027741
1617
1.0033292674489072
1618
0.783699934396909
1619
0.8515155114201002
1620
0.6484613118838601
1621
1.3460139332761074
1622
0.5769904383236144
1623
0.4797041752003769
1624
0.5667017457699749
1625
1.47100382131664
1626
0.9930251377149393
1627
0.8637965782359012
1628
0.8982932621355569
1629
0.7486065319040648
1630
0.9327465890772269
1631
0.741746599895792
1632
1.0942630176295438
1633
0.8120866240502777
1634
0.6657459893498944
1635
0.6482655446035157
1636
1.199596337610574
1637
0.7224131561419993
1638
1.7357874852659392
1639
0.9340050088272019
1640
0.6425291045395405
1641
0.8440396643050222
1642
1.4308732217266948
1643
1.0378152595870442
1644
0.58964685123607
1645
1.270408161901145
1646
0.814301526829331
1647
0.6984878890207966
1648
0.7497428882913582
1649
0.8410991816721036
1650
0.6710164895512134
1651
0.5739497448676482
1652
0.9723885317358067
1653
0.6631955688498214
1654
0.7232127227920755
1655
0.7273333305314986
1656
0.8789721761554982
1657
1.1464259776458907
1658
1.0571277035882882
1659
1.2853095191976969
1660
0.5392319989035635
1661
0.9534385940852225
1662
0.6127322359623002
1663
0.930962895377275
1664
0.6099398633540758
1665
0.8303381686910659
1666
0.580773697889872
1667
1.1423674358126092
1668
0.6629136125337018
1669
0.879035145095906
1670
0.5575209632371688
1671
0.5423008261654195
1672
0.6392740054191276
1673
0.611873192662885
1674
0.7583270454342482
1675
0.47914040457081786
1676
0.7031207315669706
1677
1.1709592573471848
1678
1.030097052607855
1679
1.0327039509616083
1680
0.9735718809802051
1681
0.8739495476188563
1682
1.6198919900258757
1683
0.7199999633874883
1684
0.749508686946253
1685
0.8284830646337173
1686
1.161395108831452
1687
0.6272303361350413
1688
1.351841276197496
1689
0.6137032026309696
1690
0.6544785485224278
1691
0.9686910100031153
1692
0.5597239589824289
1693
0.7481335761057725
1694
1.271365608344345
1695
1.5910517903981398
1696
0.9749164658218475
1697
1.1781563802956636
1698
0.7903699908918533
1699
1.130639342807416
1700
0.9742088806454808
1701
1.0782297968844292
1702
1.1067927457625377
1703
0.7458002449034233
1704
0.5728086476847182
1705
2.033172515802093
1706
0.8784226628363712
1707
0.54050153717488
1708
0.7725697331281881
1709
0.7614475842996298
1710
0.9944961116438564
1711
1.654771231586844
1712
0.9334560304669719
1713
0.7064373215610656
1714
0.5668456715574727
1715
0.8529993019428825
1716
1.0341438475546565
1717
0.47293045002169454
1718
1.0457372819441253
1719
0.6645037536429897
1720
0.9999967898657683
1721
1.0658963816784213
1722
1.2772557897890606
1723
0.9902996955355602
1724
1.1589681745964782
1725
1.2995175520815807
1726
1.0717441879011
1727
0.5748571405908408
1728
0.5968837490392054
1729
0.7180749209173193
1730
0.7347344730622911
1731
0.8714609126239818
1732
0.7568686925679756
1733
0.5934552063768981
1734
0.9249602606929176
1735
0.6616418453388471
1736
0.5534339984283928
1737
0.7013980814468508
1738
0.844098771507316
1739
0.8348813835347609
1740
0.9070251710930874
1741
0.8887002657632969
1742
0.5612302089989674
1743
0.7296342777541296
1744
0.5781244339424517
1745
0.8681204745529438
1746
1.5735425677184653
1747
0.8351272203931495
1748
1.2512967356121136
1749
0.6189158729655138
1750
0.6657227174443192
1751
1.4034939094941485
1752
0.639335674219335
1753
0.8488080493359589
1754
0.5969190238123081
1755
0.6032256467790993
1756
0.7147189042860539
1757
1.0904961283980439
1758
0.568164225060988
1759
0.5335042577170932
1760
0.6844275136403934
1761
0.5297307845748003
1762
0.720216469306583
1763
0.942772240067256
1764
0.6065960514307062
1765
1.2106645564173906
1766
0.8349161869488521
1767
1.5158496797577568
1768
0.7425232718513997
1769
1.234408795443988
1770
0.8295502440743181
1771
0.5559428248025486
1772
1.245500810213759
1773
0.5723398867433227
1774
1.1618006006244828
1775
0.7007756347216079
1776
0.7103961563391373
1777
0.5946012176736507
1778
0.9753175416193817
1779
0.8346283762872906
1780
0.6723797851881896
1781
0.5768460314649939
1782
0.6951462756658697
1783
1.1042660719197248
1784
1.1728485961636497
1785
0.8818229890056597
1786
0.9275248262158661
1787
0.5031274217482611
1788
1.1660913867446467
1789
0.7175842308563187
1790
0.567918287490602
1791
0.699347711097821
1792
0.5460207548275519
1793
0.5166674790905003
1794
0.8708555585974528
1795
1.0054185148849555
1796
0.5956665500519194
1797
0.6477704348397862
1798
0.47917804925272167
1799
0.8826179602948838
1800
0.8819642051646839
1801
0.6008853206719217
1802
0.578184210351763
1803
0.9576164592843577
1804
0.8972321955727519
1805
0.7259404285322678
1806
1.2121206404074893
1807
0.6052149560834874
1808
1.0174972738826324
1809
0.89302435017024
1810
0.7534557506295991
1811
0.9284039456078909
1812
1.2829076461868563
1813
0.609264386365007
1814
0.8146520751350523
1815
0.7399248024909276
1816
0.9431467627096561
1817
1.1444950862928358
1818
0.664514562026592
1819
1.7145626922928157
1820
1.1011223410277924
1821
0.6932171764548747
1822
0.7264516360749382
1823
0.9518204263672747
1824
0.5492783357082844
1825
0.7050584226228129
1826
0.6227930604582282
1827
0.6483149664411397
1828
0.6674797663181343
1829
0.7136170139794537
1830
0.9015262991619454
1831
0.9149984846881267
1832
0.9426994822334714
1833
1.2180580870481552
1834
1.2775018431496985
1835
0.852205796380583
1836
0.7182058356583778
1837
0.9561566272773957
1838
1.3558061556273857
1839
0.801417826417993
1840
0.4648275651109779
1841
0.931759310295402
1842
0.6628850280572919
1843
0.48588983894346965
1844
0.6741922385599147
1845
0.7971106035740053
1846
0.6305860631301332
1847
1.4644363236679188
1848
0.8322880515519946
1849
0.5935844625098092
1850
0.5588793876862952
1851
0.5909047946360376
1852
1.1148865012074944
1853
1.4961700136329452
1854
0.5721627494118088
1855
0.7811276386582258
1856
0.5048651736763421
1857
1.025092193961308
1858
0.6831927019500751
1859
0.6570199191600825
1860
0.5415476859990858
1861
0.7842234715871192
1862
0.5203040366609489
1863
0.8785284119937594
1864
1.0112463408984107
1865
0.8898238318838646
1866
0.8640574128359721
1867
1.2952866903248086
1868
0.8093834656136566
1869
0.8336826785100656
1870
0.7832114395667575
1871
0.706149589153221
1872
0.5795345343794681
1873
0.937016559295919
1874
1.342153463386198
1875
0.8372955330558708
1876
0.674732864581574
1877
0.6423701659726697
1878
0.6980415475752083
1879
0.7074079344465517
1880
0.6255773049266671
1881
0.804561811317659
1882
0.6146618935903793
1883
0.6736064893350543
1884
0.6126000985073603
1885
0.6050257250168336
1886
0.6327291922595841
1887
1.2457852216968077
1888
0.7845615921805202
1889
1.6939179628467622
1890
0.9478449712760215
1891
0.6786936888177812
1892
0.7412727509557604
1893
0.9263246400224515
1894
0.849741495157468
1895
1.3055663978565875
1896
0.7863005188524632
1897
0.9834118392570996
1898
0.5815275801183074
1899
0.7127194337998602
1900
1.177208737282929
1901
0.5904890305176181
1902
0.56207785464301
1903
0.571702390378068
1904
0.7965051896002826
1905
1.4315286471660187
1906
0.9598239131566545
1907
0.811942066232076
1908
0.8878649718362865
1909
0.6553630527100044
1910
0.5934227509356931
1911
1.4051394133964792
1912
0.8401643859779199
1913
1.001634552850927
1914
1.039642397842361
1915
0.6872822093035255
1916
0.4974153997593185
1917
0.7792922070613459
1918
1.530112203110217
1919
0.6649132164141728
1920
1.5218604538081404
1921
1.7470274770931487
1922
0.606143008069492
1923
0.7981621427411125
1924
0.456656361537911
1925
1.1448185089644
1926
0.656760757883292
1927
0.5225882585912461
1928
0.9484159091669446
1929
0.48079610023255986
1930
1.2469231804171899
1931
0.7203065011631877
1932
0.5411521172836535
1933
0.8229876314303102
1934
0.9969187876100789
1935
0.8611174712038525
1936
0.5689210724665137
1937
0.9950877091269856
1938
0.6359665439174034
1939
0.9575874657908886
1940
0.6935484375352702
1941
1.6813931448896753
1942
1.8377180884725388
1943
0.5255723601449528
1944
0.9809265370019963
1945
0.613223121470625
1946
0.8040694757343235
1947
0.6500804146698167
1948
0.951566859053904
1949
0.47203492877445896
1950
0.9858679604945846
1951
1.278819962836068
1952
0.587200783433328
1953
0.65695778238432
1954
0.6966648983760312
1955
0.6634797340795732
1956
0.742681355548301
1957
1.3633625518407597
1958
0.6789664398665386
1959
0.6533906766194509
1960
0.8461451355251921
1961
0.5942239489754436
1962
1.0277043485590138
1963
0.8191075534499658
1964
1.435313145416696
1965
0.5492264045977779
1966
0.5495202217062202
1967
0.7495251825493328
1968
0.6675674691061619
1969
1.1429157768321843
1970
1.5074746611653311
1971
1.7817760340445705
1972
0.5371568918256455
1973
0.7602999443445604
1974
0.8766352252001777
1975
0.7190023039147493
1976
0.9521842966834826
1977
1.293216650486799
1978
0.5460129767547441
1979
0.6102086696915194
1980
0.7938183227044298
1981
0.5592794881435775
1982
1.852161859547695
1983
0.9186958355787138
1984
0.7008818923208253
1985
0.7787286340702037
1986
1.7971117131269965
1987
0.6585834261683231
1988
1.4256248888046834
1989
0.8600961607138514
1990
0.6956155699017096
1991
0.5344038104257454
1992
1.253155012882023
1993
0.6385317819661726
1994
0.6908520368189585
1995
0.6342582206102374
1996
1.1865909280095426
1997
0.5675103359672425
1998
0.8004106127781273
1999
0.5587015860465736
2000
0.7561798764509963
2001
1.0843267835156118
2002
0.6040870456684282
2003
1.5707447447048206
2004
1.0197080084065369
2005
1.4329490420562117
2006
0.6127341501072546
2007
0.8191276474956967
2008
0.6725041976870311
2009
0.4923375087750952
2010
0.9628030317164664
2011
0.5975391055190687
2012
0.927940577787157
2013
0.8697121800843854
2014
1.661534650390833
2015
1.2618938176382037
2016
1.5601494183392688
2017
0.8736363800613337
2018
0.687083225865954
2019
1.238023692349787
2020
0.7860860674631389
2021
0.5001635979046627
2022
0.9369454401709599
2023
1.2291100222300362
2024
0.8523009651094261
2025
0.5685969103286508
2026
0.6238283344201848
2027
0.5650781274280565
2028
1.1401742049329837
2029
0.5929979905523493
2030
0.7109909650770563
2031
0.845916376890965
2032
0.9354798003697452
2033
0.9482575791907195
2034
0.748838700254553
2035
0.8168419469729034
2036
0.8710704890874716
2037
0.6726472305640311
2038
0.6201574410582514
2039
0.6373168508531297
2040
0.5837902311220662
2041
1.2326070906222704
2042
1.0747107023724647
2043
0.5829813851700648
2044
1.024229983574073
2045
0.7857477820151165
2046
0.6833206486231775
2047
1.380686829524009
2048
0.5862900731136291
2049
0.7502248153636093
2050
0.8901029910381251
2051
2.0098691557790507
2052
0.8355807685684186
2053
0.9710916154025907
2054
0.7836700538912572
2055
1.291760224686318
2056
0.7871485856837358
2057
0.8040918878940834
2058
0.9781544005794859
2059
0.8812270164354515
2060
1.330002518187704
2061
0.5808699808460519
2062
0.7165415765605733
2063
0.8425058304141967
2064
0.5512738836245953
2065
0.5750986156976077
2066
1.6887804949130314
2067
0.5612161873192254
2068
0.8626392535485776
2069
0.5446156083539564
2070
0.9020181661912995
2071
0.7142800025168133
2072
1.7137020309610338
2073
0.8942250331157151
2074
0.586148025208781
2075
1.0369698013925523
2076
0.47614146123233625
2077
0.9574369062820235
2078
0.7501326476575114
2079
1.1026571832079664
2080
1.198317941474168
2081
0.7166939965024466
2082
1.4906572837615482
2083
0.7835920112045832
2084
0.6824433000032529
2085
0.6040906590932942
2086
1.2736356450309254
2087
0.5545750648831631
2088
1.013349864742202
2089
0.8987217114772683
2090
0.5684147968916107
2091
0.8593268431125322
2092
0.9643169782681476
2093
0.7333541626820539
2094
0.5080084751530185
2095
0.7229645784752545
2096
0.6318479978593303
2097
0.5078869436013627
2098
1.0029061469448597
2099
0.6221761722479362
2100
0.9983870662599147
2101
0.6086536561023591
2102
0.6277150960736335
2103
0.7009266498155062
2104
0.9360211492681366
2105
0.6538417055289143
2106
0.5859870981866514
2107
0.6746787894396882
2108
0.8050033927225293
2109
0.4807903539562861
2110
0.7509489084459544
2111
1.4158991176563573
2112
0.667855292764698
2113
0.8122271891556015
2114
0.4975267786679086
2115
0.90635051946721
2116
1.4832839196718794
2117
0.6875636902142112
2118
1.957261361767912
2119
0.9155481448820116
2120
0.7117961157214395
2121
0.622599417724271
2122
0.9855090497518902
2123
0.8446300823385134
2124
0.9253792224370355
2125
1.522319693180481
2126
0.6530231799087496
2127
0.6494441286904811
2128
0.8593952262633695
2129
0.4607576347219093
2130
0.7011975171217172
2131
0.5334569803131521
2132
1.2441764938412452
2133
1.0885532039091834
2134
0.889635468992652
2135
0.4713348504861081
2136
1.7423336618773833
2137
0.5669357648743907
2138
0.6682614940042081
2139
1.4008013257850376
2140
0.9260802019610874
2141
0.6562153176600102
2142
1.1603270853333845
2143
1.0576618539551226
2144
0.8908523569018073
2145
0.6002336693280713
2146
0.6422650836740522
2147
0.7509592895712184
2148
1.3352635626438984
2149
0.6976119292544319
2150
1.523649866711765
2151
0.640588089449297
2152
0.8504812511329678
2153
0.6581562152686964
2154
1.4366393595059592
2155
1.03383066211533
2156
0.8996445685227086
2157
0.9716963409155467
2158
0.5070442770873598
2159
0.6130940207699787
2160
0.6361702336609916
2161
1.1992210812330886
2162
0.6992434854319896
2163
0.5237318298932899
2164
0.5750970546282249
2165
0.9059997392910746
2166
0.7273144581750731
2167
0.7402080192674967
2168
0.5406546985984261
2169
0.9369436231557056
2170
1.0154025725838565
2171
0.9008318220595974
2172
0.5007736700432758
2173
2.146743494895697
2174
0.5646706220911255
2175
0.7961250212198322
2176
1.305553004704705
2177
0.6799741390019023
2178
0.7179931005368432
2179
0.8751981352591939
2180
0.5932739111483412
2181
1.6635479261492419
2182
0.9867245038037363
2183
0.884943837468576
2184
0.6871176629597694
2185
0.896649908238574
2186
0.8943785281190272
2187
0.6614783787003755
2188
0.70403224548072
2189
1.191111978524664
2190
0.5400156890389674
2191
0.6905179021723826
2192
0.8016447100294466
2193
1.1250347745140372
2194
0.8062623151280965
2195
0.7957829596716886
2196
0.9060534499883417
2197
0.6799597865557622
2198
0.5458567856585942
2199
0.6276054255046338
2200
0.9130836254259597
2201
0.6318116443393161
2202
1.274154762354791
2203
0.5511040874135824
2204
0.5973763568116844
2205
2.0632070876106554
2206
0.5870262670240878
2207
1.4274747624255515
2208
0.981072327770038
2209
0.6017434251428794
2210
0.5473285040088265
2211
0.5960671447344782
2212
0.7133639571332537
2213
0.7933073657879598
2214
1.1710127746627415
2215
0.6335131103227125
2216
0.955018508866457
2217
0.6116163229020141
2218
1.2545641538464531
2219
0.6906887014026011
2220
1.0783503004723316
2221
1.1324505821799882
2222
1.2769815277909433
2223
0.9035433106933554
2224
0.5613319129063118
2225
0.5563378713840619
2226
1.4074741804885538
2227
1.0723333170657618
2228
0.5160877944539819
2229
0.8171576983922579
2230
0.6841307286238307
2231
0.4924053846755283
2232
0.8883105240040396
2233
1.2227916514813448
2234
0.7568389470101894
2235
0.9465012754626878
2236
1.0674829019701888
2237
0.6094402791020206
2238
0.498677721728296
2239
0.7847873207184743
2240
0.7411945924316987
2241
0.542953329417163
2242
1.1046618760421145
2243
0.644521253964098
2244
0.6164641551776738
2245
0.8215395399651115
2246
0.579083464743262
2247
1.3911633345562457
2248
0.7558410115614685
2249
1.4195624682777301
2250
0.5149051874736107
2251
0.7050703659283177
2252
0.9550639458290674
2253
0.8118786602262312
2254
1.1307896489548332
2255
1.2625835655905815
2256
0.9210565316094841
2257
1.2858175765724082
2258
0.8040862302419223
2259
0.9902833226267014
2260
0.6493289522692903
2261
1.3238119673095758
2262
1.2928111218213973
2263
0.8750227027700797
2264
1.7656259314357912
2265
1.0164578603266727
2266
0.5128877209805692
2267
1.4785819412990255
2268
0.8746393427351515
2269
0.8640354788883494
2270
1.3924995362942074
2271
1.0259780395744755
2272
0.9102388833081805
2273
0.5246740707461115
2274
0.8223327287042225
2275
1.0526275519294106
2276
0.5405395867744986
2277
0.8825483978499438
2278
0.6499812237961305
2279
0.7095438529825133
2280
1.3681999485557146
2281
1.6739572873440027
2282
0.978426029376262
2283
0.5932706634181626
2284
0.885715911851914
2285
0.7126615295606294
2286
0.9331278571953371
2287
0.9548750758651401
2288
0.8055029145518958
2289
0.6624097164015736
2290
0.7507997355922518
2291
1.1710378550089342
2292
1.9594005383446058
2293
0.7546295254974152
2294
1.0883798810572833
2295
0.6449469416886656
2296
0.5396001100810641
2297
0.9936573214341194
2298
1.3367093865286115
2299
0.8688770511302938
2300
0.750742119860112
2301
0.7693132759806468
2302
0.6789688241106641
2303
0.8351763681378697
2304
0.7222558520915103
2305
0.5331194710575287
2306
0.6349102874321482
2307
0.5161498167141837
2308
0.5163944550716019
2309
0.6530049282559091
2310
0.8057756478407355
2311
0.9060256631415033
2312
0.6099879575640126
2313
0.6445565861272345
2314
1.3757771432971082
2315
0.7996880442677584
2316
0.7906930253042063
2317
0.8579989904349817
2318
0.7043233987274703
2319
1.5204914450681992
2320
0.5636954526164453
2321
0.677101106350015
2322
0.892184895827929
2323
0.7371261624650571
2324
0.600998283431158
2325
0.5889112427810149
2326
0.613059530943776
2327
1.4750623641895393
2328
0.739918830126225
2329
1.1397248640060624
2330
0.5278664772504644
2331
0.6249579075891597
2332
1.1445989653305306
2333
0.62511162079504
2334
1.5279213675879528
2335
0.6166313947133795
2336
1.0599419819477796
2337
0.6581781260142191
2338
0.6535972453523887
2339
1.3387161812264778
2340
0.9420561729657524
2341
0.9477603322125073
2342
1.0025748349920345
2343
0.8363155803526849
2344
1.0919375004805663
2345
1.0454837855344974
2346
0.7671217484674758
2347
0.9585167997792761
2348
1.1022542913258018
2349
1.815038748076213
2350
0.48398171379929344
2351
0.5572568284131181
2352
0.6009951913955152
2353
0.6765828639243132
2354
0.7390734089873071
2355
1.0886913781186565
2356
0.8959328032282509
2357
0.47308797272513303
2358
0.534130903374745
2359
0.6367681211542878
2360
0.603058846098525
2361
0.5097090698949133
2362
0.7949786360397268
2363
1.063028436771938
2364
0.5941855477489841
2365
0.7866206799661619
2366
0.9989627217281166
2367
0.6037331514468557
2368
0.6945537030666693
2369
0.9967170965253762
2370
0.6183470660523471
2371
1.2534885146774384
2372
1.1709900323309967
2373
1.076166388758578
2374
1.3329607525405993
2375
0.6267764748556008
2376
0.9986937387827638
2377
0.6510233019097263
2378
1.546325353010851
2379
0.704397314992482
2380
1.0238649459474813
2381
0.5996662321831123
2382
0.6332816804428241
2383
1.1423511119098984
2384
0.9332094911626841
2385
2.4151269563918865
2386
0.9015904623892274
2387
0.9269614461233504
2388
0.7787861221225597
2389
1.199030834432933
2390
0.5700421574562224
2391
1.1853279971787753
2392
0.5392016941643287
2393
0.6298539258583841
2394
0.9903819553997895
2395
0.533244715641794
2396
0.6577132322083198
2397
0.5253203085000516
2398
0.6792870370311984
2399
1.0214141847150235
2400
1.015680403169256
2401
0.532815425226032
2402
0.6398416892961997
2403
0.614643497293876
2404
0.5959390214640419
2405
0.938718589666124
2406
1.0784392290522804
2407
0.53436244176425
2408
0.9533230256366694
2409
1.1979717978673106
2410
0.6250347592355269
2411
0.68579896180319
2412
1.0174898757417996
2413
0.8501573134771828
2414
0.6250000203801798
2415
1.4790777652105678
2416
1.5373954906646603
2417
0.8517282589304878
2418
0.7237821457232548
2419
0.5558005109029515
2420
1.2058095786805074
2421
0.6415672456299654
2422
1.1360363348877975
2423
0.8721503594965062
2424
0.5861106943131622
2425
1.1996679326863768
2426
0.6304213365291444
2427
0.5005875221730274
2428
0.6105233963650553
2429
0.4638644565770066
2430
0.7734673351995098
2431
1.090874080076623
2432
1.8176167917924362
2433
0.5993459198739642
2434
0.7392986491350279
2435
1.189638359601216
2436
0.5428580460866712
2437
0.8036871358106501
2438
0.8393846863997377
2439
0.6086112256218585
2440
0.8115132853735366
2441
0.8465663159740133
2442
0.7620487532994519
2443
0.9920761231077736
2444
1.21640439875942
2445
0.9863555338218851
2446
0.7960206838112159
2447
0.7370243670919872
2448
0.8102764431754993
2449
1.308446451038069
2450
1.65358578204738
2451
0.9719013897891559
2452
0.6204230497632387
2453
1.0903798215568743
2454
1.159557937658512
2455
0.896758021132861
2456
0.5412117853689786
2457
1.1169624237332545
2458
0.7111068392967432
2459
1.1101734026568304
2460
1.1535547568297193
2461
1.0361160250765447
2462
0.6060648250327412
2463
0.5348353758421024
2464
1.094267915614448
2465
0.6313663645617306
2466
1.203309292356706
2467
0.861432317116973
2468
0.8416637200471063
2469
0.6613714644583066
2470
0.5600764577929703
2471
0.5334847158652244
2472
1.0225539924369451
2473
0.8953941850083368
2474
1.0118924642942735
2475
1.2719961964488053
2476
0.7618924726468947
2477
0.6598229317918528
2478
0.6397067016701657
2479
1.1508352161636508
2480
1.6723475403756747
2481
0.9064615850985914
2482
0.9782380439068901
2483
0.7842881461185418
2484
0.850649782842273
2485
0.9490820785596503
2486
0.6658197727865224
2487
0.5266301774164859
2488
0.8503782906677975
2489
0.6197837193650357
2490
1.471296334370914
2491
0.776163531219889
2492
1.3012596749163152
2493
1.5101310705347772
2494
0.6239122812325728
2495
0.7748414741546666
2496
1.0137745976058252
2497
0.702045908702205
2498
1.2666744152833274
2499
0.6092906747205785
2500
0.5998851138357365
2501
0.5680780087015278
2502
0.9666522937981855
2503
0.8458160371663107
2504
1.0374482838202885
2505
0.5596779257792692
2506
0.7991862973763513
2507
0.671956909475098
2508
0.8030637063840129
2509
0.9643678317224018
2510
0.6792304131318336
2511
1.274862602494777
2512
0.803650310242233
2513
1.4207392499790468
2514
0.7851959504058509
2515
1.1564170100373399
2516
1.4100426989446169
2517
0.7769518820271648
2518
1.1974769809548336
2519
0.6553383560103933
2520
1.0971264235532097
2521
0.6023005480672947
2522
0.8741575540251704
2523
0.5620225671059578
2524
0.4968910851956039
2525
0.6050747289702022
2526
0.5692066697733928
2527
0.5631237242716187
2528
0.6920988741891173
2529
1.0993820666526188
2530
1.0692980152348406
2531
0.55457869692268
2532
0.621836970510734
2533
1.5501168894528223
2534
0.9962447955953154
2535
0.6977861971926455
2536
0.5003615475274331
2537
0.7712204908962251
2538
0.6126516880676578
2539
0.8216335159132856
2540
1.2268176580777586
2541
0.7223542828795657
2542
0.6619693763626737
2543
0.5651447874070263
2544
0.9631951865303826
2545
0.5706596688541222
2546
1.3251973669427326
2547
1.3477598998343074
2548
1.4863889800299477
2549
0.6779107251933212
2550
0.923613918719919
2551
0.5316274316727507
2552
0.9770042422107237
2553
1.2172611981638661
2554
1.2132842393279235
2555
0.5946504675368237
2556
0.6812643616806685
2557
0.7451961502709271
2558
0.584181142117134
2559
0.729702038779363
2560
1.9510706433484846
2561
1.206378164126416
2562
1.0021978760271857
2563
0.8882539093475735
2564
0.5832789038630393
2565
0.849255704590201
2566
0.8594003017471464
2567
0.5265182644195647
2568
0.6697702003415894
2569
1.0666704464893246
2570
0.7039915619092603
2571
1.6044644098470622
2572
0.9084013312883235
2573
0.9761321935125757
2574
0.894765691170688
2575
0.6049125596539768
2576
0.7596775985743396
2577
0.8374217135023739
2578
1.374009822054855
2579
0.7239327316660988
2580
1.6101869113318033
2581
0.6145568921052412
2582
0.6858560574234841
2583
0.5094014275508119
2584
0.600518893220149
2585
0.9138132147242509
2586
1.2511644563893698
2587
0.6016227422139386
2588
1.0107466648897634
2589
0.7768743034050496
2590
1.6704891897164946
2591
0.817217659255804
2592
0.6106102134960052
2593
0.7420740175425495
2594
0.9375424139342944
2595
0.5602328547800193
2596
0.8862279432976329
2597
1.2447652116236039
2598
0.5991644861301931
2599
0.8699184636166245
2600
0.7457969468189303
2601
0.6356061465259217
2602
0.8212972446062634
2603
0.6534890359365286
2604
0.8100957015818226
2605
1.9214474757674966
2606
0.8298651962541738
2607
0.8364694488406185
2608
0.6293761042449878
2609
0.9866116995746184
2610
0.6788759520320732
2611
0.9532121423909986
2612
0.8717690771691188
2613
0.8884395290347127
2614
0.6050515185733952
2615
0.9183024409774063
2616
0.8472733152538439
2617
0.6763183968295503
2618
1.2420487532429296
2619
1.0287743161647604
2620
0.6337445387686624
2621
0.7741008817451961
2622
0.6334044884425777
2623
1.3494644841853518
2624
1.4223461908912907
2625
0.6563097327076068
2626
0.7909515981339801
2627
1.284388110622525
2628
1.0478688667623928
2629
0.5727354464911868
2630
1.1313466307651492
2631
0.6097840192589166
2632
0.9204881640542881
2633
0.6643048908249256
2634
1.1021971622952451
2635
0.5276757057954179
2636
1.214079407925109
2637
1.0258990769966538
2638
0.8758338473404319
2639
0.9173661001902782
2640
0.6483553992350428
2641
0.9557503136142602
2642
0.9002929240762741
2643
0.622091290183913
2644
0.953785404713543
2645
0.553354545104134
2646
1.4720989075919748
2647
0.6463421294460212
2648
0.7032245331060476
2649
0.6833421112645898
2650
0.8198158362997898
2651
0.5317564343952506
2652
1.0069593988155694
2653
0.9480676702769326
2654
0.6365163453770191
2655
0.8093746133211059
2656
1.0296322017858393
2657
2.0018548354885066
2658
0.7572687368037554
2659
0.6472684045312304
2660
0.48091041923941946
2661
0.9743066212760073
2662
0.5440769634854874
2663
0.7038441755797833
2664
0.5984072446519523
2665
0.5858129980099092
2666
1.090283278491734
2667
0.6493003337025027
2668
0.7119335958262291
2669
0.6045962947895516
2670
0.5745288008187901
2671
0.8500484780706336
2672
0.7887140230225718
2673
1.0726591788015365
2674
1.025859233731405
2675
0.5769559301222588
2676
0.8136986647721928
2677
1.6782417815487571
2678
0.7258171875915551
2679
0.5697090340840988
2680
0.6180021358118604
2681
1.1317310715189768
2682
0.6509738147181575
2683
0.8276546691703794
2684
0.6007219678288849
2685
1.3630193266526747
2686
1.0718989025931946
2687
0.8172925968795396
2688
0.8440870233113067
2689
0.5944355523595389
2690
0.7308555434113376
2691
0.6991036590361982
2692
0.506732308735563
2693
0.7969686777729131
2694
0.8486109158482683
2695
0.6229568033831077
2696
0.9539879929119763
2697
1.4826494621333965
2698
0.9033935281774796
2699
0.6261597003919067
2700
0.5581420366296512
2701
0.7325671332434499
2702
0.8989548681144116
2703
0.8538609005864541
2704
0.6509598088136597
2705
0.6759830982569297
2706
1.067424706552867
2707
0.824576346637425
2708
0.6934423153741203
2709
0.8282422866289101
2710
0.6489815302283263
2711
0.8611065971809122
2712
0.7782336671564306
2713
1.0057043967664898
2714
1.0365350812819503
2715
0.8893492618740249
2716
0.6819184870741907
2717
0.5956033907768138
2718
1.0642823329897355
2719
0.5797142991508499
2720
0.7596214859747825
2721
1.3606440970830904
2722
0.8137648143974969
2723
2.019726608600059
2724
0.8656934627904935
2725
0.6754694151192917
2726
0.9818412198265695
2727
1.1795073859063325
2728
1.2810638609315208
2729
1.2943070762228235
2730
0.5504732764591121
2731
0.6887626531522826
2732
0.8257083462177728
2733
0.637934878149134
2734
0.5545979606661473
2735
0.8393469827840051
2736
0.6658134238832601
2737
0.7571825528392612
2738
0.6515160023494366
2739
1.2467035990930557
2740
0.7842747940931493
2741
0.8082227187670004
2742
1.0310901253844724
2743
0.7881720043624534
2744
0.704263805589154
2745
0.6444963586706353
2746
0.8751436674556049
2747
1.4341971094790293
2748
0.6394186156989424
2749
0.6819432797541297
2750
0.5767969027349367
2751
0.6195667504616923
2752
0.965128654464354
2753
0.6864395084517092
2754
1.171645757064131
2755
0.6886895153642593
2756
0.7851875569987729
2757
0.5716996342202305
2758
0.580525746403213
2759
0.4749663237557772
2760
0.5996346251314977
2761
0.6812566926104076
2762
0.9828566212801141
2763
0.6272888932213901
2764
0.5871052605888017
2765
1.0950968756406811
2766
0.6888434885020903
2767
0.7224145063201616
2768
1.102078985847996
2769
0.911787111673503
2770
1.586514756306107
2771
0.8582402470394781
2772
1.1562107617823654
2773
0.6153596833541415
2774
0.6266059511326296
2775
0.93642853746203
2776
0.670204437262564
2777
0.7663127600882763
2778
1.293797473908139
2779
0.5616273044690084
2780
1.0034804764345466
2781
0.5531770541006832
2782
1.1430144772052837
2783
0.5010576636664819
2784
0.6459670413820763
2785
0.8402013693560294
2786
0.741328071168831
2787
0.8345236835824175
2788
0.8209089705890521
2789
0.6616614102809242
2790
1.3491020110620195
2791
1.1078719157964037
2792
0.9317575362385415
2793
0.6966798390436733
2794
0.5345679472267566
2795
0.6000587726477259
2796
0.7715829677782673
2797
0.4661418217237154
2798
0.6638797716607452
2799
0.5505187544825512
2800
0.8918501968511737
2801
1.4928855567556778
2802
1.2515715575887232
2803
1.0640458432130273
2804
0.9159232167602014
2805
0.6209860440587918
2806
0.7822356060439886
2807
0.6711274073218393
2808
0.7104814606788704
2809
0.5915253842198372
2810
1.64581517617223
2811
0.9888445861940645
2812
0.7130024599187377
2813
0.6712153940938484
2814
0.8077267931171233
2815
0.6229936420345104
2816
0.6767386638390521
2817
0.5775258960330769
2818
0.5952994912376613
2819
1.547529093583163
2820
0.6615806605920057
2821
0.5591054486285791
2822
0.5594480776442751
2823
1.3040467371930526
2824
0.960657398343058
2825
1.2693236086589494
2826
0.8522899875415281
2827
1.2278138755201384
2828
0.6723936156577793
2829
0.8459239170137154
2830
1.0719749768490665
2831
0.7882318676511406
2832
0.6421774844556778
2833
0.9628425759896441
2834
0.7780326500916186
2835
0.8669852875931194
2836
0.5527699915305033
2837
0.668893678655081
2838
0.916854985201012
2839
1.6387074483543256
2840
0.7810425346620159
2841
0.6628819197493796
2842
0.5768254129560549
2843
0.6498791066108764
2844
0.8860142956147267
2845
0.8705564602017586
2846
0.6748742193539866
2847
0.9163329937668907
2848
0.5710873609689238
2849
0.8601275410056646
2850
0.5691119121026784
2851
0.9365447684532282
2852
0.6241294173995461
2853
0.7206166708640058
2854
0.5631917109917098
2855
0.7490246112536619
2856
0.6552503975960036
2857
1.0000523141426043
2858
0.6215853956900114
2859
0.7337042290126551
2860
0.6949197466309618
2861
1.1013016407892993
2862
0.7746404436570115
2863
0.9204067568036874
2864
0.6906616006082241
2865
0.668465684876387
2866
0.6575990507803481
2867
0.7002487878876443
2868
0.6507413357570709
2869
0.5431421264328262
2870
0.7500365682888384
2871
0.5836363349541012
2872
0.6631228367424394
2873
0.8183849348926872
2874
0.6325168403842922
2875
0.6009270706946895
2876
0.6557656296987482
2877
0.6007886836867733
2878
0.651932806529699
2879
1.050120311041663
2880
0.507457661114697
2881
0.5280163620264722
2882
1.0054333278791605
2883
0.6421201221445357
2884
0.6465520635012222
2885
0.9579175898029841
2886
0.8677677340320321
2887
0.6690390251431091
2888
0.5912460577456605
2889
0.5686561792057957
2890
0.6865093443210937
2891
0.4278357034876417
2892
0.6670572920250631
2893
0.8577780951659039
2894
0.674865703787411
2895
0.7776795353047701
2896
0.9270444283475893
2897
1.0756893918376116
2898
0.6987845261653298
2899
0.9941427197294841
2900
1.0173424822891646
2901
0.8964840231948595
2902
0.6904484839316284
2903
1.0100114862345817
2904
0.7174776551193207
2905
1.0556680905456362
2906
0.7871435410826655
2907
0.790638350679847
2908
1.1264005568393152
2909
1.2595912515221506
2910
0.7743064073219014
2911
0.874887876667506
2912
1.0366820853225998
2913
0.6158994047962135
2914
0.6718645906945415
2915
1.2399919029208868
2916
0.5871651401812523
2917
1.0646271437700614
2918
1.1967909036691144
2919
0.6528891779214168
2920
0.6030578021245183
2921
0.524197501593549
2922
0.6572447610657317
2923
0.5517099716323368
2924
0.623582127280556
2925
0.8692804249954156
2926
0.9360835124078121
2927
0.8102378704191714
2928
1.6061786081263956
2929
0.8833837231440079
2930
0.5638837181300909
2931
1.6157865429551406
2932
0.6749852711696469
2933
0.9448265886459576
2934
0.8297829366298356
2935
0.5933851373840952
2936
0.7810606231349235
2937
1.0731640084709346
2938
0.980209958297998
2939
0.7541694911435625
2940
0.9296211547697084
2941
0.9146116968149121
2942
0.5827794759767303
2943
0.8497038765330164
2944
0.5805958372148776
2945
0.7120575655507019
2946
0.7959283711090879
2947
0.5452773499113126
2948
0.6487575622775342
2949
0.6041407310461601
2950
0.924598578230823
2951
0.6411212547014736
2952
0.5305787934484272
2953
0.9775029674516977
2954
0.5663160446872232
2955
0.9849557469757483
2956
1.4648523180680337
2957
0.5701771123265041
2958
0.9670276534656633
2959
0.7148142468281724
2960
0.8541104645018543
2961
0.6401533998682688
2962
0.8203570797685505
2963
0.943541109237689
2964
0.8484975442539151
2965
0.8619695230812203
2966
0.6385592201808606
2967
0.6773131943250902
2968
0.9099189646231652
2969
1.1096501557428964
2970
0.5527912660402658
2971
0.8485529064052107
2972
0.9091806598604869
2973
0.5930911761972651
2974
0.98541525878105
2975
1.1286269807264477
2976
0.5601791377446278
2977
0.762117671003743
2978
0.5053850177838644
2979
0.628739256421179
2980
1.0006835608132472
2981
0.6709469340554159
2982
0.5585712724312657
2983
0.8784804524313038
2984
0.8864085368738922
2985
0.5134035141749586
2986
0.6190783881283407
2987
0.7995127406566486
2988
0.8159892390596446
2989
0.5059273620495247
2990
0.5240828848665753
2991
0.7448767936711856
2992
0.5923591574816446
2993
0.5387911105601438
2994
0.5671449049344923
2995
0.8642153629923266
2996
0.5627674152058647
2997
0.918362121185532
2998
0.6228956225278265
2999
Mean MAE: 0.8589757352750039
