nohup: ignoring input
0.33333333333333337
1281
427
0.8862135000800502
0
0.697193546208157
1
0.8844815919565291
2
0.6517015432932757
3
0.803394399908779
4
0.7790612184387855
5
0.6650026903088634
6
0.46382318237392045
7
0.6191843607880134
8
0.4026914735572653
9
0.7911296145292164
10
0.6765885815791537
11
0.48896513590906404
12
0.757724611546398
13
0.7412635929002166
14
0.6216079423402129
15
0.782508477718562
16
0.8210071706356079
17
0.8535616100955801
18
0.7444399247304937
19
0.6126354674521498
20
0.8394841611531559
21
0.6567139136504461
22
0.4714657936705435
23
0.5625773467509398
24
0.7421355955669452
25
0.8037763452385258
26
0.6945409639844446
27
0.7160820851087477
28
0.764432956317611
29
0.6773831984728227
30
0.7623679592300806
31
0.6508988984652094
32
0.5802757652582478
33
0.7086648777654252
34
0.56100354476358
35
0.960128689859536
36
0.8135046971295473
37
0.6655510894914882
38
0.674882020686577
39
0.7023379802881857
40
0.7572175934080472
41
0.7662673244112483
42
0.7575381674892832
43
0.7648339886222779
44
0.5443632176956402
45
0.7646011399948396
46
0.7720575094747988
47
0.733916936674093
48
1.0207068635320937
49
0.5912390117105448
50
0.6265330314195748
51
0.8943489200306316
52
0.8243372976403212
53
0.4786258192464598
54
0.680274473880077
55
0.769062850984895
56
0.6662605577671395
57
0.7008796559209453
58
0.632662179362891
59
0.7123981965993175
60
0.8354024944880031
61
0.7248520962220296
62
0.8512575695591122
63
0.8444045003418513
64
0.759644402857046
65
0.49351256794961074
66
0.4477383313691357
67
0.6203509521219057
68
1.0069142201391075
69
0.561404570927006
70
0.608748746887593
71
0.6144844369423773
72
0.7879544604234656
73
0.7254212145119046
74
0.7934139959783736
75
0.554730533146053
76
0.8879735283754976
77
0.644852331375966
78
0.6609024712128223
79
0.6625295311533352
80
0.40954682961178857
81
0.8578180317070803
82
0.8147349129498213
83
0.8607007675106318
84
0.7480846578473774
85
0.6670833278909349
86
0.8231833213286216
87
0.8634924665180921
88
0.7692231341297299
89
0.7982565500116957
90
0.7006242158528753
91
0.8777447471850062
92
0.7046058054597593
93
0.8741661255273471
94
0.5817507103726789
95
0.8089156672297381
96
0.7723547432722556
97
0.7176717756725984
98
0.7055353990493285
99
0.6922890840254111
100
0.5891680257656325
101
0.5831233118003766
102
0.5780623576602684
103
0.6153106602607621
104
0.8161477192540356
105
0.8933533817911913
106
0.6151614276332042
107
0.6243015788526309
108
0.7708943774407435
109
1.0100202762436041
110
0.8572929088076343
111
0.8367263006729293
112
0.6060852383860964
113
0.7387329350247925
114
0.7819667650037214
115
0.6525454880482329
116
0.8880272870589597
117
0.45947903413132724
118
0.6445498956364137
119
0.7082687632063382
120
0.6780789735875418
121
0.6515949557223321
122
0.7541124833136857
123
0.8752505246353598
124
0.5709810092679516
125
0.6349088857426008
126
0.3965388101035727
127
0.8053251127574985
128
1.0355306564383924
129
0.826523524765204
130
0.6821485121964532
131
0.6143500586666581
132
0.9987601373814643
133
0.5629580466684257
134
0.6451177729736334
135
0.7322833955840645
136
0.7686671479131262
137
0.4828507026581024
138
0.8299897399124508
139
0.65774129034873
140
0.874975865187357
141
0.721453945759795
142
0.83220474615698
143
0.5552625578778513
144
0.7710772421115119
145
0.610010143125517
146
0.8339326622160462
147
0.7245026151941856
148
0.668471221436904
149
0.8145450742755951
150
0.8282656469713296
151
0.7922285883754544
152
0.7560459615996797
153
0.5336061337148227
154
0.730758183078216
155
0.779224553262898
156
0.763786861117473
157
0.8013083951910892
158
0.8833309454393747
159
0.8907902576088021
160
0.7035010741292579
161
0.6575939004252996
162
0.8592683389061653
163
0.8380273846019155
164
0.8300373109338826
165
0.7741462637103527
166
0.8739546627887737
167
0.656847569958522
168
0.734714065848926
169
0.7900597567409815
170
0.4942092353913903
171
0.8169965942895572
172
0.6036763750749772
173
0.4836135159193434
174
0.8061163688804439
175
0.6462466047081531
176
0.7838209168499167
177
0.7126535500000619
178
0.7614272727556326
179
0.7318187536305072
180
0.7618204688776421
181
0.7409669158421979
182
0.8541131592940662
183
0.7424236550176927
184
0.8465843196753182
185
0.5455052405541717
186
0.5766493852546974
187
0.5659121092172886
188
0.73362567990214
189
0.575678914526806
190
0.8191797887251324
191
0.6425430336565617
192
0.9183207758527996
193
0.6478765107636846
194
0.7530459654660224
195
0.7437666512473761
196
0.7610534854309852
197
0.5552356321351222
198
0.601637488326999
199
0.8538132269227799
200
0.5802464578374513
201
0.8079513550434181
202
0.8277208745129013
203
0.8769571244252632
204
0.759954468449751
205
0.7550722938186427
206
0.5669995915711576
207
0.6414555996985464
208
0.5587766834626309
209
0.6182060177398084
210
0.584197717172479
211
0.6514194615050716
212
0.6887214236437302
213
0.6930266975270788
214
0.6080366375745565
215
0.6222754742239941
216
0.5311117939532455
217
0.9231291064283055
218
0.541978260192583
219
0.7114263303478747
220
0.7324562876086415
221
0.6682138325479806
222
0.6672611106602278
223
0.6305373100020045
224
0.9510327742188688
225
0.7266764406922368
226
0.6983455742879909
227
0.7883928902249769
228
0.7548959854684201
229
0.825325733296529
230
0.7997660662491429
231
0.4365001310758814
232
0.7098988571933618
233
0.7248796556627396
234
0.7064261312545355
235
0.6808364108258614
236
0.7040018163822384
237
0.8001846994988775
238
0.4850649208922423
239
0.6745252203000623
240
0.5836638398440075
241
0.7800565314907334
242
0.7243450169251507
243
0.6712721216311645
244
0.5694851770919773
245
0.7468705622656192
246
0.7226995359260157
247
0.8315909619519162
248
0.6364330141984591
249
0.771993482789564
250
0.8035642384193297
251
0.43173993032051156
252
0.4539295663510857
253
0.6616496009412282
254
0.724949586410849
255
0.8182683974987223
256
0.7346793356290396
257
0.43259386715744175
258
0.8374542981371793
259
0.8466570429602107
260
0.5397237341855255
261
0.5303708654230889
262
0.7508387262413627
263
0.8934061173661036
264
0.8209338513628546
265
0.662345382408808
266
0.8190344433479079
267
0.6970521599066684
268
0.4604315519274507
269
0.776266485061408
270
0.5698615796810264
271
0.6508745221044816
272
0.6910745502218625
273
0.650062016786376
274
0.7447011319136536
275
0.8285490159542284
276
0.6020080254594007
277
0.7974657136357783
278
0.7641195556748736
279
0.7602431020153708
280
0.7513595736735306
281
0.7558629237447969
282
0.8483094521107214
283
0.800459422222217
284
0.6757914692468685
285
0.8115297412802365
286
0.7384201162832613
287
0.9093407708501925
288
0.649488636979269
289
0.8246488169706757
290
0.8167248511153087
291
0.6131680486349929
292
0.8688745912985671
293
0.6278740712503781
294
0.8801916450220855
295
0.8104510722257993
296
0.7475319216459857
297
0.8606914615268559
298
0.45477905200487784
299
0.5983016445045626
300
0.8653024733379338
301
0.6577225913299046
302
0.6822543884979007
303
0.7996771886680483
304
0.4812602951310385
305
0.5301280598117192
306
0.6994414408996691
307
0.755992380115254
308
0.7840716153858077
309
0.5928253105596326
310
0.6284796088107215
311
0.7476954461005146
312
0.6980916219882314
313
0.7769200008267805
314
0.6722026804666953
315
0.6146030376387954
316
0.9760794654070871
317
0.8671777428116799
318
0.7780147297873553
319
0.7627059020903637
320
0.7280404867657915
321
0.7072522204280948
322
0.5495215305641761
323
0.6868879819751709
324
0.9349380066340091
325
0.5208410995400112
326
0.7439807348451165
327
0.7018402107910587
328
0.8758217870087899
329
0.4401649841404662
330
0.4427454356594432
331
0.5586729772911977
332
0.63790551312888
333
0.7536038567520734
334
0.6008408821406542
335
0.5611245405378157
336
0.6934878324895448
337
0.7076663630307337
338
0.7976294043920997
339
0.8739856318461471
340
0.6573359693253836
341
0.9972009164363244
342
0.6983525414663446
343
0.6378753738571538
344
0.6146279207654284
345
0.6803591405653006
346
0.6722627898012293
347
0.7020640567070319
348
0.7416193376120953
349
0.6061871767577668
350
0.5468435121356383
351
0.7006790329968783
352
0.8090946479176236
353
0.5717527209833638
354
0.8579870921418622
355
0.5929679954683468
356
0.6747283585613324
357
0.7155825556477539
358
0.6782654224953518
359
0.7962627389714921
360
0.7918438582233981
361
0.38079122428726936
362
0.78667972018004
363
0.48811554643816824
364
0.6649757941305618
365
0.7005319517614307
366
0.811309002527665
367
0.8194998224695648
368
0.6259306623779078
369
0.8036302650283588
370
0.4920312310650436
371
0.9113080522147355
372
0.6584574629756711
373
0.9123631576842639
374
0.7416233946787851
375
0.9223849256810484
376
0.5584800468489991
377
0.8097089319120693
378
0.7440351776033867
379
0.7090456302115621
380
0.9081610710412118
381
0.8887864192022925
382
0.9217733086554791
383
0.8424666691212799
384
0.8054132747701321
385
0.6503414560380252
386
0.9326442358108473
387
0.6520306897955788
388
0.8806866865223552
389
0.6684434052164371
390
0.8704693758243633
391
0.6674629723472139
392
0.5840221670375059
393
0.7534119562486405
394
0.5953611899936133
395
0.7851075634593311
396
0.5978001087709518
397
0.7727220713128755
398
0.8321907580907945
399
0.6444551620501501
400
0.6165831401798567
401
0.761902070159292
402
0.8815982780075072
403
0.7881478926177065
404
0.8371131061459057
405
0.7740468141953738
406
0.7987160093989081
407
0.6919230926372532
408
0.8195756892841254
409
0.6785339236189317
410
0.663896920178287
411
0.9760484919839533
412
0.9336905852474446
413
0.7035801870642485
414
0.5380983539124006
415
0.7471290021438977
416
0.796789016386551
417
0.6049806383670139
418
0.7670218585103066
419
0.8066748828561914
420
0.8194479543735271
421
0.720300935004424
422
0.772286523760034
423
0.8230139340716354
424
0.5579627241751381
425
0.7604003879978621
426
0.7460706434198383
427
0.944614010453462
428
0.7379165627029739
429
0.7505128536460217
430
0.8445275942903339
431
0.7355035083917023
432
0.8551687162056829
433
0.8262791353629413
434
0.49302531798092647
435
1.0611640306732033
436
0.6961196313406998
437
0.7385520811954496
438
0.47493897927385254
439
0.8282400722722231
440
0.7229926313872787
441
0.4976579898454396
442
0.6757127991637059
443
0.7486662219926609
444
0.649091785760568
445
0.8276255372680962
446
0.7404281601761726
447
0.7046126196375482
448
0.5442872484223956
449
0.407317870716721
450
0.9168578656915342
451
0.4341348890918183
452
0.9703254187839542
453
0.9144378677888169
454
0.6886666012184627
455
0.73265152723692
456
0.902501129876716
457
0.7921936699548212
458
0.7928293692867454
459
0.9130920803990422
460
0.5738562889548473
461
0.7876165598545697
462
0.775994040409753
463
0.8196486100603506
464
0.7466953234583005
465
0.7226593158903125
466
0.8213097074029297
467
0.8557564544103944
468
0.49188107282001486
469
0.6046525209621737
470
0.6936781706804694
471
0.7424824480456744
472
0.8248851808014149
473
0.6872140807548089
474
0.6683661737629802
475
0.6038687507804675
476
0.7499844940497362
477
0.9272990069720319
478
0.6806365025332493
479
0.7740742486922559
480
0.9127976812469092
481
0.6607971161401123
482
0.7629057867751264
483
0.872583259153589
484
0.9006312803029656
485
0.8057156390210313
486
0.8088148109940914
487
0.5256555625951423
488
0.7946492126796842
489
0.8193623577929441
490
0.61431725810824
491
0.4587028475787668
492
0.661488272877778
493
0.44011485147619783
494
0.9249267401819943
495
0.7150415011888686
496
0.8847656458748624
497
0.7700002617134911
498
0.7145483298664311
499
0.509235583095371
500
0.5878678261365352
501
0.8306368653535513
502
0.7110301847922571
503
0.7524566165263844
504
0.5986197813548131
505
0.8243050040197629
506
0.3671407725280891
507
0.7727924729013952
508
0.6595933594885578
509
0.5163387318876876
510
0.7880129445876738
511
0.8679448777465948
512
0.6312392741011474
513
0.640574849475998
514
0.5051333878254818
515
0.7821711776338462
516
0.7421776173679692
517
0.8651002633734987
518
0.7189880650186028
519
0.8245253290356058
520
0.46030132760722997
521
0.7580257424440853
522
0.5356961589812894
523
0.5199817756274315
524
0.6685640614561413
525
0.8644811013701011
526
0.8040078556034724
527
0.7638150219852905
528
0.792391438330421
529
0.6377897651159395
530
0.8342121909567062
531
0.6620060031641208
532
0.6585821464015867
533
0.8464171933481497
534
0.458487749445542
535
0.7833794342386593
536
0.720937820469442
537
0.9932134539901625
538
0.8152244727586555
539
0.7999224432916106
540
0.6539089018399566
541
0.7381261340891031
542
0.6748573712600124
543
0.9308978183209354
544
0.8749974417383856
545
0.7841620311985767
546
0.7852184902885713
547
0.8536235080600151
548
0.743205812882525
549
0.5455896623601925
550
0.5992749771280801
551
0.4769386703499833
552
0.5443187059429377
553
0.8428815942843194
554
0.7418929309623739
555
0.8658025859134081
556
0.8584968007161069
557
0.8831348635293729
558
0.8088486903315432
559
0.8458721306652621
560
0.7406031154033698
561
0.519118753630661
562
0.9280572395925978
563
0.721206877125021
564
0.7356347145273779
565
0.7102118391296501
566
0.7862441074620803
567
0.9346244797588709
568
0.39445562685197477
569
0.8740381317155751
570
0.7896302374518531
571
0.652322509121376
572
0.5180564996078817
573
0.6689708649863843
574
0.5267154723452723
575
0.445867540682925
576
0.8801780575311767
577
0.6251129765445106
578
0.9256941102178163
579
0.6140959256464297
580
0.7440630774906942
581
0.7686816053823924
582
0.6264814655196062
583
0.7411069515326819
584
1.0593532433951924
585
0.9434809286490687
586
0.8457471711920197
587
0.7082860227838292
588
0.7060146311402457
589
0.6704624002481638
590
0.7215695592687963
591
0.7039536350573752
592
0.9345395980739244
593
0.5282237827057136
594
0.4051776209267295
595
0.7769375555614291
596
0.7492001367469076
597
0.8414595018694718
598
0.7476598890940302
599
0.5931840829825239
600
0.7757076786835024
601
0.7373214742056557
602
0.5327229711715548
603
0.851604797473168
604
0.6191766614088798
605
0.48945702049548634
606
0.7419326868466468
607
0.6854777412097517
608
0.728389246179018
609
0.7104402092048471
610
0.628534912985545
611
0.642247742203564
612
0.7438821736230318
613
0.8011853494864657
614
0.5302663554029629
615
0.8032591405146364
616
0.7122783075873816
617
0.9178259459660577
618
0.6387274997269226
619
0.4555084220551078
620
0.8462002983336857
621
0.8290989517869084
622
0.5546713328714789
623
0.8933131442668981
624
0.6295032862256082
625
0.7799407770412837
626
0.8341461876675057
627
0.8085942539938402
628
0.9883560913948201
629
0.7749302525872427
630
0.7293315452075328
631
0.7049973792983513
632
0.7967782023252534
633
0.8352464368977714
634
0.7056826458093568
635
0.9391013974950073
636
0.7842179508306106
637
0.6229260910566444
638
0.5597315107651111
639
0.6233744972144136
640
0.8094283058726578
641
0.7833136059334331
642
0.9447591931552367
643
0.8100615459202176
644
0.7333537351567467
645
0.8409540218652078
646
0.7517704051356455
647
0.79282463713334
648
0.5555464272665039
649
0.716537657196326
650
0.671900737750013
651
0.3718390286196171
652
0.6201025099686087
653
0.6748444311608305
654
0.8242784709173246
655
0.6922041948486538
656
0.7565865235842401
657
0.7793727909959873
658
0.7194922074204184
659
0.8435660092564992
660
0.5585557620688509
661
0.5425616177215353
662
0.4316756816557878
663
0.9411565758409625
664
0.8171225331100939
665
0.6617231947913567
666
0.6589546344692183
667
0.7616086534024925
668
0.8657884077765508
669
0.855845194026417
670
0.896541330686333
671
0.7979668858509182
672
0.8252102410597013
673
0.7989180715137327
674
0.6125231410281036
675
0.6917839617421528
676
0.8383264143735402
677
0.781655572391289
678
0.7714639815930755
679
0.43545870910127576
680
0.6964677843871333
681
0.9265661240357616
682
0.7568205508534548
683
0.9163420342262181
684
0.8889746902192502
685
0.8842426398629772
686
0.7939096964996825
687
0.8069843913939713
688
0.5398126521560627
689
0.8160162059219125
690
0.6214102286290978
691
0.8877182162104192
692
0.5245520633970578
693
0.4742741190085622
694
0.7219247074089872
695
0.7778739039723537
696
0.7054707763483637
697
0.7970725069979878
698
0.7387175286113492
699
0.5125252603044071
700
0.8348639276294907
701
0.8010857518129056
702
0.5883535567203975
703
0.7477887664434566
704
0.8003105833554157
705
0.5925696117677862
706
0.6342397674454073
707
0.6772347402801653
708
0.7905643841834827
709
0.7676246200087707
710
0.3994018406049375
711
0.6999037764657452
712
0.711533107488323
713
0.7389213254174413
714
0.7990028063758567
715
0.8872690304308593
716
0.7935059585561132
717
0.81457496411828
718
0.7653026744077184
719
0.5879749653304557
720
0.9975030872283583
721
0.5016561856873687
722
0.7133323903343808
723
0.7927170784882831
724
0.9346679575184731
725
0.8061464664102798
726
0.5485647039912512
727
0.6643105231881535
728
0.6117959822800749
729
0.66024530902959
730
0.9194412785511227
731
0.845061643956374
732
0.786304175117239
733
0.4861034198502374
734
0.7416581402137638
735
0.69872339367362
736
0.5998594833267071
737
0.48211733676696206
738
0.6120891659240432
739
0.7414431844063673
740
0.6009277253382282
741
0.8911018343966746
742
0.9264428751829634
743
0.6383984292620797
744
0.6096371128322979
745
0.732260011232898
746
0.8365992207134544
747
0.7279588064181549
748
0.9481150615724429
749
0.7584906648331011
750
0.8502692475881433
751
0.7212453915360117
752
0.597720419339942
753
0.8430939902513793
754
0.610483814964679
755
0.9179502837966117
756
0.7161847248431507
757
0.7417043071437527
758
0.659641149287257
759
0.6289777336275826
760
0.7641922336746231
761
0.7711770308732241
762
0.7695101814077214
763
0.8715788368635322
764
0.696668620998216
765
0.8454976439377349
766
0.5772279311571978
767
0.4856883231442977
768
0.984285200212327
769
0.6287412259532085
770
0.6063163164227247
771
0.8761726696683498
772
0.6844747304098672
773
0.9260414009068326
774
0.775856188361884
775
0.7892306676483345
776
0.8286102527033374
777
0.7963302957068634
778
0.7736350630400892
779
0.7489996654949407
780
0.7745610147406051
781
0.597364499763112
782
0.5596801360393737
783
0.7559940453406817
784
0.7322090889644771
785
0.7847997774011412
786
0.44575497626094845
787
0.7555452002392408
788
0.6261667930024537
789
0.9034716573481715
790
0.8568997838178705
791
0.5929604490229133
792
0.5935190725813382
793
0.7422089699584674
794
0.7919208722883411
795
0.7068373879789019
796
0.7753044903346031
797
0.8285355280433211
798
0.804824272398531
799
0.8456386036678941
800
0.9083375353562728
801
0.7972511188219596
802
0.630568253562493
803
0.8274701452547001
804
0.717613621743177
805
0.71325955897257
806
0.7845146579363783
807
0.7261357920180797
808
0.8627322241632752
809
0.8001198917171513
810
0.8591544434045826
811
0.7942267288520143
812
0.7291192808496209
813
0.7363056412177363
814
0.47182609577815987
815
0.7908517099086767
816
0.4620885983375536
817
0.5587559035839919
818
0.6660208052133583
819
0.9026015210826406
820
0.657142342589865
821
0.5302729540860788
822
0.6235717568719434
823
0.8832710872501242
824
0.6364777014837505
825
0.44415216763593757
826
0.696095912669037
827
0.8455420902172378
828
0.45724654121672453
829
0.8371885122316003
830
0.5578252013675379
831
0.8647298662960634
832
0.6420830631955767
833
0.47977471616656203
834
0.5670036941058464
835
0.9642381424348495
836
0.8050533492091188
837
0.6571169551451216
838
0.7118099423093206
839
0.570784038458644
840
0.6587112560625391
841
0.914183958736275
842
0.704035013167642
843
0.860479072243028
844
0.5346850920789578
845
0.6416996032755312
846
0.7568978720217594
847
0.8009287243201008
848
0.9069994688913289
849
0.8737233600837959
850
0.6126072726082232
851
0.82616032231168
852
0.6565838003336222
853
0.7287098414658802
854
0.7517442073365646
855
0.7106773000798111
856
0.760187709669344
857
0.7186407838588328
858
0.838402524458226
859
0.7181341288277071
860
0.7175774688044512
861
0.6072573842532929
862
0.4936819123471528
863
0.5046477609038315
864
0.8288590498580726
865
0.7369724576813335
866
0.6974469442826713
867
0.5244825518021508
868
0.6087836533875575
869
0.7012073728455502
870
0.5931841795391418
871
0.5565235678311475
872
0.6971997161039798
873
0.8194807605754245
874
0.5964036225836039
875
0.6006236424550468
876
0.662697792753615
877
0.5183277136944041
878
0.7456742985793983
879
0.6335418457316259
880
0.615562558744581
881
0.9865805984398744
882
0.8420067843372777
883
0.47146846645640245
884
0.6789738038370605
885
0.8798027698936649
886
0.6145706972320186
887
0.610338560557481
888
0.5957391569472132
889
0.9203419268877989
890
0.5728632419704383
891
0.9181065484779035
892
0.9222356811769805
893
0.7985414744666396
894
0.6013206550137077
895
0.6590562362544832
896
0.67740499056446
897
0.7195153307968087
898
0.6838884668466112
899
0.8817276913368906
900
0.7173924574168445
901
0.7086933845456005
902
0.7684463874095403
903
0.7144168456883858
904
0.7251149009415293
905
0.6553193428898714
906
0.6225942147813173
907
0.6672486851045959
908
0.49452927221069126
909
0.7090187069793064
910
0.7277397701500283
911
0.9767475763171399
912
0.8257027107587808
913
0.4207690875628739
914
0.6977465860068819
915
0.6538285591190197
916
0.766899190358221
917
0.6754474580312352
918
0.7072580321650535
919
0.604345288400257
920
0.4852227678478769
921
0.6430484080534261
922
0.7717634476764343
923
1.0173927995010559
924
0.5021408922047806
925
0.5526202275713543
926
0.8064360470019873
927
0.6286405366132675
928
0.43412009983160016
929
0.46089532771656877
930
0.613692677740102
931
0.6469602183148413
932
0.7931506518542193
933
0.6920440005705207
934
0.681254347116498
935
0.6514098636600271
936
0.8063888889342136
937
0.8499947484348861
938
0.8948120468951545
939
0.8727486162571071
940
0.7168903062266205
941
0.6731767149561045
942
0.6848354415135919
943
0.6733026236265354
944
0.7239786433130049
945
0.8309525240903616
946
0.7301394500148585
947
0.6893690255587721
948
0.7576942931628035
949
0.5791271921350941
950
0.7991485611109062
951
0.9080527623159143
952
0.749392936345177
953
0.5940916639420171
954
0.6487116005561717
955
0.8709230529575936
956
0.633236957221116
957
0.6398881928622874
958
0.6199459032704233
959
0.8128601667541386
960
0.7985504226546272
961
0.7297870723482985
962
0.7710041490492248
963
0.8305357421961477
964
0.8202944311935562
965
0.40650824805846164
966
0.7046001530301419
967
0.8419209392957656
968
0.793917047901854
969
0.824989857093829
970
0.668348678913538
971
0.5809283018906083
972
0.6377055642204238
973
0.5891264706035068
974
0.6288805197766686
975
0.6539329087331774
976
0.5895540978197699
977
0.8024812205593913
978
0.8500786559292245
979
0.7037100200122592
980
0.8228502909471597
981
0.8944064908160971
982
0.7769727299761324
983
0.5385611212933052
984
0.6861284622888734
985
0.7067832534463458
986
0.47374832183246607
987
0.5813738965734833
988
0.7234280518011639
989
0.8196744576562177
990
0.5720783414692551
991
0.7990555794919975
992
0.5157766770296851
993
0.6762617806501819
994
0.8713696839282767
995
0.6090905305078117
996
0.6359185158102046
997
0.7483525749671446
998
0.9991212582799248
999
0.5212447193695877
1000
0.5707329011004598
1001
0.748556235376983
1002
0.771129997455336
1003
0.778761909256389
1004
0.79811417234831
1005
0.7332776175456558
1006
0.6358078360355003
1007
0.9269391053659645
1008
0.6914888817853244
1009
0.7709749811149099
1010
0.6190723447102336
1011
0.8163270497672599
1012
0.4971938563979545
1013
0.9839274559831661
1014
0.6413831759942056
1015
0.5437920048802505
1016
0.8686082888438734
1017
0.7243998661482458
1018
0.8384511159449664
1019
0.9511688464200376
1020
0.8072964439814455
1021
0.8520112803482344
1022
0.7632614130438388
1023
0.433148918241629
1024
0.9169489737477059
1025
0.8039635081214884
1026
0.6662339560851395
1027
0.816457263541029
1028
0.6733958596882118
1029
0.5960634778615711
1030
0.7699522608553797
1031
0.8649788821220472
1032
0.6273598589830419
1033
0.7346865380057199
1034
0.872613558976394
1035
0.8415434953247967
1036
0.8074980190935678
1037
0.6220674792070949
1038
0.7481123349980962
1039
0.8079461424267379
1040
0.7612369559952813
1041
0.7915668672737637
1042
0.7989350039437765
1043
0.9220077628559562
1044
0.6406197002248591
1045
0.7622982564063829
1046
0.6822451195834162
1047
0.8107622986476511
1048
0.5820956539979675
1049
0.8638020198756281
1050
0.749032163138944
1051
0.4442384361847614
1052
0.8116355512195617
1053
0.6849438858250327
1054
0.8310593092204273
1055
0.6746155924631557
1056
0.842668508812751
1057
0.8801030609995566
1058
0.5436285735024522
1059
0.4112071320442382
1060
0.5558871451950629
1061
0.6819982782137238
1062
0.7662716754291842
1063
0.7780435086438184
1064
0.7439533043070453
1065
0.4793416099090169
1066
0.7191631508255663
1067
0.8544868248738656
1068
0.8313261597133955
1069
0.6456784343231003
1070
0.8311498518661872
1071
0.8352148391839531
1072
0.6152326845321967
1073
0.7229150932719632
1074
0.5539402462979148
1075
0.5629779700483473
1076
0.7551372358758399
1077
0.7900316430215858
1078
0.7962088190598282
1079
0.6387457760843699
1080
0.5504638381364498
1081
0.7856111068265329
1082
0.8043882538329219
1083
0.7103456103885867
1084
0.5437232684947759
1085
0.5440143225015238
1086
0.6732369200108477
1087
0.9890292670792957
1088
0.7612789587775577
1089
0.44157571353482183
1090
0.6047369522579376
1091
0.7816840794744373
1092
0.8061647081395535
1093
0.467156186994106
1094
0.7287346892746394
1095
0.6634901492368942
1096
0.46180684964726026
1097
0.5040241602064266
1098
0.6275860241280137
1099
0.49442979299917683
1100
0.8148965536261371
1101
0.7191479678294564
1102
0.7010415800765187
1103
0.6686869046265452
1104
0.7788762403787092
1105
0.788150367999938
1106
0.8469181210201976
1107
0.7648448647069571
1108
0.6705230457878927
1109
0.5952666224469252
1110
0.8640244673890626
1111
0.748123780891879
1112
0.9530999002900841
1113
0.5859791813602495
1114
0.4552074766934182
1115
0.8172121898637427
1116
0.6394307403616383
1117
0.6352979833015169
1118
0.5247865885680163
1119
0.6201674144891282
1120
0.5576648946391319
1121
0.6885774965352128
1122
0.7064900127417943
1123
0.5886811245017276
1124
0.7474325258322514
1125
0.8825120287228132
1126
0.5492796580135967
1127
0.6829215039977289
1128
0.7375177078823633
1129
0.7096582883901164
1130
0.6635889408400926
1131
0.9484950828403962
1132
0.696014769963017
1133
0.7713245105906704
1134
0.6921424903766318
1135
0.6627665177560089
1136
0.9048862034163889
1137
0.6623709760651968
1138
0.6537890588810489
1139
0.7369485216901104
1140
0.7099025607240375
1141
0.8677449068736257
1142
0.59119692263131
1143
0.5901820558620886
1144
0.8366412118748189
1145
0.962101294372315
1146
0.7722216665009892
1147
0.3766176585753216
1148
0.715224606245468
1149
0.5460103451781668
1150
0.7134444176987639
1151
0.6254960177062301
1152
0.7698661394134287
1153
0.9529056188683691
1154
0.798443071495739
1155
0.725058195609997
1156
0.6052528900863587
1157
0.7586603527253013
1158
0.8895946904647212
1159
0.6353607651772016
1160
0.7180910490868153
1161
0.9633288758374653
1162
0.8680543664023044
1163
0.7075352362838224
1164
0.5234566621867233
1165
0.7458836507036581
1166
0.7153288628661061
1167
0.3633661724974984
1168
0.8361095770429394
1169
0.7256339496921839
1170
0.5980433807174355
1171
0.8503603786551527
1172
0.8511600477846577
1173
0.44343001345819494
1174
0.7187666141842654
1175
0.639091852566453
1176
0.6222475147805827
1177
0.7939805792532113
1178
0.5674222307530443
1179
0.523202983356667
1180
0.665411845113212
1181
0.7598353141519285
1182
0.74010408322626
1183
0.6848219687503836
1184
0.5482032375046275
1185
0.6291033616500293
1186
0.6583587538053172
1187
0.7592119630618874
1188
0.6153686067970837
1189
0.628755233491135
1190
0.7891678394764854
1191
0.7876060496929258
1192
0.6916482421136797
1193
0.810585414299016
1194
0.6473608979478079
1195
0.7158476173346966
1196
0.6192138036962861
1197
0.6902563763088496
1198
0.7025423408368605
1199
0.7615394973738085
1200
0.6516911363574814
1201
0.8399827383891286
1202
0.7168486819201622
1203
0.713879984564682
1204
0.725060570476887
1205
0.9423132353884808
1206
0.8897038557809185
1207
0.6743127061383097
1208
0.7704098256560252
1209
0.7459851709348462
1210
0.7230337982189825
1211
0.7858252145289505
1212
0.9215591954087409
1213
0.7227853137419862
1214
0.5606849036043411
1215
0.755282289714171
1216
0.8776746369704772
1217
0.7524774259286567
1218
0.7388460435662104
1219
0.7379506998046156
1220
0.773790210302362
1221
0.6767539839262408
1222
0.40869841122562156
1223
0.7852746439725614
1224
0.7626651090019066
1225
0.6532351724261095
1226
0.7612151567973727
1227
0.5367975427755515
1228
0.808074685850833
1229
0.7468131529205546
1230
0.7321047965197472
1231
0.7016563123793909
1232
0.8098331368621691
1233
0.7433821029553183
1234
0.8119297951182587
1235
0.9570737088394692
1236
0.5174791114284647
1237
0.804590702643741
1238
0.5265698297024652
1239
0.5850816102554673
1240
0.554028841581614
1241
0.5906259769001032
1242
0.821309586724034
1243
0.7855640057074349
1244
0.945126598635197
1245
0.9409032408451672
1246
0.8252368692591286
1247
0.7816490556960874
1248
0.660123023688054
1249
0.9222670993970888
1250
0.7600104268744134
1251
0.7282293129886656
1252
0.7344178263646806
1253
0.42888434379764856
1254
0.7235418530578469
1255
0.5400024015234598
1256
0.8127731135352066
1257
0.709138496741451
1258
0.770641560911484
1259
0.7708463163333983
1260
0.6034585192300065
1261
0.7472794758657141
1262
0.5972353822324385
1263
0.72043957733608
1264
0.7348246218916996
1265
0.6101492735115941
1266
0.858894404598684
1267
0.5630209220362051
1268
0.7994128337343321
1269
0.5639650729115826
1270
0.804428331741053
1271
0.7650771758767466
1272
0.6909219751718162
1273
0.7837123229890943
1274
0.6506288668508168
1275
0.8261046456336039
1276
0.7142595323542564
1277
0.8986458937049432
1278
0.6401600341702671
1279
0.8086265470607022
1280
0.9957182302615878
1281
0.667960953588234
1282
0.9482016846852128
1283
0.6265992828079388
1284
0.5342367355445301
1285
0.7722938910902813
1286
0.7823665994755752
1287
0.8158121834912309
1288
0.7118991627713226
1289
0.5211636615283307
1290
0.4135554228495982
1291
0.8038000087223328
1292
0.7608751256210167
1293
0.9531258268288625
1294
0.7309629541590084
1295
0.45452620187089854
1296
0.6985111787579068
1297
0.7465334193779228
1298
0.6487611842867325
1299
0.840486379776416
1300
0.7535785326286407
1301
0.48443827162643177
1302
0.697094578068378
1303
0.8073141199450693
1304
0.7050632297462439
1305
0.7174560952121904
1306
0.6427524517655778
1307
0.6532889371538286
1308
0.45197296612873183
1309
0.6126739551970665
1310
0.5961004262619597
1311
0.6588612318020268
1312
0.7889875675983229
1313
0.7941430587449644
1314
0.7861622543961325
1315
0.6089845135248408
1316
0.4780351673954794
1317
0.7830009638580163
1318
0.6733816029572083
1319
0.7215410166992887
1320
0.8061106014677738
1321
0.7812951084196943
1322
0.6484760828517785
1323
0.4725058923747913
1324
0.7127205099621462
1325
0.8828263254740304
1326
0.8349213506259666
1327
0.7051822967343611
1328
0.8233390672331169
1329
0.700659489172825
1330
0.7035108909615357
1331
0.6615953461085851
1332
0.8036785560017365
1333
0.5711581146841092
1334
0.6041994466962789
1335
0.6588818623783701
1336
0.7394556332883372
1337
0.7901798418889735
1338
0.654611980621635
1339
0.6128174088142716
1340
0.7486356726254065
1341
0.738684928149404
1342
0.668058344921314
1343
0.7964833029095439
1344
0.5904426109762205
1345
0.4225415301113101
1346
0.6685418569781604
1347
0.5948218735257907
1348
0.720319156929354
1349
0.76161377386232
1350
0.8009028043478895
1351
0.8623088208159979
1352
0.6993230050941507
1353
0.4761913717582685
1354
0.5078085380151012
1355
0.438898840156207
1356
0.7914898306873323
1357
0.914711719254199
1358
0.4836562486804449
1359
0.9237271118873265
1360
0.8265332564865103
1361
0.7821062224376366
1362
0.6825585454384265
1363
0.7586726611100321
1364
0.45823382150679204
1365
0.6478883649655036
1366
0.5036878826787009
1367
0.8241827871730072
1368
0.6572868493860147
1369
0.7821032075959246
1370
0.7152892906633495
1371
0.6121675775629789
1372
0.6959275923117701
1373
0.6100231317673117
1374
0.7062196822475335
1375
0.5136296642625726
1376
0.7694980240342006
1377
0.7927494355195299
1378
0.6310098340736189
1379
0.7999177931522451
1380
0.5984170157545821
1381
0.6276820859320725
1382
0.8071754586329044
1383
0.6196422261514055
1384
0.9102896639076397
1385
0.8868347157012237
1386
0.6317311982478948
1387
0.6919058063782286
1388
0.5603510547416389
1389
0.5487490908475362
1390
0.5629523435700081
1391
0.43025702194296467
1392
0.7662416641268998
1393
0.7417060348149518
1394
0.7480601442498727
1395
0.6012691175009383
1396
0.8424028926224868
1397
0.8266727230560711
1398
0.7407916697187148
1399
0.8422398722736819
1400
0.8402955489425334
1401
0.647302743282233
1402
0.6948651517027925
1403
0.5847409243438495
1404
0.5266023957832638
1405
0.7580667549924374
1406
0.44226558701089563
1407
0.7471576371061672
1408
0.9017644517260954
1409
0.6428202951461173
1410
0.6300316088476373
1411
0.735581777785983
1412
0.4207194325805016
1413
0.5793894890269808
1414
0.6153553299786859
1415
0.6498240389932068
1416
0.7688816761396082
1417
0.642400702528808
1418
0.6520415568825172
1419
0.8372881193615384
1420
0.6939608394238831
1421
0.8475565843705054
1422
0.7829706635020913
1423
0.9246268582914247
1424
0.6629989340242319
1425
0.49305867723021995
1426
0.8046622197062189
1427
0.8104767104285727
1428
0.8587020390983247
1429
0.8330644678385053
1430
0.6609166588808234
1431
0.7469804323856332
1432
0.5159388054333823
1433
0.7802437922491589
1434
0.8226494914154786
1435
0.8386979161661842
1436
0.6914250823678479
1437
0.4118673912111427
1438
0.9208997514182954
1439
0.807327110492815
1440
0.7930042316293809
1441
0.8725509133139021
1442
0.6333974537099469
1443
0.7448176980779294
1444
0.6435926266280214
1445
0.5057359419424974
1446
0.8561368344511547
1447
0.7878052038790742
1448
0.6970045816304348
1449
0.4310354272930651
1450
0.6510087836376298
1451
0.7228309929953658
1452
0.40325567091603415
1453
0.7220382103863638
1454
0.6088542974495081
1455
0.7359544452428449
1456
0.8737390094756113
1457
0.6366562311752937
1458
0.5512836516514829
1459
0.7388455138703852
1460
0.43693715326922233
1461
0.7438201493692104
1462
0.6920126378870911
1463
0.7060456428925651
1464
0.7277171952962154
1465
0.5879677712034059
1466
0.8146945638924771
1467
0.8889950186441696
1468
0.7218104047379824
1469
0.7890266633221448
1470
0.6833657844212746
1471
0.5006490919663945
1472
0.7477998405019257
1473
0.7897547330469961
1474
0.7226150577854659
1475
0.6942962950751381
1476
0.5923877651273136
1477
0.923948856467109
1478
0.8199053859067539
1479
0.7965480281146664
1480
0.6637883821137699
1481
0.7205546201571568
1482
0.8685298390492888
1483
0.779790006423832
1484
0.6952651310638936
1485
0.849934205446184
1486
0.6716039442315431
1487
0.787310607104765
1488
0.7726008058554161
1489
0.643845276517705
1490
0.7104342422874383
1491
0.6353097350879078
1492
0.5927293976681219
1493
0.8367134313040453
1494
0.7804715211479896
1495
0.9707731857281938
1496
0.6196924635717811
1497
0.82524763170303
1498
0.6424456665648254
1499
0.737922416266906
1500
0.6145614947394804
1501
0.642466942804067
1502
0.582281633273567
1503
0.954021131924848
1504
0.4805327846142997
1505
0.8104507278029863
1506
0.7907209238339
1507
0.5021843410851566
1508
0.8693160441012134
1509
0.9356078709174415
1510
0.5774525710773029
1511
0.5181137298694437
1512
0.6325648441044266
1513
0.6305101842463462
1514
0.8530713593533309
1515
0.8294142856335349
1516
0.7003591571721483
1517
0.7043903628453356
1518
0.7500900416700849
1519
0.7819855139491679
1520
0.39751368862635933
1521
0.8371790466455304
1522
0.7492134086754642
1523
0.621087538209552
1524
0.7426598173037671
1525
0.45682075318443804
1526
0.6921962765300583
1527
0.7333852159689568
1528
0.6480524190540261
1529
0.6930599269492751
1530
0.6958085064965165
1531
0.4802392433697642
1532
0.8201799040066134
1533
0.819323168886605
1534
0.9059143845740818
1535
0.67264381179772
1536
0.5693367617719107
1537
0.6263752671362655
1538
0.803456642409855
1539
0.5644079670757656
1540
0.6375163890035317
1541
0.6457674978344603
1542
0.9137931985251709
1543
0.888562948047923
1544
0.7334699080287321
1545
0.8151274653141947
1546
0.7661321562163184
1547
0.519672115798023
1548
0.7855652385576974
1549
0.8085170978195787
1550
0.5647866703031029
1551
0.7983555781719325
1552
0.7635529132597396
1553
0.7145403239649692
1554
0.7652571644466047
1555
0.5776080037975573
1556
0.9340348772092811
1557
0.866679375098158
1558
0.8527556261963346
1559
0.7196915081891021
1560
0.7927262773559524
1561
0.7049027583423801
1562
0.8983516275386584
1563
0.7421037789299635
1564
0.5846962864418264
1565
0.7982336704702988
1566
0.6563504812425471
1567
0.7174909909661693
1568
0.7876338157332962
1569
0.5079174155175545
1570
0.5775807109709126
1571
0.530165388082114
1572
1.0225492247842862
1573
0.7079778489929894
1574
0.7810031114447756
1575
0.5869400654992668
1576
0.7302387717921941
1577
0.9498214912370071
1578
0.7581138851953609
1579
0.747993554658936
1580
0.8782728536922352
1581
0.6019092324936118
1582
0.7744176648066212
1583
0.7794002962103649
1584
0.9082874976301022
1585
0.8563098683233696
1586
0.735164813793107
1587
0.7539442528182795
1588
0.727253100351601
1589
0.7325759474927732
1590
0.5194897071204522
1591
0.6517720377763242
1592
0.8953844601011118
1593
0.41620028907053486
1594
0.7125488487169367
1595
0.7297829799239799
1596
0.7955942268088015
1597
0.7072333342681876
1598
0.9409578900447013
1599
0.5914246262353862
1600
0.7670914939269468
1601
0.8276885536280169
1602
0.6699226597158973
1603
0.8051713223169065
1604
0.863634123659524
1605
0.8229276872459372
1606
0.6698245003378335
1607
0.8771627800013988
1608
0.44671782630050655
1609
0.6373461651146843
1610
0.9855511351501431
1611
0.6540680942669557
1612
0.8215756637393073
1613
0.7362891159699723
1614
0.8245911802818122
1615
0.8730088505429939
1616
0.8053453500507223
1617
0.9030557269184082
1618
0.7164639412841003
1619
1.0023087941884363
1620
0.8780403112197493
1621
0.810625510907546
1622
0.7506808635668417
1623
0.5690393010154218
1624
0.6204367182493407
1625
0.6680237359639845
1626
0.805406382093274
1627
0.8087724169744926
1628
0.791644374500426
1629
0.6624003943621322
1630
0.758547866642006
1631
0.5941545825691426
1632
0.415676802286491
1633
0.7604988937114128
1634
0.8157869801736002
1635
0.724142584683734
1636
0.8851185258088817
1637
0.6146365286223419
1638
0.6134303434794427
1639
0.6882445643790343
1640
0.731285276324005
1641
0.678617379877831
1642
0.8000291328301959
1643
0.7812511923828511
1644
0.6275580647723458
1645
0.6494956884017533
1646
0.8175750260734885
1647
0.6897294583968661
1648
0.8600413758355785
1649
0.6483227779364674
1650
0.794972685715752
1651
0.7076370553788103
1652
0.6651019906131576
1653
0.7281357305059387
1654
0.7492443747043549
1655
0.8570356173915129
1656
0.8174915739574751
1657
0.7273498863039775
1658
0.6658350477805675
1659
0.8347385881543535
1660
0.7361968039311444
1661
0.7364918446964275
1662
0.7134206080990252
1663
0.5567178221593335
1664
0.7918838735819216
1665
0.7527566536178527
1666
0.4245509542913949
1667
0.7071445305884174
1668
0.3680895835353523
1669
0.6913926983275451
1670
0.6830822412717223
1671
0.838234226548119
1672
0.80666118767509
1673
0.6094629354213699
1674
0.41645454527616094
1675
0.8648199138154505
1676
0.6586258369705789
1677
0.7274423009810107
1678
0.6694437254547952
1679
0.7567205112964523
1680
0.6653582031749343
1681
0.8122283147029924
1682
0.7329392957340088
1683
0.893977488750725
1684
0.6991187767695363
1685
0.6316470298720901
1686
0.5740093310126707
1687
0.8385798495316867
1688
0.7178234428701519
1689
0.5694642089958186
1690
0.8716915515992871
1691
0.5663904830441748
1692
0.7610582944596542
1693
0.6517982251781724
1694
0.8234928845558276
1695
0.7406567481703263
1696
0.7725856415208804
1697
0.713964619636062
1698
0.7724540180501006
1699
0.6098291262498675
1700
0.7017110421669119
1701
0.7422871909163736
1702
0.8302225929603461
1703
0.730289329885451
1704
0.8900664161281473
1705
0.8034903862885081
1706
0.8663316155535143
1707
0.4637389464382305
1708
0.798516399342138
1709
0.8403234730172966
1710
0.7225238920058249
1711
0.7773064222297601
1712
0.8971117427243878
1713
0.5134934878026077
1714
0.8221384763563802
1715
0.7934327024209632
1716
0.5498508499426481
1717
0.7743409155713229
1718
0.8693408490134664
1719
0.5014421777637793
1720
0.8324002410023048
1721
0.8010768681743826
1722
0.4423341751964016
1723
0.5819796187732887
1724
0.8115730986410002
1725
0.6852610867596913
1726
0.8471934426570576
1727
0.8552307926788448
1728
0.8616237837211518
1729
0.6522455591393324
1730
0.8380140315174645
1731
0.7720754087569394
1732
0.9172498117697672
1733
0.7825823975481392
1734
0.5927468579444445
1735
0.725033739817685
1736
0.9305389804462383
1737
0.7085750286092621
1738
0.593661900193735
1739
0.7757817294170956
1740
0.7308544038053598
1741
0.7593515463673621
1742
0.8337843832963436
1743
0.6936704541945061
1744
0.5464666465599721
1745
0.7686251350141078
1746
0.701222844610064
1747
0.7574670564565092
1748
0.803962592992104
1749
0.9949643985736971
1750
0.7601398957701466
1751
0.8164685286059084
1752
0.8391982594270627
1753
0.687994108772578
1754
0.8282510958593055
1755
0.8350826461155253
1756
0.5581346532019863
1757
0.7407232331198669
1758
0.6519184919252067
1759
0.6823455110945248
1760
0.508905389644814
1761
0.712715608104836
1762
0.7986444041474235
1763
0.8020692930747129
1764
0.8504005643843147
1765
0.7016894801058731
1766
0.8140642390340693
1767
0.4281337189690857
1768
0.7400771146655774
1769
0.8387778862812367
1770
0.7359707696193581
1771
0.91316793665858
1772
0.7756688124213539
1773
0.377262218149156
1774
0.5947361113480488
1775
0.3831936277004121
1776
0.8213528833040873
1777
0.4907947016693302
1778
0.7918088281010093
1779
0.9656487694621207
1780
0.8807835082790052
1781
0.6652924340298161
1782
0.7923436854810463
1783
0.9147624512631225
1784
0.6633809007060286
1785
0.7388023842815136
1786
0.49940806357252343
1787
0.5931902638422395
1788
0.7558075195842294
1789
0.5438908273304792
1790
0.8733423987075899
1791
0.7974698109508059
1792
0.5814868358242602
1793
0.7380458811596445
1794
0.7720778090484246
1795
0.44772547759142284
1796
0.5496662927477983
1797
0.6096948203024132
1798
0.5742441122349987
1799
0.8679288184232605
1800
0.6805341454318805
1801
0.6266555061917941
1802
0.7369429732860551
1803
0.7155283769952192
1804
0.8034793146485044
1805
0.8459161097755324
1806
0.6535263983960975
1807
0.8621822499739752
1808
0.5957479877729734
1809
0.663335508844466
1810
0.7264367752706478
1811
0.6401848684012411
1812
0.5428169566934873
1813
0.7125406061470551
1814
0.7179086534283629
1815
0.7153928944908724
1816
0.5509859642471671
1817
0.529411313839452
1818
0.7371753416693858
1819
0.8411185627794295
1820
0.7625719264089774
1821
0.7796645743402066
1822
0.6740903709534238
1823
0.7543714409357501
1824
0.7504916726034113
1825
0.5266903753951392
1826
0.853919714995462
1827
0.6302926795045033
1828
0.7606951077309523
1829
0.6613929860421427
1830
0.7707457184982699
1831
0.9655433268940997
1832
0.7746088759472042
1833
0.867128024058761
1834
0.5350812940256064
1835
0.8335693856534986
1836
0.5138541691439543
1837
0.8572861340520187
1838
0.8251795119295451
1839
0.7257990816213097
1840
0.8414594208749349
1841
0.8030606952825617
1842
0.6835182764536308
1843
0.85936340157534
1844
0.8129653928948248
1845
0.646594496031703
1846
0.5823425330518278
1847
0.8131484050928325
1848
0.8288527842968609
1849
0.476459362088144
1850
0.6271083599263798
1851
0.8354325049241205
1852
0.5625896806509948
1853
0.9017136436128479
1854
0.75964907053972
1855
0.8788292589321323
1856
0.6670234276705184
1857
0.730150961937455
1858
0.7769995428561693
1859
0.9996125847708613
1860
0.4614535220988253
1861
0.4588154345056926
1862
0.7431262591255445
1863
0.9502384590146005
1864
0.6283350327370002
1865
0.7071740049877102
1866
0.70605789726292
1867
0.414036165084067
1868
0.7045037865611827
1869
0.78995811908525
1870
0.6605358271332176
1871
0.7029200943768624
1872
0.8021637987723503
1873
0.8939299119373262
1874
0.4500606197302456
1875
0.6548958041699224
1876
0.7591020817905137
1877
0.7165078331141425
1878
0.5806252604266287
1879
0.6154254102264161
1880
0.914465654049846
1881
0.786129993281646
1882
0.771615841076142
1883
0.3755531562490191
1884
0.7481698209553309
1885
0.8135629712181297
1886
0.8448384924854286
1887
0.7588536017525574
1888
0.5563580996664799
1889
0.8238590886280261
1890
0.8226760562892313
1891
0.9353639269751107
1892
0.6716135304817785
1893
0.44056379123579487
1894
0.7622679238757536
1895
0.6938791965214887
1896
0.40951103487340057
1897
0.8906740071639537
1898
0.6198487516403514
1899
0.7447033936905301
1900
0.5447090210835586
1901
0.8468852276036966
1902
0.8491563653921569
1903
0.7161920706906488
1904
0.7086045391546734
1905
0.6523565393763193
1906
0.7651832384494507
1907
0.8511791946295951
1908
0.8622713014387602
1909
0.8051265204535929
1910
0.9212987692971707
1911
0.6672321106706822
1912
0.707398014100127
1913
0.7101608282421505
1914
0.8331952183562984
1915
0.5468595024308012
1916
0.7353389570752731
1917
0.681897441065383
1918
0.6785120884849523
1919
0.7961453322025869
1920
0.898241535604827
1921
0.5160963381797494
1922
0.7930038472141899
1923
0.8884320350630118
1924
0.7921099834644629
1925
0.7638462790477812
1926
0.6519345133708635
1927
0.7910493721742391
1928
0.7735590416282003
1929
0.8322808390141004
1930
0.7782081449258742
1931
0.6377340564896686
1932
0.7638730319491733
1933
0.5575973476982247
1934
0.6396116464861914
1935
0.673174151520385
1936
0.6923471216898722
1937
0.4730945241724287
1938
0.6869076462111668
1939
0.7925346270977942
1940
0.5833458781638369
1941
0.6902472517992001
1942
0.7880731651168326
1943
0.743129865360299
1944
0.9581763474815734
1945
0.9177477781236167
1946
1.0745113464261258
1947
0.7000622937709683
1948
0.7112558647359088
1949
0.8144148239465914
1950
0.6792075485640551
1951
0.8528056421365204
1952
0.530236983193145
1953
0.7538274142279763
1954
0.7157508134720444
1955
0.5878744783267966
1956
0.5266127374524987
1957
0.8687783483262441
1958
0.5379806282472844
1959
0.4332239326760785
1960
0.8472319080430529
1961
0.5752427762028932
1962
0.6750187244035486
1963
0.5819711571877818
1964
0.5384942694838701
1965
0.7144296841324341
1966
0.7830787434830105
1967
0.8241342726697205
1968
0.6854861061058429
1969
0.6942844898028151
1970
0.6775131170245449
1971
0.8865693513255787
1972
0.7725093184484746
1973
0.7655132641152698
1974
0.7045369366546524
1975
0.7639278126154755
1976
0.6341697372220068
1977
0.5817643571978766
1978
0.771336501439167
1979
0.7368823935459445
1980
0.5351687644388664
1981
0.6705783449263825
1982
0.7207548995310131
1983
0.46448195147910515
1984
0.807049783918023
1985
0.6301726752115355
1986
0.817442801721006
1987
0.9521374525842695
1988
0.7656042800992855
1989
0.6733756438915043
1990
0.5902849542829031
1991
0.5617535183076632
1992
0.5997945165681834
1993
0.7541488848465886
1994
0.8864435319098165
1995
0.7234966876884593
1996
0.9539490076843868
1997
0.6272880568590435
1998
0.3892314629430335
1999
0.819481240914331
2000
0.8430847906900324
2001
0.8093830771365603
2002
0.6584730514291894
2003
0.5608527177431922
2004
0.8758738098009959
2005
0.5820285738418614
2006
0.639035564810883
2007
0.8365668565658405
2008
0.8932920556284616
2009
0.4833071175674519
2010
0.6598261115325196
2011
0.800339179336458
2012
0.703743187183504
2013
0.8606941459748846
2014
0.7514514851049424
2015
0.5035989933534404
2016
0.46719123679134206
2017
0.6364724434896336
2018
0.5658971467583132
2019
0.6826640569697809
2020
0.7062061720525641
2021
0.6798385187254662
2022
0.6517024598718305
2023
0.6385326181370864
2024
0.9838643416410637
2025
0.7886545045551401
2026
0.7233104080348631
2027
0.736576443525982
2028
0.3560176374793982
2029
0.7053786997823381
2030
0.44068408691000466
2031
0.7729513229997991
2032
0.9279619851138804
2033
0.8117989811379973
2034
0.8083023541063646
2035
0.38968111503099023
2036
0.6506010191507849
2037
0.788555016567108
2038
0.6679962218631597
2039
0.8313748106191713
2040
1.0714367404113523
2041
0.7900735112272864
2042
0.6770508173286613
2043
0.7470766100466482
2044
0.7212437218248698
2045
0.9185991991214418
2046
0.47439593876948927
2047
0.7165632220309807
2048
0.7715326525046106
2049
0.8271406067004448
2050
0.5667496814586849
2051
0.69242113349489
2052
0.7266520091168851
2053
0.7082898847773551
2054
0.9100602039287785
2055
0.6229509424180125
2056
0.705419100611336
2057
0.5869487635168721
2058
0.3925375621306625
2059
0.6125646968495746
2060
0.6673687751658307
2061
0.5723686655803749
2062
0.8140378121087475
2063
0.9194551928310983
2064
0.7982073396516369
2065
0.8607495380800032
2066
0.815873395964176
2067
0.7147752314353072
2068
0.7857833148099826
2069
0.8363084715941614
2070
0.6732600228523253
2071
0.6081968796754488
2072
0.7603949394384659
2073
0.7637562986496798
2074
0.844509671942708
2075
0.6081478742930876
2076
0.7807999333528626
2077
0.5370679400547742
2078
0.7763087853038732
2079
0.832990687573326
2080
0.38473890701266933
2081
0.7982923309994129
2082
0.6662056298610657
2083
0.622120004378121
2084
0.773821728303591
2085
0.7972982305850118
2086
0.7446501289326038
2087
0.6264567092268873
2088
0.8378584975699753
2089
0.8124786220024662
2090
0.6993952595069604
2091
0.5317472017105517
2092
0.4310258400073101
2093
0.7581442576306422
2094
0.4989815873347188
2095
0.5529694542299434
2096
0.7625698825193846
2097
0.5929426425008313
2098
0.9664033786092068
2099
0.41450173166926574
2100
0.7105668951527053
2101
0.7674462246114393
2102
0.7882688727202295
2103
0.6755218602701637
2104
0.8615989497609561
2105
0.6443752288825335
2106
0.5804701010676117
2107
0.7434023121214027
2108
0.7615086015188552
2109
0.7236728950386807
2110
0.8566290623146244
2111
0.959770224924309
2112
0.8609013905309172
2113
0.38865104984941384
2114
0.769471103787299
2115
0.801643586725791
2116
0.6174821310007081
2117
0.5488359294484519
2118
0.5175173985191495
2119
0.6602141306152838
2120
0.4901408803561067
2121
0.8556564170628161
2122
0.7079813170055225
2123
0.7887313926510087
2124
0.6754845225233416
2125
0.6290706075066651
2126
0.8069286370588272
2127
0.5241273232804309
2128
0.6958960956059762
2129
0.8244760111471277
2130
0.6329297442958566
2131
0.7289795228203341
2132
0.8037559777263128
2133
0.7658250839655664
2134
0.940569596480437
2135
0.7068231634914485
2136
0.6983056362148656
2137
0.7217517084314116
2138
0.745730473856475
2139
0.9541957242516218
2140
0.783372469880109
2141
0.7388626896718306
2142
0.8131504868009375
2143
0.9007312773284367
2144
0.7618472672064858
2145
0.6052049182298443
2146
0.8395453412827996
2147
0.689956570258246
2148
0.6055100138440095
2149
0.4603186861755053
2150
0.9502210695276563
2151
0.8131915332033459
2152
0.6555775351531764
2153
0.6876670032220596
2154
0.8061226024830149
2155
0.6549024915034051
2156
0.694307768388991
2157
0.8925843998413853
2158
0.7644657509769324
2159
0.8199915425924921
2160
0.8017309981362061
2161
0.6067906459845851
2162
0.745531160761173
2163
0.7139624753968302
2164
0.8252266101215114
2165
0.7832613186338857
2166
0.7795004693680024
2167
0.8550428729528917
2168
0.6576172202172599
2169
0.6677667443622255
2170
0.744819518751533
2171
0.7189375907742724
2172
0.7759786511609484
2173
0.8228636764033078
2174
0.42756074512582026
2175
0.807330246331375
2176
0.6740251449008512
2177
0.8182553263081884
2178
0.7522970233824425
2179
0.5942167741539216
2180
0.6706987272636475
2181
0.8407940549276854
2182
0.747992442030387
2183
0.7878699446027965
2184
0.8342893438396597
2185
0.57602995812441
2186
0.8919086423310476
2187
0.7652017295124205
2188
0.7533858861777093
2189
0.6635221378466533
2190
0.7870573812531424
2191
0.8107577430195637
2192
0.8192051020730264
2193
0.44227484509922677
2194
0.5524383010711578
2195
0.9339288400283817
2196
0.6190764692804883
2197
0.6995482182080573
2198
0.7606629726855446
2199
0.9523285631577056
2200
0.9957032754612372
2201
0.6589801153052113
2202
0.6670551618721887
2203
0.7695436928395075
2204
0.7619981605861048
2205
0.9846556718320053
2206
0.6334366370216514
2207
0.9492704448692756
2208
0.7979052511617993
2209
0.5889046055355276
2210
0.8485330022246331
2211
0.7755803383405341
2212
0.7413137950874227
2213
0.722212053512499
2214
0.8118803026685015
2215
0.8649215474795307
2216
0.7093499033302132
2217
0.7887635820880563
2218
0.8146755725506571
2219
0.8303309569346743
2220
0.9247055020146712
2221
0.6520157341775363
2222
0.7918863631469832
2223
0.5935774409950523
2224
0.5535481707455333
2225
0.6346199547154595
2226
0.7160717537678156
2227
0.7108078842766651
2228
0.454917852450394
2229
0.718096607609063
2230
0.7523686080149378
2231
0.6522779272246706
2232
0.8449198900868669
2233
0.6720825530412683
2234
0.6112297263956341
2235
0.7527051650846751
2236
0.84283792013859
2237
0.6340480390917698
2238
0.9144314723139457
2239
0.6894836084732752
2240
0.6188125305932375
2241
0.6873787395784382
2242
0.7850447052465763
2243
0.4359036876648475
2244
0.9096253431681687
2245
0.702919617081376
2246
0.5506893930352148
2247
0.7405432550098536
2248
0.7535964673477646
2249
0.8279502594094307
2250
0.7051222942716139
2251
0.6612769633023065
2252
0.5770480677651927
2253
0.8433911606130159
2254
0.8347980836424298
2255
0.6790321592892874
2256
0.7372824455901027
2257
0.6957831558276301
2258
0.6575700811825897
2259
0.6104578601880283
2260
0.8437946193710519
2261
0.6983055006701481
2262
1.09971057979484
2263
0.5360117761511619
2264
0.8431874355024386
2265
0.9294402084106624
2266
0.7182866795356849
2267
0.8015054120355641
2268
0.7911522198451644
2269
0.930297321333382
2270
0.9018072655948894
2271
0.6169294918686109
2272
0.8303886850886046
2273
0.7651083401375687
2274
0.5847530871054423
2275
0.507549844899166
2276
0.4866142117554907
2277
0.4668746387391824
2278
0.5511873491077403
2279
0.9114770721666243
2280
0.7216768716349167
2281
0.7982948982656285
2282
0.573578096964528
2283
0.653434442966786
2284
0.8056114128649563
2285
0.6701295443225463
2286
0.5892072291927712
2287
0.7510075362514136
2288
0.842957458280492
2289
0.4631381389645358
2290
0.572819139259321
2291
0.8619141903659112
2292
0.9587495095630082
2293
0.8465951123357626
2294
0.8334925718231792
2295
0.7671363360882894
2296
0.5669063467351283
2297
0.7680382330265256
2298
0.6132610254624529
2299
0.9905831953594877
2300
0.6949069392415567
2301
0.4753135510105374
2302
0.8038339328724301
2303
0.7948597663288025
2304
0.5637622706911949
2305
0.6029470643409185
2306
0.893843850905777
2307
0.5096074305425246
2308
0.7733504983920356
2309
0.7626933783164497
2310
0.6960043372512597
2311
0.6548993198107163
2312
0.8703424993847574
2313
0.7965565731608135
2314
0.8386841647973237
2315
0.6399619043224157
2316
0.8450562828487632
2317
0.8633983418380091
2318
0.516595827786106
2319
0.7712115469015894
2320
0.8045261183335982
2321
0.4542227822374056
2322
0.6294102706430444
2323
0.8328278692443708
2324
0.5961821835815322
2325
0.844060635423034
2326
0.8184725851194522
2327
0.8175081556672313
2328
0.7743927551490004
2329
0.5248888589458839
2330
0.8032627339755742
2331
0.49977861629912984
2332
0.9400227435201151
2333
0.8591908388277931
2334
0.651600762774777
2335
1.0070250954915485
2336
0.7036974307252517
2337
0.5949923555725768
2338
0.7713122081055553
2339
0.8744185153543581
2340
0.7943123439675523
2341
0.4428797891897475
2342
0.6934917448981746
2343
0.5694999480300974
2344
0.7812126052951459
2345
0.7729266767896745
2346
0.8700093745661418
2347
0.7332991707382958
2348
0.5600759660444323
2349
0.7786684310966768
2350
0.8809582919506881
2351
0.7329743352052875
2352
0.5541118598329796
2353
0.7206036727617888
2354
0.8301721660012353
2355
0.6128653750253137
2356
0.4339517577881322
2357
0.7820452387618291
2358
0.928814216957113
2359
0.4086496937723169
2360
0.6396780228437744
2361
0.7188636065259951
2362
0.7279598705928928
2363
0.8348318691486248
2364
0.802820892989521
2365
0.47647317068450934
2366
0.700321547774238
2367
0.37578349853134296
2368
0.593598194267766
2369
0.7139388429001221
2370
0.777539672871829
2371
0.8107764739271008
2372
0.7073492244563199
2373
0.8046396768232386
2374
0.8148396160672591
2375
0.6534991404700453
2376
0.4755802439065969
2377
0.8866603643907041
2378
0.508321330705962
2379
0.7572263195889974
2380
0.6813710131040229
2381
0.7106999089761448
2382
0.5891339032733579
2383
0.7168067313826965
2384
0.7183118342968199
2385
0.631487763712543
2386
0.8573816470360622
2387
0.7690901018957718
2388
0.7875127277681419
2389
0.5892974882927154
2390
0.7682402842295705
2391
0.5640130846574245
2392
0.7631032140611604
2393
0.6467889041837597
2394
0.3386679212059118
2395
0.7780071497307132
2396
0.730506344137838
2397
0.8258230534695468
2398
0.7747673119800947
2399
0.8087852911947673
2400
0.46666268181592707
2401
0.7522076608187321
2402
0.86295664329354
2403
0.8704821223349115
2404
0.42668011856921767
2405
0.9880506852570586
2406
0.6958951659929153
2407
0.7649746140633561
2408
0.7327466490466957
2409
0.872953480628834
2410
0.588295625269251
2411
0.8059590623078213
2412
0.7493298494854169
2413
0.6426583603713194
2414
0.7968115763792969
2415
0.8733250863040901
2416
0.7033375413105866
2417
0.8789576501619903
2418
0.629965405091
2419
0.7579189832369315
2420
0.6477363295479102
2421
0.7942366498218951
2422
0.4910783551200357
2423
0.5798163151010296
2424
0.7456084114408033
2425
0.8776158472627866
2426
0.7664002323339648
2427
0.6262367528501444
2428
0.703935244371163
2429
0.5918925451333211
2430
0.6780322501230273
2431
0.6895356209767044
2432
0.8428647538179528
2433
0.7369398631088248
2434
0.8506222311739308
2435
0.6841532029552334
2436
0.7193466481944275
2437
0.7838224956589767
2438
0.5074582612175644
2439
0.5542562838240435
2440
0.6291633522824777
2441
0.4290853987803787
2442
0.7636290960758241
2443
0.7721011490033604
2444
0.5193575998906494
2445
0.6138661610497909
2446
0.563996476580626
2447
0.7062813814443558
2448
0.8537395822274444
2449
0.6571392097992891
2450
0.6258877727605336
2451
0.5323883264402769
2452
0.9312955259662598
2453
0.7072944541923735
2454
0.7728118405498763
2455
0.794141354302839
2456
0.46742606339961773
2457
0.6929736147872392
2458
0.9268443442730776
2459
0.8383003982694568
2460
0.49663805258488586
2461
0.8037952192415001
2462
0.5846717262115118
2463
0.7377970442652747
2464
0.9207233827568524
2465
0.7277781640022065
2466
0.8139263793408199
2467
0.7443667202439239
2468
0.5743186372266806
2469
0.9279576749287085
2470
0.6233895364985603
2471
0.5967237521159633
2472
0.7951848038861257
2473
0.7964825272042996
2474
0.6787244267755796
2475
0.5863775424037198
2476
0.7678082037855917
2477
0.5644810600453745
2478
0.6066466736417211
2479
0.7720352151519958
2480
0.753421791114858
2481
0.8267457273657476
2482
0.7752813294700417
2483
0.43058764529765076
2484
0.5826549949074457
2485
0.9202465193039294
2486
0.5920367985573658
2487
0.6322339455550657
2488
0.5698008340029748
2489
0.8805206180295333
2490
0.9878074194537586
2491
0.8222266512353716
2492
0.7338498878302772
2493
0.8607749120295006
2494
0.5812166590849228
2495
0.39473045125839235
2496
0.8326068734013043
2497
0.5663872925584461
2498
0.8381651685683756
2499
0.7354113719589634
2500
0.740351858092334
2501
0.43582587804905404
2502
0.5924017260007036
2503
0.7959743232103598
2504
0.5933534156387106
2505
0.657384152577764
2506
0.7339253143837835
2507
0.6761864224860262
2508
0.5149617537529502
2509
0.7642290944358153
2510
0.7714843479617155
2511
0.5231653823644741
2512
0.7163051293870364
2513
0.6695406045343902
2514
0.9662813011457014
2515
0.7542736928251048
2516
0.8993206992315357
2517
0.4909695109875088
2518
0.757271727220001
2519
0.8142450454160638
2520
0.6760438386773941
2521
0.6940176616487238
2522
0.8683205701285871
2523
1.0224098892323807
2524
0.4442906742882766
2525
0.5122529663803355
2526
0.6783822159738158
2527
0.7044727605322733
2528
0.7672168490102109
2529
0.7189071182180774
2530
0.7064140122675069
2531
0.7249313329225383
2532
0.6355873208441747
2533
0.8105770005671594
2534
0.7294834308336628
2535
0.6975325425582787
2536
0.7125528688781336
2537
0.5287319490705462
2538
0.5880085036084992
2539
0.8243312222642755
2540
0.41493462087956146
2541
0.8218446415127685
2542
0.7564165792401283
2543
0.7634583814732054
2544
0.6538107797664651
2545
0.7790086103337187
2546
0.42033029133578304
2547
0.7607465636041985
2548
0.7868398933347868
2549
0.5580751024541483
2550
0.7780610678030083
2551
1.126944305143325
2552
0.777346149222885
2553
0.6694267056773247
2554
0.6876353340606481
2555
0.6459937150015769
2556
0.4014091241633683
2557
0.6530597562542727
2558
0.8403573757048102
2559
0.448456575110296
2560
0.7207949652051711
2561
0.7961606819199338
2562
0.782882631229161
2563
0.7680709930119214
2564
0.7241343958498707
2565
0.8515396348720484
2566
0.6942985072053126
2567
0.747120562154123
2568
0.8016124714030541
2569
0.7349062740934401
2570
0.9773087856653012
2571
0.8954414117781216
2572
0.7180253562121632
2573
0.8502032678825105
2574
0.6674783443714802
2575
0.42511472300438685
2576
0.533097824131794
2577
0.6984626340749988
2578
0.9018122449539525
2579
0.6910890095629062
2580
0.8327646465028116
2581
0.6142431032975088
2582
0.6404022313518285
2583
0.769860469889455
2584
0.8280836526217479
2585
0.7613789126167132
2586
0.7987165359030376
2587
0.804851439702746
2588
0.8852545284577222
2589
0.7094755514084293
2590
0.5853010052438342
2591
0.7925033069881698
2592
0.6229598617985002
2593
0.6812777674546765
2594
0.9010054295824498
2595
1.0397233500234482
2596
0.7690199083498035
2597
0.780077081901593
2598
0.898610689694318
2599
0.6393804429740286
2600
0.7919908129809726
2601
0.8056816861184779
2602
0.665756234510053
2603
0.5183461099594016
2604
0.7442782692942967
2605
0.7499984441080547
2606
0.5319649009855154
2607
0.7213310820347847
2608
0.7142994198245531
2609
0.7331325892081754
2610
0.6660515532164906
2611
0.7140957865846971
2612
0.7722686686125181
2613
0.7435075550321637
2614
0.7488953651841369
2615
0.7515303256999307
2616
0.742526486424126
2617
0.4279071794606485
2618
0.8509521085558734
2619
0.8114951845660491
2620
0.8084722153724969
2621
0.7744866773151649
2622
0.8303561537795362
2623
0.8001918537653593
2624
0.7425943406139559
2625
0.5445360627808246
2626
0.7769960481433563
2627
0.8865877626115249
2628
0.5674327589063216
2629
0.8047119126390863
2630
0.6712270708686565
2631
0.8167028202666659
2632
0.7669917762622437
2633
0.49784089017478145
2634
0.877926052922043
2635
0.9489093619937276
2636
0.8513565793830682
2637
0.7791916918332713
2638
0.8482751237381954
2639
0.4700564828013105
2640
0.6166545238614124
2641
0.9186548217499985
2642
0.6509027852115987
2643
0.6964564809636159
2644
0.5582416370627682
2645
0.6760886589451628
2646
0.7734735116592237
2647
0.792229420889669
2648
0.676818765696268
2649
0.7623592454141547
2650
0.7887296309053693
2651
0.9745464130101354
2652
0.7981870269943008
2653
0.6688234753597563
2654
0.6403762917801787
2655
0.8375766028030996
2656
0.8164677658900173
2657
0.8200384469853863
2658
0.8333374524386825
2659
0.740423528613949
2660
0.36958318660348977
2661
0.7794113477918612
2662
0.4895456725261504
2663
0.7021781981278703
2664
0.6849005187429555
2665
0.8102823173907586
2666
0.6091924749043495
2667
0.7463457708451559
2668
0.9427530458316363
2669
0.7248434347711271
2670
0.7510555232361131
2671
0.5421611913384347
2672
0.43272601197946114
2673
0.7756964754743201
2674
0.4457377454199969
2675
0.6957624571517493
2676
0.7638624841077569
2677
0.7129790421034413
2678
0.4451109402780453
2679
0.7109201095784278
2680
0.8206781204742268
2681
0.9032719015019669
2682
0.7050067636621815
2683
0.6073610849314498
2684
0.7513370154252876
2685
0.7021585524784234
2686
0.49961751536648097
2687
0.7508578271174907
2688
0.9225090010061104
2689
0.7680485326780427
2690
0.48966643242152175
2691
0.770564316931078
2692
0.8322598209566691
2693
0.5529317369234722
2694
0.6701226077356207
2695
0.7381392562763791
2696
0.7442698765619155
2697
0.6191235477549402
2698
0.8450273967280814
2699
0.8392386443944369
2700
0.5831007580675572
2701
0.4597953973945055
2702
0.898095355952032
2703
0.7513505614532132
2704
0.45329821830689165
2705
0.5710896611484144
2706
0.5712654068464849
2707
0.4767662312228763
2708
0.6653625798835385
2709
0.8106493932756839
2710
0.5791765669192541
2711
0.8919909461021036
2712
0.7754233098933629
2713
0.8900742664116246
2714
0.7779778914034657
2715
0.7762037350591031
2716
0.6358128175509311
2717
0.6527123094669528
2718
0.5371267514868483
2719
0.8497277674010828
2720
0.626625527564544
2721
0.7262290135146324
2722
0.6203303927586713
2723
0.5696633472664528
2724
0.831631266969451
2725
0.5674201442168618
2726
0.6525630088009757
2727
0.41373326583745396
2728
0.8858182388845383
2729
0.9166582716598662
2730
0.5445544277365914
2731
0.8128712833839573
2732
0.7060851936292238
2733
0.6546264734696741
2734
0.8563881475322878
2735
0.7101065849759597
2736
0.7546668868072982
2737
0.9473801599278747
2738
0.8010849253586539
2739
0.7308401254856098
2740
0.7540398817799372
2741
0.8085530918817573
2742
0.7721401784234897
2743
0.634536962212687
2744
0.810082271986839
2745
0.839243192333736
2746
0.8121294396216555
2747
0.7266426648149669
2748
0.7497566067718773
2749
0.7646628190005267
2750
0.8779824783119967
2751
0.704515685353934
2752
0.7336834260953843
2753
0.8198273315617467
2754
0.47598891695519097
2755
0.861534722258654
2756
0.8548984915233079
2757
0.752173134295091
2758
0.7688888412824164
2759
0.7410752831359376
2760
0.8902658822532324
2761
0.7382766435672807
2762
0.6834174072588024
2763
0.8884264083711461
2764
0.8456308518799922
2765
0.6364111548408401
2766
0.861674979292674
2767
0.6984765640799299
2768
0.7027856444651435
2769
0.811173253664184
2770
0.6268369807883732
2771
0.8322511321726459
2772
0.7989852088465013
2773
0.6259615246459861
2774
0.6215299925414082
2775
0.5720598723202495
2776
0.5095618012136987
2777
0.658107365620101
2778
0.43678329342933164
2779
0.741659747193199
2780
0.6720051773768395
2781
0.7387556330915012
2782
0.7820548133656305
2783
0.763763773953741
2784
0.48721048441247006
2785
0.7638583833914007
2786
0.7263881367159692
2787
0.8105005111959322
2788
0.8349580572288411
2789
0.8553690628372094
2790
0.916340618254157
2791
0.745389403964178
2792
0.6674555850847194
2793
0.9529741409838969
2794
0.45359222452690545
2795
0.39099251855347905
2796
0.7658320568413397
2797
0.6273436685884224
2798
0.8648494012821049
2799
0.6661517571367249
2800
0.6292359313916431
2801
0.8558959644946446
2802
0.6978935943393647
2803
0.5514272123803525
2804
0.8948073334397411
2805
0.6908786849577218
2806
0.7875005394165936
2807
0.936266111968185
2808
0.8088105281429193
2809
0.552789202502808
2810
0.5591083447257122
2811
0.9569609263080258
2812
0.7566730483120518
2813
0.8276884018879307
2814
0.9314751977813295
2815
0.7141952031282937
2816
0.9498974621055619
2817
0.6917737070968677
2818
0.7490690298057208
2819
0.9135828979653412
2820
0.626857509228655
2821
0.7800310880952948
2822
0.9662340568319511
2823
0.5374169538627918
2824
0.6985729345504458
2825
0.8357954768972421
2826
0.8245703685725787
2827
0.7268218586023775
2828
0.7667151095148935
2829
0.859241722120941
2830
0.4750666494957852
2831
0.44650864050377365
2832
0.8332729369048006
2833
0.7406401984941877
2834
0.8241352574184381
2835
0.6702316038500069
2836
0.8997716200882704
2837
0.7238040810770953
2838
0.773511783336706
2839
0.6694305107155875
2840
0.767812713361932
2841
0.5895285387677771
2842
0.7004535230518618
2843
0.8525427371483788
2844
0.7145074993515529
2845
0.6885219415392538
2846
0.6251324394478924
2847
0.7204119664108253
2848
1.0488775637406351
2849
0.4633902152859616
2850
0.8435933966601468
2851
0.8463744850632181
2852
0.6819869820923526
2853
0.843319283358403
2854
0.7946773441482564
2855
0.48542615785907106
2856
0.819412355820485
2857
0.9098513409437029
2858
0.5399911482928386
2859
0.716402961698978
2860
0.7583426069307744
2861
0.4347997410320601
2862
0.7196405998906821
2863
0.6972309628372443
2864
0.4391275946938942
2865
0.6771040217883489
2866
0.726782496801034
2867
1.0110708742576682
2868
0.7237520243118973
2869
0.7890660720534847
2870
0.7916314161536625
2871
0.6879507628280597
2872
0.6363104491004787
2873
0.8694183297864683
2874
0.7540895676682987
2875
0.8155541490652013
2876
0.5176362616702357
2877
0.5404297793260064
2878
0.7649509245096111
2879
0.7372584126203159
2880
0.7531678179326093
2881
0.708468019416959
2882
0.6554984747241975
2883
0.9470671586824763
2884
0.6901789200457902
2885
0.75398884909221
2886
0.68313187592195
2887
0.8402935198650006
2888
0.7318386446320237
2889
0.779498964896924
2890
0.6180530624188842
2891
0.7858034073573126
2892
0.682861176470426
2893
0.741345776969452
2894
0.8205063860904159
2895
0.6152120332865627
2896
0.853725417203769
2897
0.8479003668972036
2898
0.5750234340651732
2899
0.6318263296196881
2900
0.8353601000522479
2901
0.7616098755279538
2902
0.7190020906907372
2903
0.7384329467952303
2904
0.6288908235284294
2905
0.7295704239762824
2906
0.6230013850445019
2907
0.8225596841130323
2908
0.5634515568874809
2909
0.5929599328958551
2910
0.8078459467008662
2911
0.8504271453074659
2912
0.7453048372979378
2913
0.5990813906793014
2914
0.7673451961520246
2915
0.7991746013636775
2916
0.7089393821694523
2917
0.9848980619779729
2918
0.6279564163888111
2919
0.8746586038201488
2920
0.7902032259702837
2921
0.6661742870315807
2922
0.5248736087599574
2923
0.8706679642876242
2924
0.8199298743384074
2925
0.6443528614969861
2926
0.8061975531726157
2927
0.6564696385976251
2928
0.9941726486231031
2929
0.8488306325424462
2930
0.7046655647817015
2931
0.7646922189359175
2932
0.7041196540395976
2933
0.6948009908460278
2934
0.8331337544294667
2935
0.5485483621801213
2936
0.6021720639258356
2937
0.8139599162741081
2938
0.642462204982073
2939
0.5055894085727379
2940
0.5364630735655082
2941
0.7262062447649383
2942
0.7177966310941919
2943
0.7968028701431216
2944
0.7246962346697524
2945
0.7883320469418864
2946
0.7660083944794005
2947
0.7008676650563552
2948
0.7464618549931672
2949
0.8191600168588302
2950
0.8745259115965917
2951
0.46553481730491547
2952
0.684368263046181
2953
0.5607528080472185
2954
0.648369119414575
2955
0.508510328358603
2956
0.8597786950615793
2957
0.9399078266187654
2958
0.7974804702369676
2959
0.707987235568389
2960
0.46882383110613984
2961
0.7001409191326502
2962
0.6898175556760769
2963
0.9625659597465005
2964
0.7006825594717259
2965
0.9479394567405449
2966
0.6432372227143744
2967
0.7447970478209112
2968
0.5532865898651453
2969
0.8428324919747763
2970
0.749383167976627
2971
0.6883276164914774
2972
0.7525939971528031
2973
0.734594394204444
2974
0.6607724524158617
2975
0.7887177742641064
2976
0.631748067438069
2977
0.789715212466178
2978
0.8313574898197653
2979
0.7090270592738356
2980
0.6957818998128301
2981
0.8599586481015787
2982
0.5221345572768803
2983
0.6899654589518543
2984
0.8649222075371851
2985
0.8142881435830447
2986
0.4732031511292111
2987
0.825940730351239
2988
0.6622602004471743
2989
0.8692221668557562
2990
0.643036582695594
2991
0.8983824603095512
2992
0.7958100739421713
2993
0.6961001164113831
2994
0.5964627372807793
2995
0.8658321354653368
2996
0.5618549517544863
2997
0.8244635810341491
2998
0.5917676533392517
2999
Mean MAE: 0.7187836067709802
