Linux command line output (left out):
2461
0.7464421039883679
2462
0.5815873035235403
2463
1.206009425449719
2464
0.567595524610249
2465
0.7939262916163498
2466
0.7519408330004943
2467
1.1832640840240665
2468
0.6572802055804023
2469
0.6197336879358917
2470
0.8888304456609919
2471
0.4295758824155032
2472
0.622902105971805
2473
1.289265003394453
2474
0.7113656755803454
2475
0.8363940284957649
2476
1.0554923649481358
2477
0.70683291727654
2478
1.0846773298891952
2479
0.5425036758286425
2480
0.717589431294878
2481
2.1713755983392415
2482
1.035585943821304
2483
0.4558511604901355
2484
1.405678034632965
2485
1.3846788530475787
2486
1.0572082304417643
2487
0.6894524733930083
2488
0.6722141288763236
2489
0.646553806916836
2490
0.9746268128511371
2491
1.0557710918262377
2492
0.6349670178471871
2493
0.6250169794023452
2494
1.1814773187403145
2495
0.9850619543138278
2496
0.8047928741217052
2497
0.7254743916550269
2498
0.7980907733530768
2499
0.6065591506184355
2500
0.7406980217226015
2501
0.5479301077157422
2502
1.1163305841579843
2503
0.8643979137362853
2504
0.9558376857409911
2505
0.9507352711667646
2506
2.0280848739047497
2507
2.363689517926472
2508
0.6063342669430942
2509
1.2840854277423215
2510
0.5338118222266445
2511
0.6522438577101719
2512
1.0981747774844874
2513
1.5401400587491143
2514
0.59421401236347
2515
0.7557852240243006
2516
0.9596309380626358
2517
1.8940199799244388
2518
0.5442150727022903
2519
0.6699946654531204
2520
0.5168558888833809
2521
0.5571779011542026
2522
0.6488131047701863
2523
0.8595368529106232
2524
1.16710129951318
2525
0.8759610922904943
2526
1.1750836162116238
2527
1.01065661842647
2528
0.7640718033797654
2529
1.153387045882324
2530
0.947640803661176
2531
0.45278853209702
2532
1.314578918267124
2533
0.7766202300606239
2534
0.5491496396964554
2535
0.6477703385566177
2536
0.472393609864342
2537
0.6101238217520101
2538
1.1353932430613565
2539
1.0910666289532072
2540
0.8531139131722758
2541
0.4929912506123298
2542
1.8743081567902589
2543
0.9449065624915853
2544
1.0928244367350648
2545
0.43899845625908135
2546
0.795416396899495
2547
0.7601431546301187
2548
1.8253646006155384
2549
0.6336877979905895
2550
0.7811481906451253
2551
1.15195520469675
2552
0.8803884134961992
2553
2.641875763800277
2554
0.7160433538545438
2555
1.322734139046496
2556
0.8830595215421277
2557
0.6074373662560825
2558
0.7499149342651807
2559
1.032780716160829
2560
0.5880104464320227
2561
0.7942834866322712
2562
0.9104888034275662
2563
0.5211865677741527
2564
0.600900591198443
2565
1.7856873775268534
2566
0.652212089218189
2567
0.9752673705037002
2568
1.3829488784932396
2569
0.974498284548911
2570
1.1894784044064495
2571
1.1752433174432133
2572
0.4202728395822293
2573
0.7100356924199674
2574
0.7989922498416324
2575
0.542573742561457
2576
0.7793542811801647
2577
0.8687897731527541
2578
0.6643961490210435
2579
0.7050996709308286
2580
1.951918649747726
2581
1.1342348274738239
2582
1.1828936293614443
2583
0.7042785163372909
2584
0.6386303652151499
2585
0.5458606895851548
2586
0.5856585568481674
2587
0.49587534170115555
2588
1.0883355711455864
2589
0.9684770264142872
2590
1.1293238869905422
2591
1.1059329382695826
2592
0.4900682042204107
2593
0.7984677380003821
2594
0.9098758709563912
2595
0.6692977975861768
2596
0.7444042885263262
2597
0.5156408008655767
2598
0.49710583095475586
2599
0.6283541770612299
2600
0.6637361989953602
2601
0.88752981973439
2602
0.7169694979556027
2603
0.613393726730699
2604
0.7361482055353165
2605
0.5471347029491461
2606
0.7106818225469165
2607
1.158659033063932
2608
0.9113899623509409
2609
0.5031469978913644
2610
0.8357049358351881
2611
1.1558117698763402
2612
0.6811733903117227
2613
1.1957174117068268
2614
1.636273477558977
2615
1.554965020278141
2616
0.9834230703744592
2617
0.8077753797391751
2618
0.6503251252355007
2619
0.7071683111478498
2620
0.8597414788201625
2621
0.5572786356874673
2622
0.5331611954865927
2623
0.9774809551921565
2624
0.997739628711964
2625
1.0903985567513717
2626
1.6807334862822025
2627
0.6502214539881902
2628
0.9356142407111604
2629
0.7225209071671037
2630
0.642554356477125
2631
0.6372622699692352
2632
0.6091864293667694
2633
1.4661808459730588
2634
0.8207670945525445
2635
0.8220937983063179
2636
0.8277323709249452
2637
0.7211704142812365
2638
0.5591992942405154
2639
0.7355683488332361
2640
0.6317193010179859
2641
1.4695732549555562
2642
0.5806837077644744
2643
0.7168501011468391
2644
1.0180288949905294
2645
0.9823174013981499
2646
1.0486907258712974
2647
0.5886825666980606
2648
1.1013928932714907
2649
0.5785771616110574
2650
1.5397074591870905
2651
0.5904721313868198
2652
0.831391495279144
2653
0.7167550760685455
2654
0.5985163029185031
2655
1.7820477514794801
2656
0.6056540127610057
2657
0.7258317679066452
2658
0.5599583870611443
2659
0.6397910621306101
2660
1.071220794510515
2661
1.1544154302485004
2662
0.8250298553917116
2663
1.060797392332358
2664
1.4118517617309907
2665
1.4041278268547694
2666
0.8032576077487809
2667
1.5981416351269606
2668
0.6579907262997698
2669
1.5207309418982795
2670
0.522471374075473
2671
0.9866835800380662
2672
0.49556228060700425
2673
1.432542415511547
2674
0.6362470133920569
2675
0.5857253326608616
2676
1.441555173508167
2677
1.3172722169709377
2678
0.8568619991186857
2679
0.8427950244291886
2680
1.610319981697348
2681
0.5611542498983807
2682
0.6407276549335814
2683
0.9998001870697312
2684
0.6726384801647141
2685
0.9304094477141677
2686
0.4829944483155468
2687
0.5941632934546618
2688
0.6033488179208761
2689
0.7625711683496996
2690
0.5628311018102407
2691
0.7248978331513197
2692
0.6153230825688418
2693
0.8612001158653809
2694
1.3860522690970682
2695
0.6721175604383528
2696
0.8110705319325802
2697
0.48766087324947355
2698
0.9965365876608184
2699
0.6712933669806395
2700
0.6997509588753874
2701
0.9558203438475836
2702
1.2349413011221548
2703
0.5437236275417376
2704
1.059274644035665
2705
0.7215779791640167
2706
0.5454178882538742
2707
0.4490369484762797
2708
0.9043713699596556
2709
0.9716744102753565
2710
0.5266547781697568
2711
0.6886253637227544
2712
0.9720552457382603
2713
0.7747257784960739
2714
0.5319098450215415
2715
0.7975185128188244
2716
0.7069438940222582
2717
1.261842388563268
2718
1.028078192395701
2719
1.3987516366846005
2720
0.6004401780230395
2721
0.8620480982014974
2722
0.48758487928280836
2723
2.1520889218056243
2724
0.7571463954279771
2725
0.748153560067204
2726
0.52920784603369
2727
1.1495393064432549
2728
1.140631000723791
2729
0.6078795229741172
2730
0.7657347877517805
2731
0.8305799434911427
2732
1.5341584533341102
2733
0.8115138242670917
2734
1.3851372390668488
2735
0.7800914089093517
2736
0.7352078768541331
2737
1.0645756654273806
2738
0.815166599568064
2739
1.0679042732439459
2740
0.5195447257279534
2741
0.5189941209603341
2742
0.9326157928043307
2743
0.5455640045269101
2744
0.6848403961647722
2745
0.6593939996522887
2746
1.1550206737930906
2747
0.6737633230557961
2748
1.1183561549613577
2749
0.8158306869595328
2750
0.5572542172052968
2751
0.5410837418036386
2752
1.4360886890509337
2753
2.063738106758488
2754
1.1689695835910432
2755
1.6012660329139277
2756
0.8635738306399979
2757
1.0062309354940566
2758
0.7135351673644159
2759
0.525057715460947
2760
0.504466229936616
2761
1.089746996397965
2762
0.6588760492766651
2763
0.7884594567155015
2764
1.0761216437747931
2765
0.965064810551567
2766
1.2441851159531723
2767
2.2345925959531994
2768
0.8088872982296011
2769
1.1752151080085287
2770
1.455073370847529
2771
1.3700635685005123
2772
1.2361151867966114
2773
0.800901160778357
2774
0.9549669706306266
2775
1.1716836052566282
2776
0.6932111033674702
2777
0.6886351201500777
2778
0.5417681344097126
2779
0.80761094901637
2780
0.584531573488256
2781
0.7135880304289857
2782
0.8361768943918261
2783
1.8175527871044868
2784
0.9114516250004845
2785
0.5887622084315819
2786
1.3334511762161296
2787
0.5067191588918961
2788
1.4258138518117787
2789
1.3883441835255912
2790
1.4796797284884473
2791
0.6161448336267299
2792
0.9988342705449574
2793
0.5314912793065509
2794
2.1245038951458035
2795
0.6843863573308249
2796
0.5950677127209957
2797
0.5044700509072342
2798
0.5537431446667402
2799
1.3794062241845049
2800
0.8542866918706943
2801
1.1940310579002105
2802
0.748571359371316
2803
0.8632941180961586
2804
0.8497719959586005
2805
0.5022688539019791
2806
1.1620832443897662
2807
0.81812489122502
2808
1.0684149505906575
2809
0.9556943404185068
2810
0.5945220766825425
2811
1.269473455360042
2812
1.194833625478662
2813
0.5234443893329928
2814
1.1969965406288934
2815
1.1445182639236706
2816
0.5938570464087958
2817
1.1749037696938687
2818
1.0666714466530807
2819
0.5712041108992163
2820
1.0121844571031038
2821
0.5365515609116109
2822
0.4979445266329322
2823
1.129801220469295
2824
0.5001072529934371
2825
0.5948306628222294
2826
0.6415561649402166
2827
0.6669329448773632
2828
0.7407382073825248
2829
0.48357955553454773
2830
0.9433200497130879
2831
0.7580619454159216
2832
1.1400616242265469
2833
1.307049577370419
2834
0.7960488742074968
2835
0.7697777248505402
2836
0.6008602559905292
2837
1.0956130496850771
2838
0.9493400080159543
2839
0.5982117226832284
2840
0.5010536130047005
2841
1.1182300457652519
2842
0.8139583514016197
2843
0.6689990903641231
2844
0.7338430918227918
2845
1.4794266411940271
2846
1.0763861085392916
2847
0.9378919616616508
2848
0.6783990312429914
2849
0.9300188469539556
2850
1.254328578339381
2851
1.2883000749638605
2852
0.6091663437768412
2853
0.7273682204499763
2854
1.24207710259267
2855
1.1251702210784063
2856
1.0333894563480859
2857
1.5277531677456964
2858
0.5347744217346292
2859
0.7526538777284972
2860
1.1024898426594327
2861
0.5665040231325582
2862
0.8664190425337179
2863
0.7286708687024479
2864
1.603380959875153
2865
1.2945145251913353
2866
0.8873650982679266
2867
0.6350418628611085
2868
1.0080876084302097
2869
1.1366262237111595
2870
0.5092748364514723
2871
0.8908381701525359
2872
0.8048854202994508
2873
0.7793753035767209
2874
1.0410752319527465
2875
1.1632456500887176
2876
1.5743300075829527
2877
0.513202217208693
2878
0.43197220220681953
2879
0.8763612028946602
2880
0.574300661700595
2881
1.5885132089636156
2882
1.1858287237306138
2883
0.773722343436248
2884
0.8856766480496346
2885
0.9708212690208754
2886
0.6405968557356126
2887
1.610334907479028
2888
0.9666021626538338
2889
0.8229813820316136
2890
0.8158170940501877
2891
0.7108868837011446
2892
0.8291665285487961
2893
1.2399061809692866
2894
0.8212878424973954
2895
0.7528113576839339
2896
0.6792065962589221
2897
1.6349455059363265
2898
0.5885960861386128
2899
0.790648221564855
2900
1.023747855498625
2901
1.1120678784340308
2902
0.9779245871283203
2903
0.6542604222903082
2904
0.5719546414400452
2905
0.5655745730335232
2906
1.040763476752364
2907
0.5942220633675004
2908
0.5868101585218335
2909
1.60913234819044
2910
0.8636861953218451
2911
0.6007215504172151
2912
0.7121763476975118
2913
0.9597400547240543
2914
0.4821549571386717
2915
0.5374595457489245
2916
0.7119567222847287
2917
0.5787820216538075
2918
0.8757480936160258
2919
0.7766790770350864
2920
0.4959646052962974
2921
1.0203994459086114
2922
0.7212508324406562
2923
1.7855351441464367
2924
1.1984461919423537
2925
0.9516266398234807
2926
0.539846483758815
2927
0.8565082501291814
2928
0.5677804657041619
2929
0.9833822578766739
2930
1.6371207549089881
2931
0.855945939677904
2932
1.1515227774534118
2933
0.6484440456646605
2934
0.6259975423773774
2935
0.49652375882837574
2936
1.57009325393191
2937
0.7184631362636964
2938
1.489817956369096
2939
0.6806963562964732
2940
0.5910393891567963
2941
0.5441930837991836
2942
1.0104329903414206
2943
0.5890977164551222
2944
1.36058280856863
2945
1.3483062391059033
2946
0.6871532783134825
2947
0.48070316806485996
2948
1.3688281162739073
2949
1.445975930011899
2950
0.9397770745162479
2951
1.1954991465546798
2952
1.0199526831773982
2953
0.7251675290571763
2954
1.326839798890548
2955
0.8891306209090505
2956
1.0654267204046726
2957
0.5360576036160718
2958
0.5497242481945891
2959
0.5857909112237125
2960
0.5328362970915282
2961
0.6519491072015766
2962
0.754007555949727
2963
1.022132443195523
2964
0.5353499158614093
2965
0.7729218574002787
2966
0.8925304984904686
2967
1.5444759680228852
2968
0.6993627288457562
2969
1.7602619136074946
2970
1.089273118556969
2971
0.8221572989779733
2972
0.47632193867942985
2973
1.500383243442154
2974
0.8838274260174844
2975
0.6990339062064288
2976
0.6596301053027541
2977
0.5452347594178114
2978
0.6350642126059709
2979
0.4803992271847423
2980
1.0931753697074145
2981
1.2011041351154352
2982
0.47176754394270365
2983
1.0347216654227835
2984
0.6750504816891464
2985
0.43747138477807757
2986
0.591116287166463
2987
0.47686029347445563
2988
0.6466190588435969
2989
1.0686200213391153
2990
0.49542640496970936
2991
0.69391284241884
2992
2.1993765240076186
2993
0.9332960104670407
2994
0.5808326522312703
2995
0.8306056683541067
2996
1.2533588191240022
2997
1.585690725410491
2998
0.9341286270810892
2999
Mean MAE: 0.8975820708405493