nohup: ignoring input
0.33333333333333337
1281
427
0.37077062960021645
0
0.3156905566057573
1
0.3842788759452683
2
0.3532536534223456
3
0.2333955202692491
4
0.2500327858325175
5
0.24847526668147374
6
0.16411033280690213
7
0.22014313636488198
8
0.3482274723880745
9
0.21558712255168855
10
0.43739331994158737
11
0.2605913937530923
12
0.25392868789849543
13
0.41402004405736953
14
0.2567189223950118
15
0.1793827209609193
16
0.24005184604915758
17
0.25752872903490986
18
0.21901986515752153
19
0.28681019912033995
20
0.5409204929292885
21
0.2090707712387639
22
0.2122366255370731
23
0.22657245511038213
24
0.2634910516186359
25
0.22440021728783396
26
0.4490727416532157
27
0.3685372739194092
28
0.18148812331976844
29
0.19819773065663246
30
0.2555806826187686
31
0.3817929500267111
32
0.15971175714398572
33
0.32460621871789247
34
0.6961036029249809
35
0.2812581618078771
36
0.27773064289826116
37
0.20792036601394087
38
0.39972501902954827
39
0.2601037547180869
40
0.21326394111399788
41
0.4891590066973864
42
0.4626899075322498
43
0.273191642631796
44
0.25491963024827596
45
0.23880199654975964
46
0.3507304364867959
47
0.27923858850407807
48
0.44857208324589487
49
0.21594514935454429
50
0.18330024037775747
51
0.46483109219470153
52
0.27003160053717173
53
0.38405482320708056
54
0.29748614569955006
55
0.3331123433561302
56
0.25964536734922555
57
0.23437075372494137
58
0.33162903847840836
59
0.20646253715179516
60
0.3919393524006432
61
0.3587012476128471
62
0.2697966950913053
63
0.36429522310300955
64
0.17862918249174384
65
0.18933633242355216
66
0.29367511554989495
67
0.30114518405562213
68
0.22096714078558893
69
0.25588545677696134
70
0.1852867447068712
71
0.2634496875013099
72
0.20628313202856668
73
0.20461789825482243
74
0.21412947369678226
75
0.2927015134195236
76
0.1815596905117778
77
0.21075740806691637
78
0.2626708740944332
79
0.2531396820350839
80
0.21859225678048372
81
0.2942705214931993
82
0.2821757755838473
83
0.26221588277534136
84
0.25829152881642686
85
0.2832932099369083
86
0.3854033389734293
87
0.3801392805208542
88
0.43068670681161847
89
0.49070574389537785
90
0.20120706583040107
91
0.33729622554725913
92
0.24188142275334473
93
0.30813710678974704
94
0.3348412228662276
95
0.33783115824343646
96
0.4088355042073224
97
0.22506708282025967
98
0.3157444721523106
99
0.22587230344970757
100
0.3515958140329022
101
0.2954063857350781
102
0.2232817861943581
103
0.3116350210061932
104
0.2789039742441881
105
0.38142920532472446
106
0.18503697013088308
107
0.20757196663130367
108
0.246895186246541
109
0.19841098279749494
110
0.38660723467740993
111
0.345813208224114
112
0.26250069045613206
113
0.2397837714097418
114
0.2392547635875782
115
0.30551073907536985
116
0.18604912857534028
117
0.24682919176541282
118
0.21863207533597903
119
0.3336630022617432
120
0.37587408191020505
121
0.32207518884175884
122
0.35576044941939017
123
0.3632708826033691
124
0.20892777497150317
125
0.2713801762089389
126
0.2819979007468444
127
0.265022004254083
128
0.3086188218588594
129
0.18956545047472978
130
0.3593073181046558
131
0.42558783549990103
132
0.32897745494147385
133
0.3103433182951626
134
0.33047267758375426
135
0.3384235893636222
136
0.37835438342737643
137
0.3462699497337562
138
0.4772170195812329
139
0.3041707067990482
140
0.27515129859728293
141
0.2789475245391255
142
0.28320493759786003
143
0.19408904724893403
144
0.23632958508305887
145
0.26473463845370454
146
0.22131810125958248
147
0.28630361643016355
148
0.24358832259289837
149
0.21778108614458452
150
0.24129466767581056
151
0.4524089268114889
152
0.27282206795129893
153
0.23191577546898526
154
0.3043891138961381
155
0.3170724113734352
156
0.3401461732929519
157
0.29985990036295274
158
0.24707650206537
159
0.3863027430325538
160
0.29657244627170337
161
0.23477565022771626
162
0.2626713576063043
163
0.2101023533481013
164
0.2238461767751646
165
0.3326729566636402
166
0.31986073132576587
167
0.6177230174535596
168
0.2827635446352618
169
0.325900843100387
170
0.3343017469647637
171
0.38886613671022097
172
0.24651890926528008
173
0.22759247774803215
174
0.2217414082002907
175
0.21865090203892026
176
0.21677541994490865
177
0.2082260204920869
178
0.26267473117582035
179
0.2702019959297366
180
0.5957775255614415
181
0.2969086321516674
182
0.41449349450651446
183
0.24372706708440164
184
0.47295918847623897
185
0.26134493159887723
186
0.24908240998720022
187
0.23180037314393984
188
0.26380078083640485
189
0.26235178863262054
190
0.21840144884631535
191
0.37806305349027697
192
0.5626188649045532
193
0.3942377060049638
194
0.20774436251854736
195
0.23061525516178488
196
0.22297622930880617
197
0.45289211612482744
198
0.3404505718315022
199
0.3107619376648
200
0.3896920216091348
201
0.33719063262604615
202
0.2621926808092979
203
0.2340375657754269
204
0.3636894367237941
205
0.19113365131077187
206
0.2228445542624593
207
0.18206768644319105
208
0.20632456815789574
209
0.20688289803009852
210
0.44845150571509335
211
0.2381563835529575
212
0.21890517939733084
213
0.3814815088068538
214
0.31261448228746813
215
0.29735834400731875
216
0.23517170027467177
217
0.2978408752875777
218
0.21117237165860944
219
0.28171863083520393
220
0.2868547449753402
221
0.23644300248065403
222
0.5726594086997027
223
0.2713524042480887
224
0.21820122950369716
225
0.1999750962809402
226
0.25264771581793033
227
0.22476327964408233
228
0.22785327851654996
229
0.27224832951908157
230
0.21848782482360657
231
0.23801182151618772
232
0.21385815766175995
233
0.227112897387281
234
0.2535804657791073
235
0.28832535720248254
236
0.2961255891188332
237
0.22733511868657932
238
0.19017256749358394
239
0.24023872755322453
240
0.6744912317148689
241
0.22674849366537977
242
0.32788969744542856
243
0.28529494667043126
244
0.19937884854117838
245
0.22078269694737657
246
0.35599274995966174
247
0.3050665455701543
248
0.3333187742954773
249
0.5684146116466732
250
0.25551121103503477
251
0.32960105191995914
252
0.15452542138448971
253
0.21366008968424477
254
0.3106735991693796
255
0.30097038443900453
256
0.2796304443609501
257
0.2658874918578827
258
0.2561343491092407
259
0.1801233144206036
260
0.17214749892469036
261
0.27011374839684876
262
0.29098102160765005
263
0.24896542023307908
264
0.304690297377565
265
0.2790907731293136
266
0.3544180421229936
267
0.2883443728252841
268
0.270690816175092
269
0.24103921191366537
270
0.2494799034114783
271
0.19849652168222406
272
0.24795712855109123
273
0.25618594574992193
274
0.3010754183840526
275
0.3544039456895171
276
0.250739428821605
277
0.23766021066426982
278
0.244141218832861
279
0.1917024176861784
280
0.32371054464708965
281
0.31264276010593905
282
0.6993286100282672
283
0.2903400961781114
284
0.2199705426487123
285
0.29300650750865487
286
0.20468625338607307
287
0.19718294814623918
288
0.2518945957286392
289
0.3177381765997023
290
0.30827256442809675
291
0.2533281361568723
292
0.2984018306979939
293
0.23807385304089407
294
0.21671075487435096
295
0.4377298636577363
296
0.2843475723963485
297
0.32304484743301565
298
0.2809828407030826
299
0.2695907125657341
300
0.2302440506695215
301
0.2369789719887422
302
0.3104129904749095
303
0.17897897757908166
304
0.23661726348780204
305
0.2226815780097965
306
0.19347122938627367
307
0.24239358686386397
308
0.4309707164667814
309
0.2181814793753417
310
0.2758384896453876
311
0.41382395477678685
312
0.24330725544180545
313
0.3597996185552775
314
0.2256736878609553
315
0.19719233213767445
316
0.25281145051612275
317
0.31009351234313587
318
0.21588398541226922
319
0.37432470317562566
320
0.37573574039209134
321
0.20332860685271947
322
0.2794594144404611
323
0.23064279223238549
324
0.4696470858416689
325
0.3174932451552921
326
0.6053273419008146
327
0.30839728060751487
328
0.5021482138036608
329
0.35258854129206574
330
0.35514995446320724
331
0.19255436441627954
332
0.26345037156209333
333
0.19909504052957083
334
0.22784249229086664
335
0.26200151022310336
336
0.5972419763923382
337
0.26742107296947054
338
0.19513251574978124
339
0.3122319708342027
340
0.21717759721628413
341
0.36950123218187997
342
0.3406169162248321
343
0.3891051544806026
344
0.3249450479138238
345
0.20452795130967855
346
0.3513764075766124
347
0.20049702375570383
348
0.30590371234320624
349
0.27009683593144446
350
0.22299725109816235
351
0.24843091084459498
352
0.3445700236351878
353
0.4221693108603636
354
0.20328803645099172
355
0.26578674439088124
356
0.3963342445345696
357
0.2346375231982809
358
0.2378378834282164
359
0.2514277346188722
360
0.2656252750628662
361
0.4095824644921433
362
0.2409882630058822
363
0.2903441508527997
364
0.19539104167694651
365
0.501085871058289
366
0.29631555171194135
367
0.3567920098221227
368
0.34054576070153875
369
0.29234212709479585
370
0.3354551811772421
371
0.27581069629238364
372
0.4116557402558447
373
0.24343731785804754
374
0.23928366694458003
375
0.27604683869781704
376
0.2847557394450648
377
0.31703055481858716
378
0.18451010018197636
379
0.38411697585667837
380
0.18330317535584573
381
0.2532042005775736
382
0.2688670359438571
383
0.2521544320662364
384
0.5633686892234904
385
0.2430973480745468
386
0.31434825400474375
387
0.20990918147254933
388
0.2053155969974893
389
0.24093382787380746
390
0.26677645341606837
391
0.2770831544277678
392
0.3195165907869835
393
0.36974875725412054
394
0.22602455164609128
395
0.3031209299473646
396
0.5280064799209919
397
0.19392899982413245
398
0.3255975848227656
399
0.22072955395809662
400
0.18650031687935387
401
0.22115244032198772
402
0.3968881434956928
403
0.2947847621341879
404
0.2963662388883196
405
0.2402844830707801
406
0.2576579535547986
407
0.3194995465891043
408
0.2488866291148189
409
0.23896289769633824
410
0.2590151583848539
411
0.3148635894067417
412
0.25732093530230693
413
0.2714132582083207
414
0.36610851300406066
415
0.3274643877910404
416
0.24291574796867207
417
0.23313975140463586
418
0.22412690090243295
419
0.23232766820758988
420
0.2762666074755311
421
0.25830943792289734
422
0.3828438183076963
423
0.25460199979920356
424
0.17732373144335983
425
0.2254968879677156
426
0.24793044291741584
427
0.3204557210421941
428
0.1973592231643167
429
0.26714863853137244
430
0.24167738833175612
431
0.302606418512908
432
0.2215314453102546
433
0.2529763349685747
434
0.4862213819755722
435
0.23407425653388422
436
0.2439835466659191
437
0.2596319378255134
438
0.3921911715615912
439
0.25627682420460446
440
0.3374260198303229
441
0.4186059710357561
442
0.3747450317395098
443
0.24801703981537968
444
0.32828551252965676
445
0.23865788654747108
446
0.3847236277369621
447
0.2708199224669073
448
0.3622282112294038
449
0.40100533891750056
450
0.29138276024466775
451
0.3232113474175347
452
0.2232593763800286
453
0.3879350522022988
454
0.25080030084668953
455
0.23580473846683597
456
0.3860641703226009
457
0.5181138900899805
458
0.19453700094203624
459
0.27136954051537
460
0.20963348473308185
461
0.33420743546756776
462
0.3492535011905748
463
0.2612344794875959
464
0.3023210276599298
465
0.2600500649893208
466
0.28856029987629267
467
0.36645971449416875
468
0.3920410854664523
469
0.3184212386831338
470
0.28828487153536636
471
0.22784193476479725
472
0.40021566946153597
473
0.33408244711487967
474
0.36217103401404954
475
0.7712926047635434
476
0.18808692292500806
477
0.294476773448306
478
0.3028211801736824
479
0.28848382087811875
480
0.45667912003289796
481
0.31666091788325296
482
0.2496263493909564
483
0.3157889465239779
484
0.24419307672400364
485
0.2536943786702004
486
0.2977345702822208
487
0.21075067739826367
488
0.6448898058264341
489
0.2609547592598665
490
0.3039308054695448
491
0.28755107228068627
492
0.17455706877089666
493
0.20160026026079245
494
0.3738712127558417
495
0.2284015509581631
496
0.20103046613081044
497
0.3520079543975344
498
0.23154353010702322
499
0.2791654985604237
500
0.19352182623902855
501
0.2866444752396472
502
0.3163927085337847
503
0.5699401272214735
504
0.2701718876010668
505
0.5881254143745973
506
0.48603216272990046
507
0.20589084033041594
508
0.3297018245566104
509
0.24305704938419967
510
0.28804553705819647
511
0.28416976045524733
512
0.250433634010357
513
0.33256889032169223
514
0.24400044556259412
515
0.19638949187346294
516
0.28913841032787174
517
0.25069442078732845
518
0.24340861918776327
519
0.22338026417863466
520
0.2725478624005627
521
0.3153491879433386
522
0.29460257061952627
523
0.3437275451508834
524
0.2058311285160423
525
0.37915684248818626
526
0.24623812842486853
527
0.2601465461419981
528
0.3542858272361417
529
0.19789357655268103
530
0.16921289425333821
531
0.21901985917191275
532
0.26495298570473585
533
0.2659437313453065
534
0.31621238895531595
535
0.21742991970393213
536
0.3064253306247573
537
0.47485573605542675
538
0.399992061812868
539
0.22677049902386223
540
0.2657431286412833
541
0.50795595353951
542
0.2829902518520981
543
0.3739358231660202
544
0.32330610895201456
545
0.29345999336228706
546
0.37298887907234585
547
0.2474083208939427
548
0.29909742080126
549
0.22152680787699866
550
0.21239036897058478
551
0.2138483827887817
552
0.35835334679921294
553
0.2656246300840836
554
0.2403227273325782
555
0.36494456287277155
556
0.2809558204535492
557
0.2969981237350529
558
0.20593616980045273
559
0.230835109045442
560
0.3608605100050323
561
0.3134900430315959
562
0.21181561732140558
563
0.36384472803820017
564
0.3203015698493401
565
0.2346293954008213
566
0.19289438206328768
567
0.5345569426564253
568
0.3229564818868224
569
0.3908949114383439
570
0.22237883417480747
571
0.3744290882368312
572
0.17051381610931185
573
0.22050979844653268
574
0.1690318469410663
575
0.24714150803201237
576
0.3914389672572172
577
0.4039916832785781
578
0.1847038818187228
579
0.2771252682820224
580
0.23287086728373868
581
0.2460420602847774
582
0.17796649915690746
583
0.5272485727045427
584
0.24096979877938826
585
0.25573902606864085
586
0.27258430871000955
587
0.1891596657049578
588
0.17567606847585215
589
0.2999201386773065
590
0.31905360141387035
591
0.17343591941425587
592
0.3433251408174642
593
0.2516118957252965
594
0.22129459598988857
595
0.22941702006365855
596
0.27922154539523913
597
0.35877470539264544
598
0.25040778771706934
599
0.2071074713592572
600
0.31462605872786614
601
0.5780537861414946
602
0.2444821253025736
603
0.23703347706195316
604
0.22304546426884977
605
0.20813734408011408
606
0.391131176828322
607
0.6056339898463237
608
0.26096885855991286
609
0.20798956091567544
610
0.19125459623076024
611
0.21407324393931082
612
0.3822821855785808
613
0.25871843816472134
614
0.27782873066774194
615
0.35251910268144876
616
0.6696663809828811
617
0.5033939429771996
618
0.3405976603997904
619
0.2966839320069734
620
0.3393672913983874
621
0.2761944775808628
622
0.33404169731327044
623
0.4511131846426659
624
0.2117993847150614
625
0.40720107501972724
626
0.2016197674448491
627
0.29190702289794146
628
0.21909954267878443
629
0.19742127121301528
630
0.4200999908560282
631
0.2445537871465436
632
0.24325611334804287
633
0.37659302191432265
634
0.24290093953766098
635
0.27994774442533565
636
0.2824069746650364
637
0.4094170986657862
638
0.28229790530926746
639
0.2769000635087565
640
0.2735351981064949
641
0.34931457864625176
642
0.17402386308656545
643
0.33535468315460154
644
0.25945869335059546
645
0.20786441401441638
646
0.3105677099448288
647
0.42594745217398894
648
0.31265445316427404
649
0.23679228500763425
650
0.23963808042382256
651
0.28852840396441864
652
0.36160933887294905
653
0.27217203796058215
654
0.2925719361370854
655
0.3410739468829021
656
0.3899565812804159
657
0.3151926235906102
658
0.27239324523907615
659
0.40282847148131845
660
0.3040971967176019
661
0.20643218643102626
662
0.23965006997218077
663
0.4032853701656647
664
0.3340356838961753
665
0.38887672727358247
666
0.1889482492596724
667
0.2614676743978272
668
0.264798458883432
669
0.3041793846237844
670
0.29873236541569875
671
0.20731292177279892
672
0.19941028526947568
673
0.4685684539606193
674
0.2579792812462338
675
0.28789848209788327
676
0.250522541617496
677
0.28221073415942893
678
0.2479347873061641
679
0.3372753757589769
680
0.22283535904240614
681
0.2417524143071654
682
0.3043468770876041
683
0.3202705853611042
684
0.23596741681503963
685
0.1851865423621001
686
0.19200833602414732
687
0.21257273334698523
688
0.19748683579777648
689
0.2749755509426419
690
0.2905336939208363
691
0.2602925155333963
692
0.335160556334873
693
0.23097964015350358
694
0.2915115662553125
695
0.3273483031144237
696
0.3480711995252294
697
0.28374531660236274
698
0.229899468680892
699
0.2858453158399775
700
0.22071395150598078
701
0.2366737267015629
702
0.26548798000223656
703
0.23581059289194656
704
0.20521455449965037
705
0.2373290571370148
706
0.1669576558071016
707
0.30188793122716295
708
0.21853993606593858
709
0.19789406835732984
710
0.23319516993963718
711
0.2377605528350078
712
0.44430384577086307
713
0.2547152953630474
714
0.34437768192754803
715
0.32134245363461644
716
0.26701138386562856
717
0.2708717694190463
718
0.22199892517766945
719
0.20449235587416548
720
0.3299802635112836
721
0.3287324209197898
722
0.25147467846700183
723
0.18554066579957593
724
0.30636344247031955
725
0.1898460103242012
726
0.3159506543633535
727
0.2105632864107555
728
0.2473987767553548
729
0.34841138768158636
730
0.22788474804378067
731
0.31389100968321787
732
0.26063474630177186
733
0.28013071017228564
734
0.4620794223537633
735
0.20747464322914824
736
0.20952870991931083
737
0.3543918974289402
738
0.27407703273300366
739
0.24614304365078857
740
0.1558220631161823
741
0.4060688506513023
742
0.3026742901601031
743
0.29512289919349655
744
0.5293267639023012
745
0.18945425664699408
746
0.2997845980740181
747
0.3551117507603273
748
0.39403999120284383
749
0.2169969366213405
750
0.21306852080433505
751
0.21267950569440644
752
0.36150770408074373
753
0.2706673824011541
754
0.2020036490550695
755
0.2330630318591307
756
0.25439455986640264
757
0.37879211170012345
758
0.23841326907267638
759
0.31511488260153425
760
0.30426355872383704
761
0.45027142820490906
762
0.30388255679305437
763
0.9135110803140769
764
0.29653331194474936
765
0.21616392722057226
766
0.5024598839609498
767
0.1976352270408701
768
0.18309517589747362
769
0.25584227922235775
770
0.3419844424420122
771
0.25160286632780576
772
0.27668538026986395
773
0.2534665945273351
774
0.23632367701804657
775
0.2318619527509541
776
0.28383578770945234
777
0.20521373228690243
778
0.33608982670771487
779
0.254265135632361
780
0.34215509176109105
781
0.21870117129570724
782
0.22737338655715236
783
0.34345001534906006
784
0.28011564581209203
785
0.3659232452450524
786
1.0303578112285685
787
0.3134535228898952
788
0.18816009747507945
789
0.29631648593309035
790
0.32524995098000165
791
0.3280522990742933
792
0.2708418555393682
793
0.3286092286682696
794
0.30285905959967774
795
0.26322969156633325
796
0.2380038878299398
797
0.25339078075706223
798
0.2734772972295572
799
0.4050977236613698
800
0.32752798453545334
801
0.41236419956999865
802
0.21102136558662593
803
0.29171349799211943
804
0.2112788735088568
805
0.3777361656470292
806
0.31262116520218536
807
0.2060162568393481
808
0.28630592222623685
809
0.26089326797258716
810
0.43054983165477545
811
0.3381956153925326
812
0.2208517263063122
813
0.30116264480201477
814
0.2811338160031705
815
0.20153150368550898
816
0.2724691420786217
817
0.22227598649201205
818
0.2722583783069225
819
0.40861031253051744
820
0.27687546112160527
821
0.3069632147351258
822
0.2841884060048742
823
0.197214379707214
824
0.20350517493284942
825
0.31067273132502343
826
0.21936642475464516
827
0.2506203920314024
828
0.301289717210895
829
0.30814599685176963
830
0.19064364407563664
831
0.3433263839864581
832
0.32876075160290075
833
0.6813592054570111
834
0.29173803788722164
835
0.21127277861281568
836
0.2327333829117214
837
0.39746690488519526
838
0.21710244465249998
839
0.2509533051707922
840
0.1957099148062654
841
0.24929842268812005
842
0.35724912818206805
843
0.30349844949819366
844
0.24702555667258666
845
0.20198826804560266
846
0.31718584614809286
847
0.17497281631987363
848
0.20189995151866003
849
0.3503688758127173
850
0.28586226924665936
851
0.19261607425177926
852
0.23050412167561907
853
0.30470390561110205
854
0.3985814610057124
855
0.35076691595987447
856
0.38233078231216594
857
0.20276660767483953
858
0.18661449224013038
859
0.3361736637786578
860
0.22696497521707473
861
0.21306098471159268
862
0.2187981478816425
863
0.21343534803292868
864
0.21632716351655454
865
0.18635839483872998
866
0.17261862722384783
867
0.18990525455764554
868
0.23764493892195238
869
0.25518832042521833
870
0.23004786577014272
871
0.29043725954277094
872
0.31204968070566413
873
0.39449362173995084
874
0.24969105352078896
875
0.2861321703946079
876
0.23746039007488134
877
0.19904692793095036
878
0.2718970172078576
879
0.1709841502524576
880
0.3699174122148526
881
0.19898796241591965
882
0.2263496290921442
883
0.241796616944794
884
0.5046531452482996
885
0.25527587027387766
886
0.25054887960265265
887
0.31432269524110246
888
0.2831014257177571
889
0.45957611760117256
890
0.257082969423682
891
0.36055835132238423
892
0.19183769487372926
893
0.20797851924086364
894
0.3195891382389248
895
0.2104327051026805
896
0.20553249156949577
897
0.45196165418630735
898
0.1916656522518942
899
0.22469682967370005
900
0.47929243834796326
901
0.2501777697415984
902
0.5557018523257866
903
0.19852723475753287
904
0.2112136141935791
905
0.34224870018155873
906
0.20894024361915886
907
0.22661901263337111
908
0.366039011385829
909
0.27562423792879953
910
0.2751219333081245
911
0.23830904987607693
912
0.2760919937344642
913
0.2349448715139163
914
0.20445852586830363
915
0.2211036757523892
916
0.4765716880291214
917
0.31704215964399574
918
0.2619385551922387
919
0.31339456459083637
920
0.24545909059011842
921
0.3390249245876465
922
0.25049502737467355
923
0.37638938708242337
924
0.26318685503435296
925
0.28470622421407243
926
0.35696152227798983
927
0.21246625702515076
928
0.3959219455695441
929
0.40351621603870136
930
0.16785972748454583
931
0.23470322443336755
932
0.44869567659417525
933
0.25374452257281016
934
0.19002899598329948
935
0.4766611568135
936
0.22722614230310287
937
0.2617154007764099
938
0.23114902916888838
939
0.4096921746275503
940
0.2130076106391744
941
0.30227725869290106
942
0.18496961323075073
943
0.21747006310848793
944
0.25234258492343886
945
0.22674904891532197
946
0.22148473201817004
947
0.3747421581704625
948
0.1779716423262912
949
0.2595946431844293
950
0.20712604382537683
951
0.2048255770487501
952
0.2783297295337771
953
0.23582661957350362
954
0.2816919679532775
955
0.5525069314161108
956
0.23011316051925457
957
0.22971557151682198
958
0.27682679108588654
959
0.5821297477993705
960
0.3519034388125439
961
0.22761998971163117
962
0.4187901417225064
963
0.32704540064403503
964
0.29851830783439687
965
0.20347988791537394
966
0.21129065217936935
967
0.390101515082149
968
0.2539677649000162
969
0.2792897377011722
970
0.25461288997676856
971
0.2307015330242965
972
0.2176906512683419
973
0.2367858918610216
974
0.1891976524348168
975
0.19160732212756074
976
0.27396685315148467
977
0.3232611301778052
978
0.543244050052985
979
0.48838638282476
980
0.1782875865934677
981
0.2681137595571284
982
0.17305165773804995
983
0.2223241493856324
984
0.3429143931802981
985
0.21937982130241063
986
0.2761864701362389
987
0.3541437639331792
988
0.25788844633589075
989
0.22504861801756432
990
0.4834591275325228
991
0.4180552788123765
992
0.2503592588944845
993
0.31153352558734404
994
0.26046693306603574
995
0.2639611806999246
996
0.27863206266236207
997
0.2876738310950797
998
0.20993389466648066
999
0.209031327234634
1000
0.3660908192392446
1001
0.2203084084923075
1002
0.30466449712782817
1003
0.2325505792779357
1004
0.32736983841166023
1005
0.25429711782002534
1006
0.2624076276650323
1007
0.2845551669443462
1008
0.20405499489601553
1009
0.2544860462405757
1010
0.33062271735470733
1011
0.4203183808678388
1012
0.5615552387176931
1013
0.2531542366774689
1014
0.23258732777850213
1015
0.21296083600330565
1016
0.29882562220294284
1017
0.42272514198837263
1018
0.36832096193948377
1019
0.32929209684961674
1020
0.395948884616026
1021
0.24334222189355098
1022
0.24661525724905276
1023
0.5481802860574968
1024
0.254862827226037
1025
0.4921930488380027
1026
0.45172034076570744
1027
0.24140750440755832
1028
0.3891016340884637
1029
0.5915877023778351
1030
0.23925440006332205
1031
0.41655436091099785
1032
0.27808227102361366
1033
0.2231126532981208
1034
0.36609207474434063
1035
0.2838920107121089
1036
0.2661321099076319
1037
0.3631179022230876
1038
0.27361083468053143
1039
0.31897445483967835
1040
0.23341085880806983
1041
0.24088491351581803
1042
0.4041517386120252
1043
0.22703468818315137
1044
0.38675285628223455
1045
0.21372167577811596
1046
0.2444623055071658
1047
0.4047831300892061
1048
0.40252743946860714
1049
0.20645673181668955
1050
0.4265823498327737
1051
0.28333329536063456
1052
0.2677420921910427
1053
0.27085836093051385
1054
0.2700340818657051
1055
0.42139924880740304
1056
0.29134621036133723
1057
0.3200519417200833
1058
0.22712711773375982
1059
0.24436415306479609
1060
0.3760439426572529
1061
0.28945093627737417
1062
0.23466552572989846
1063
0.2839830191539476
1064
0.40795411907463314
1065
0.23303653105673372
1066
0.28778637565519966
1067
0.2643885165341561
1068
0.33091748449124697
1069
0.2772871957561926
1070
0.2694784193806924
1071
0.4056882631376591
1072
0.284621837482133
1073
0.5255223488137662
1074
0.2672360032061104
1075
0.31213097890462915
1076
0.2967738407060758
1077
0.3626917070848797
1078
0.33546923997023625
1079
0.3755341667792814
1080
0.2826117801461137
1081
0.28267382672202146
1082
0.21108529783953797
1083
0.25949352074935267
1084
0.20441056539493754
1085
0.37369461538309673
1086
0.26425150861442614
1087
0.30320307272441827
1088
0.3170020447925677
1089
0.2118642007536799
1090
0.2499942164594304
1091
0.3203902579098277
1092
0.5738329178924125
1093
0.2636946054219592
1094
0.4137871741733319
1095
0.31844289007618565
1096
0.24492732198214348
1097
0.2526788717479838
1098
0.23778971655555814
1099
0.22730824886950987
1100
0.19481177328712423
1101
0.41234950176570206
1102
0.24856940407738154
1103
0.2854895637831835
1104
0.2524860099640956
1105
0.26068845216981823
1106
0.34632663907335853
1107
0.20906871383373768
1108
0.3122064278689119
1109
0.19119822973524642
1110
0.3084678674196511
1111
0.20370014678388834
1112
0.19845173667021668
1113
0.202067514253229
1114
0.21038417084723715
1115
0.22368738546701453
1116
0.21234116505100842
1117
0.21175272018433483
1118
0.20623085840916802
1119
0.538283739553505
1120
0.24287657531800097
1121
0.3772885014114509
1122
0.211118335835554
1123
0.2827918982049742
1124
0.43866896023829954
1125
0.2652076772717567
1126
0.4350539773855723
1127
0.4517527477036756
1128
0.35353804971012953
1129
0.27688014960235147
1130
0.24758952257616298
1131
0.23918972054686885
1132
0.21703932053220493
1133
0.5985666664236443
1134
0.21455298381757215
1135
0.30026440377507335
1136
0.2316580928359244
1137
0.3877730574491238
1138
0.2791518410935044
1139
0.3448165696125042
1140
0.18140491978189635
1141
0.20920783889570907
1142
0.2716568372184429
1143
0.27481703570197646
1144
0.2447310545542242
1145
0.3614924099128242
1146
0.3213015816617962
1147
0.22203761258884322
1148
0.4418467067675409
1149
0.24577599244162485
1150
0.46644486936282087
1151
0.2092846466502317
1152
0.3867833700551735
1153
0.33775068791956886
1154
0.3101271459174949
1155
0.2241046240186472
1156
0.5117348086407953
1157
0.2306568126649407
1158
0.3605342082322797
1159
0.4279059256258249
1160
0.20151809737972523
1161
0.33834421144735777
1162
0.3177363542057431
1163
0.22569149731967197
1164
0.23012806192498358
1165
0.2134921238033847
1166
0.20152535081212145
1167
0.3527984262243639
1168
0.33580183294130644
1169
0.25852547324477004
1170
0.1899117268990332
1171
0.3003449266640896
1172
0.3941006984219274
1173
0.2088548808563165
1174
0.20777965633672282
1175
0.2476284264947528
1176
0.3377936501651822
1177
0.4190374867872336
1178
0.217181268693718
1179
0.24321390666861845
1180
0.38515574350865595
1181
0.27452173655802325
1182
0.23391458633232726
1183
0.6834461292120803
1184
0.19764432518243769
1185
0.175305574188775
1186
0.398192772368593
1187
0.6553312280378925
1188
0.34556509130446333
1189
0.28183953485868035
1190
0.3061410174604101
1191
0.44126651424146285
1192
0.25950158195691897
1193
0.1889135344010757
1194
0.32579217935443805
1195
0.3099826754090785
1196
0.35035397524689654
1197
0.23935094291917494
1198
0.25306385878723353
1199
0.19642127074080237
1200
0.23201769721462584
1201
0.24532152583298533
1202
0.23982362011593963
1203
0.28324639036899474
1204
0.272082808092141
1205
0.28440413462824105
1206
1.1334951938374827
1207
0.17859948425321787
1208
0.37339063289572133
1209
0.30933371472717014
1210
0.22867639278953736
1211
0.23186501148571384
1212
0.2121374011936935
1213
0.24084295530601993
1214
0.2672439882585479
1215
0.22945026552934775
1216
0.2860816302401607
1217
0.2646052385558457
1218
0.24181775479512183
1219
0.22846912132540684
1220
0.25646343400800936
1221
0.19630355473234098
1222
0.31982249559692244
1223
0.243667107288093
1224
0.3629403568893082
1225
0.28705306419030324
1226
0.23552664917555588
1227
0.24364258666175845
1228
0.3459635156975938
1229
0.227596232232872
1230
0.45511050919636253
1231
0.2498579859053606
1232
0.34944383913914356
1233
0.2424510957177953
1234
0.2685630701660013
1235
0.2861412924834997
1236
0.2741166478804043
1237
0.3151589552031991
1238
0.3912286267995459
1239
0.3699504982464733
1240
0.28619364947481557
1241
0.1881635069340717
1242
0.31826678679050535
1243
0.33924829776632826
1244
0.28051818698296604
1245
0.23350370132859852
1246
0.2485712367952825
1247
0.23028474243996416
1248
0.29387898348939545
1249
0.41058279959058247
1250
0.20027432234723788
1251
0.22492744102080708
1252
0.3421500440923369
1253
0.6250249358926354
1254
0.22531430164760918
1255
0.21881191549385162
1256
0.22692283700986435
1257
0.21823220643970964
1258
0.17695047580783407
1259
0.23649575776110862
1260
0.30146735904828054
1261
0.36845432621958446
1262
0.25857404498188125
1263
0.3969099571817588
1264
0.21807348920627964
1265
0.24281256137604443
1266
0.33478212908718136
1267
0.4219151202825386
1268
0.22503987973576253
1269
0.2593646323295786
1270
0.2351723334611783
1271
0.22469294249941688
1272
0.5162840486424073
1273
0.2828402758582078
1274
0.24254830530483915
1275
0.18953055698905102
1276
0.2520371366741487
1277
0.2413139803548919
1278
0.1893970566964758
1279
0.30640887867127875
1280
0.2262562872553266
1281
0.3896927212946693
1282
0.4668773195558198
1283
0.43690798021956606
1284
0.22593673518464052
1285
0.2374982662242098
1286
0.23341215232377782
1287
0.2503861507371416
1288
0.23728183880550424
1289
0.25165671115704247
1290
0.29366213569763466
1291
0.21810464173810107
1292
0.2820915304890691
1293
0.5619563736531772
1294
0.29991216620944167
1295
0.479937934530627
1296
0.29219635746875866
1297
0.3643964617385924
1298
0.2233946132428949
1299
0.24396931217733223
1300
0.3258360611201635
1301
0.2843340808465265
1302
0.2165688253226108
1303
0.5692985435767666
1304
0.2525212440534975
1305
0.2083361122112942
1306
0.34780385783349355
1307
0.2783055666904348
1308
0.19023224355766527
1309
0.4470289997953635
1310
0.19911475418120322
1311
0.3426367020245537
1312
0.2782668907787675
1313
0.199469129802728
1314
0.21412207986248807
1315
0.5681570312817633
1316
0.253585537141992
1317
0.1908734261765108
1318
0.21269849247264105
1319
0.3499432843089153
1320
0.35913863090378256
1321
0.33535367562351587
1322
0.21826243033207296
1323
0.36004161884756714
1324
0.25223790510863314
1325
0.3261426678147445
1326
0.17668252839788925
1327
0.2044923217774504
1328
0.33980027982780037
1329
0.3128614722834855
1330
0.2645945733801785
1331
0.3515529005824327
1332
0.23049731202669607
1333
0.2064361015891939
1334
0.23130876342368026
1335
0.24340938704698517
1336
0.25786881444160303
1337
0.49698777819335394
1338
0.2904240129855652
1339
0.21180791754766282
1340
0.2774274060957402
1341
0.30602986599889176
1342
0.21879677093584585
1343
0.3256218381510867
1344
0.2270678615468652
1345
0.2199633503358654
1346
0.32610614047236935
1347
0.49896392694452774
1348
0.2560938631797183
1349
0.33910711643443947
1350
0.18376253549366775
1351
0.1797113501363056
1352
0.22585330298873457
1353
0.1877863768531285
1354
0.24735725277266712
1355
0.27883344098275226
1356
0.21946987853716707
1357
0.3065396504258615
1358
0.4534551419883108
1359
0.24932314977951292
1360
0.1983711290538285
1361
0.3759420487833187
1362
0.5007273376038811
1363
0.21219573405492442
1364
0.19778608706376558
1365
0.23769900991614434
1366
0.21915276586015234
1367
0.25109103323911586
1368
0.26950145225234357
1369
0.23914746009573776
1370
0.3205936272064482
1371
0.2525885588816584
1372
0.30972580375186576
1373
0.3227170258628665
1374
0.18418503043054918
1375
0.34658003376382246
1376
0.20619329101984724
1377
0.26615660437227523
1378
0.31289231909122817
1379
0.4396645201737178
1380
0.23009517304817803
1381
0.19733246125844703
1382
1.0119817727943203
1383
0.21079481893168747
1384
0.2604088616803703
1385
0.3284322202556973
1386
0.19419218271951574
1387
0.2892869627918021
1388
0.2288912802636662
1389
0.26884897638278843
1390
0.2327501580792259
1391
0.47030374673716
1392
0.2385349681252745
1393
0.37261341848911855
1394
0.20447547524373746
1395
0.23547891796611406
1396
0.1719852449997131
1397
0.38099944310589395
1398
0.2167245008816035
1399
0.23395172726320818
1400
0.3253377175721135
1401
0.28716104342471604
1402
0.19597650612189127
1403
0.3010909117949454
1404
0.3050012570116512
1405
0.3505561148415341
1406
0.18893822459128345
1407
0.45098553442074135
1408
0.2957914271025979
1409
0.19798142367721475
1410
0.3171652755482986
1411
0.27148670741780967
1412
0.1989705128735668
1413
0.19728219336776157
1414
0.2947885971920733
1415
0.34938054118962
1416
0.22241989406751095
1417
0.3322517047884169
1418
0.2769530889662265
1419
0.23426072759280642
1420
0.2099357429632257
1421
0.25480075532828383
1422
0.4147594146463793
1423
0.35997177552743825
1424
0.21565326091253093
1425
0.3439972641823827
1426
0.33691153629301246
1427
0.20929266447452885
1428
0.3217169631349225
1429
0.3026760435017669
1430
0.22216867655804995
1431
0.2506686413178065
1432
0.2509443287047599
1433
0.31440523271478094
1434
0.2276192742584788
1435
0.41008051262524864
1436
0.26200261945139974
1437
0.23734544793664755
1438
0.2783393330816618
1439
0.4220750785268189
1440
0.29011418268175604
1441
0.18619008195846665
1442
0.29204693199995785
1443
0.20865691457991276
1444
0.2526393473002096
1445
0.30003737953051707
1446
0.5190697611621081
1447
0.19907145249435418
1448
0.3369048503657635
1449
0.23643510373329085
1450
0.24039400361037938
1451
0.2158547118435467
1452
0.36301764167370976
1453
0.4112344423790107
1454
0.2730710676975512
1455
0.18985064301506363
1456
0.22438231827065955
1457
0.2650770263005335
1458
0.3464309278266794
1459
0.4022711837904193
1460
0.2671460492097839
1461
0.27506764273747
1462
0.4222180612893265
1463
0.350879966729608
1464
0.3274540594127492
1465
0.28700815390773926
1466
0.2410824546443766
1467
0.29675177972057437
1468
0.4070857659958091
1469
0.1825484747364102
1470
0.24931587018701784
1471
0.22101518486355692
1472
0.23999934717031898
1473
0.2693247982683251
1474
0.3147978978146977
1475
0.5704817745793881
1476
0.2685588141308278
1477
0.37925435394500556
1478
0.26928241510102807
1479
0.29598461417595934
1480
0.3222023575466164
1481
0.2506104271495927
1482
0.26036663524721265
1483
0.31344602577454483
1484
0.3519458579651098
1485
0.25750497975887
1486
0.36980406036431335
1487
0.18473088124583206
1488
0.31238332494088616
1489
0.2656734282725655
1490
0.2811915477170788
1491
0.49532450216128254
1492
0.1799913320376411
1493
0.2616923487087424
1494
0.29788990648682445
1495
0.24984788158605206
1496
0.22771905763724454
1497
0.34070721729758485
1498
0.17014354563561018
1499
0.20884882369920488
1500
0.22336865367121356
1501
0.256902182366805
1502
0.234542226750557
1503
0.37953694037657276
1504
0.2826280197904784
1505
0.4813228794683243
1506
0.32315864694773877
1507
0.33230523107722676
1508
0.27994939810876507
1509
0.32588437536921283
1510
0.3850737205814401
1511
0.21138976227384712
1512
0.48708168368241417
1513
0.32614028047019145
1514
0.20052021665422118
1515
0.2193604669294029
1516
0.2828137382773714
1517
0.39361323944438037
1518
0.21868584081605177
1519
0.3536359706814733
1520
0.19481393860474025
1521
0.2921841588972125
1522
0.18560035069304445
1523
0.33555916802697155
1524
0.41889481559609876
1525
0.4453348671849685
1526
0.2648668990190237
1527
0.2778268621632545
1528
0.24483224172562768
1529
0.24737858339324562
1530
0.3539892071890439
1531
0.3288201492808129
1532
0.257240236132184
1533
0.4835789581528317
1534
0.24862434257860444
1535
0.21202074428491705
1536
0.3263916186443236
1537
0.3768624967919877
1538
0.18965989945563086
1539
0.3922405499910256
1540
0.390351260452075
1541
0.4243782685280712
1542
0.24056686519390658
1543
0.20745186151473854
1544
0.341245782238101
1545
0.3802432992779914
1546
0.34545030280616573
1547
0.21057509453858894
1548
0.2362891256537669
1549
0.23862983111642805
1550
0.2747520634575915
1551
0.263716440357734
1552
0.21713489155691743
1553
0.16892707181299477
1554
0.3177398586347781
1555
0.18295828973506773
1556
0.24737465686750432
1557
0.28750608967294716
1558
0.21066944349998135
1559
0.34913750000118393
1560
0.21982806387401185
1561
0.3538637387318551
1562
0.25776120806592506
1563
0.20761404098726588
1564
0.26394961368219133
1565
0.20269186966384997
1566
0.2590438610724001
1567
0.21639517519974558
1568
0.4580778857789672
1569
0.34203118858733816
1570
0.3306366446735903
1571
0.23416052786321825
1572
0.20209878130362735
1573
0.2650938143965829
1574
0.202806147610072
1575
0.3626364475255068
1576
0.3501062116118197
1577
0.23276595408062278
1578
0.29708079718511465
1579
0.4023292142914144
1580
0.23226498767173512
1581
0.36030076386758475
1582
0.2580356182280325
1583
0.24989041370764936
1584
0.41307224087419814
1585
0.37752069535898913
1586
0.28560557317753876
1587
0.2400698317864353
1588
0.20356087060990183
1589
0.2444235153081386
1590
0.6216657533370776
1591
0.249985183918446
1592
0.2575493968390058
1593
0.31990812327920637
1594
0.38229373123111243
1595
0.1812159793429116
1596
0.22515575050022849
1597
0.21881793463481405
1598
0.45684102695520395
1599
0.2811050453918682
1600
0.2659171280150852
1601
0.27649774305938035
1602
0.2961841794291304
1603
0.18420871117159662
1604
0.28599319366847675
1605
0.1993931399426823
1606
0.2973143982800838
1607
0.2907812837233117
1608
0.27412861000128846
1609
0.29158996830797496
1610
0.19644463362601647
1611
0.304244851474575
1612
0.9065739108253843
1613
0.3074827879869144
1614
0.1909415715577266
1615
0.2513230512674416
1616
0.28078356146290745
1617
0.3921910596950888
1618
0.31590813284472824
1619
0.2491422940459077
1620
0.2745847496259661
1621
0.2829254738337394
1622
0.2887081201722537
1623
0.23547163916344058
1624
0.19587320716366705
1625
0.2795675508407115
1626
0.36774465623610525
1627
0.3050590726411211
1628
0.3565269865863914
1629
0.41834261018403346
1630
0.286458902316455
1631
0.3008233195268192
1632
0.3373587195571917
1633
0.2483905651969955
1634
0.24498787257723856
1635
0.2420947631877284
1636
0.289516193677618
1637
0.2589852620196758
1638
0.20301341842057077
1639
0.23348122492260337
1640
0.22321425513693383
1641
0.2629145490704368
1642
0.2156666093074754
1643
0.1804291599621267
1644
0.23440515952065782
1645
0.4572173286960326
1646
0.2321070351673661
1647
0.3297650203602039
1648
0.2406665933634574
1649
0.23265500220290056
1650
0.2713058377198543
1651
0.26136286254147123
1652
0.4053726707790946
1653
0.28880062740651696
1654
0.3071434116767499
1655
0.1961640194233537
1656
0.35706550196710046
1657
0.31745806110889196
1658
0.31789731914125524
1659
0.3850347347342358
1660
0.3053867871970741
1661
0.20031557273733724
1662
0.2530203618552079
1663
0.3164721973060272
1664
0.27586691495759935
1665
0.2816089076060212
1666
0.24957608150751778
1667
0.41327072668599046
1668
0.18032966664687827
1669
0.34808572372076274
1670
0.24906917162862915
1671
0.2637647983008726
1672
0.32408916291196427
1673
0.2623300824322986
1674
0.18407328577562243
1675
0.3131883205337348
1676
0.21352390302608584
1677
0.38787489063683467
1678
0.2949041661305462
1679
0.3008971414042891
1680
0.40210615165788105
1681
0.4009852141316607
1682
0.47199925948095595
1683
0.2859984655160803
1684
0.3314377870643683
1685
0.3829361243612176
1686
0.3537678826080011
1687
0.2741275178763657
1688
0.24035268206346747
1689
0.21881036209409285
1690
0.20970125552465596
1691
0.32411317927666966
1692
0.26378993652187804
1693
0.22424292702401105
1694
0.36739889861844766
1695
0.2660841788207193
1696
0.47527774556315444
1697
0.3201871882717306
1698
0.3531642685768486
1699
0.2043928295408973
1700
0.26850142924204595
1701
0.19553264304732149
1702
0.3036311811902676
1703
0.20896266853405737
1704
0.21057897406621845
1705
0.3337064437535196
1706
0.2158308580181487
1707
0.23010450289629258
1708
0.4055296493528805
1709
0.21304627454611447
1710
0.20750708998407386
1711
0.23642024949340296
1712
0.5423324451414604
1713
0.2740981584781723
1714
0.26936655356619355
1715
0.30538298537837205
1716
0.4441372701954935
1717
0.20181892848405247
1718
0.2899229569476234
1719
0.23364176842597031
1720
0.30047533221203815
1721
0.9087083951561985
1722
0.3258055611401625
1723
0.342979630211813
1724
0.22905758358956013
1725
0.24827212869009027
1726
0.30816272650494225
1727
0.205381102818828
1728
0.24786019315037244
1729
0.3235104477324698
1730
0.28266268467066574
1731
0.24443384474267718
1732
0.2353491315952844
1733
0.25582906946020084
1734
0.4671577761334896
1735
0.20549667526008905
1736
0.23902759394256082
1737
0.1905270094799427
1738
0.300194102394815
1739
0.30133449482953895
1740
0.3232124309509124
1741
0.3812695672785775
1742
0.2999838365754274
1743
0.19228979061676205
1744
0.19800214460392496
1745
0.2412790693772406
1746
0.40264483171329934
1747
0.31373135597347596
1748
0.5036268347848432
1749
0.3011001141901033
1750
0.1786950345332696
1751
0.26465697046245534
1752
0.2665848585222031
1753
0.28103857383068925
1754
0.2069374068230047
1755
0.27202070440850223
1756
0.20528106187679393
1757
0.42061260250428173
1758
0.19769526571052887
1759
0.36399943749905406
1760
0.3351271566389143
1761
0.31826040016471496
1762
0.22414018768885846
1763
0.5114513124328434
1764
0.32165981458623805
1765
0.20292309848888193
1766
0.22536964186128092
1767
0.2893882303212221
1768
0.2939279539179206
1769
0.45143700826230465
1770
0.24998410363153487
1771
0.3406620772824046
1772
0.3972898290330304
1773
0.16635973684813704
1774
0.25888632206423945
1775
0.2695858255092187
1776
0.275050394108998
1777
0.22066150619723082
1778
0.2904336550873068
1779
0.353468283717013
1780
0.300479208913006
1781
0.20827881899020986
1782
0.38568853832682676
1783
0.31568376395085496
1784
0.19184027702638154
1785
0.5998901528316763
1786
0.28456163112773714
1787
0.20811647207639042
1788
0.47551079434309557
1789
0.23760334191184826
1790
0.48474366415165676
1791
0.35640475561662527
1792
0.2071708143002987
1793
0.2145079723122152
1794
0.340020141963874
1795
0.34896042505325164
1796
0.3201017321553524
1797
0.21533548948670764
1798
0.20234599160420896
1799
0.29861301863253364
1800
0.2524134469407557
1801
0.29798349500762833
1802
0.22023409034220684
1803
0.26306485398735835
1804
0.4498189797584698
1805
0.34664089339701365
1806
0.5975037521877924
1807
0.21293297588045856
1808
0.2628195237295781
1809
0.2660916499787135
1810
0.24224815480237363
1811
0.39797019314844634
1812
0.46333522009969
1813
0.1931814962935686
1814
0.28435548330668314
1815
0.1844951230294603
1816
0.33485003135322344
1817
0.5995834686651172
1818
0.2736816346874075
1819
0.32558582233358885
1820
0.39972053015773923
1821
0.25337562137881786
1822
0.3013260724377137
1823
0.36447113365201955
1824
0.2140747067781866
1825
0.2787895704908247
1826
0.30645032053908927
1827
0.3312900384604236
1828
0.2414549687471006
1829
0.2714471954565781
1830
0.25566171928378445
1831
0.3646218608470212
1832
0.35009059890519595
1833
0.298016006228885
1834
0.33951733684507013
1835
0.25454839375263605
1836
0.36428110115964873
1837
0.6485388884203352
1838
0.3354989518864479
1839
0.2729449394845145
1840
0.27446178452403364
1841
0.26293227620870235
1842
0.426481143497739
1843
0.22412760356582276
1844
0.22921021597181984
1845
0.33260375139191356
1846
0.2406468983945312
1847
0.37303195926241617
1848
0.22642196903409223
1849
0.2731973317278292
1850
0.26185134024251594
1851
0.2162025496235586
1852
0.3669266160821878
1853
0.41356249740763434
1854
0.19988187103577346
1855
0.21949822284616896
1856
0.21672077242609192
1857
0.2677314769937683
1858
0.2096923727079405
1859
0.20491612267150494
1860
0.3393188932919383
1861
0.22925230262062576
1862
0.17688352652143619
1863
0.38300138219558855
1864
0.2639606895777057
1865
0.18354667071796932
1866
0.3158357217149398
1867
0.5340833827986833
1868
0.26961370277445273
1869
0.2854044992518502
1870
0.23927106871502976
1871
0.25583126436257897
1872
0.3034147837166048
1873
0.33045191672545865
1874
0.619988100149717
1875
0.37351932524293174
1876
0.21662970401586615
1877
0.3366450369149912
1878
0.2226764038855651
1879
0.2919025087053341
1880
0.26702169562006123
1881
0.4696798291081732
1882
0.2465030601050681
1883
0.2496896081427634
1884
0.21008266579734164
1885
0.2444133367861824
1886
0.27177029789404816
1887
0.35137917283965914
1888
0.276228640013691
1889
0.21693256489094168
1890
0.2991309458044148
1891
0.33725818890174347
1892
0.2961401607209069
1893
0.6540556553815856
1894
0.20604994634605528
1895
0.1781266354635496
1896
0.5246321430149319
1897
0.23735132482045038
1898
0.2940336387760528
1899
0.23522483587655624
1900
0.24878407156667154
1901
0.23509688919170865
1902
0.1910440157661683
1903
0.20825266236977139
1904
0.3546857856915859
1905
0.3299767835548671
1906
0.28470412936620315
1907
0.33856739602825914
1908
0.380540502262163
1909
0.23277406114643323
1910
0.2595989374863716
1911
0.24941693773965634
1912
0.23572842624617743
1913
0.22342507216349367
1914
0.26031079273537894
1915
0.29656257648461304
1916
0.22938688699200677
1917
0.23587707876636088
1918
0.31245579166813614
1919
0.19947822357547823
1920
0.2031247422630723
1921
0.39486528505312246
1922
0.2672183900861195
1923
0.30572030131556427
1924
0.2438387574706424
1925
0.2784406104482649
1926
0.24128100977288613
1927
0.29466285094617045
1928
0.278714019766662
1929
0.16238785234271164
1930
0.27778669103930426
1931
0.35239094156499606
1932
0.30226994390666456
1933
0.34377619297929807
1934
0.311858673224771
1935
0.2874768121321871
1936
0.18979830018818988
1937
0.2623718690088651
1938
0.24888143097323392
1939
0.21234861231803087
1940
0.2969745199950825
1941
0.33511935903530443
1942
0.21234623027119265
1943
0.1912539797050483
1944
0.335229664541926
1945
0.1834095712933177
1946
0.2606472118461444
1947
0.4308713887405019
1948
0.25097978125949655
1949
0.21999939211286543
1950
0.3503547897507571
1951
0.6629771361637448
1952
0.2554289120442242
1953
0.284401520166564
1954
0.2385010854618143
1955
0.26523521176652043
1956
0.40763540362955913
1957
0.35969086847977993
1958
0.3008635216939637
1959
0.20368628065744146
1960
0.2177468274314584
1961
0.18113518096979123
1962
0.245499427553179
1963
0.27304877830045476
1964
0.19537414095674185
1965
0.2423071981809693
1966
0.22071541229724576
1967
0.3091976369233272
1968
0.2342027725519282
1969
0.40105959612983527
1970
0.38117043129189343
1971
0.37729327331094004
1972
0.21595422263044461
1973
0.2551990373813244
1974
0.3951523580631306
1975
0.42102735223327575
1976
0.31509552014417785
1977
0.6152231526924199
1978
0.4256294942755717
1979
0.303724328092778
1980
0.29295567752033996
1981
0.3026430957457758
1982
0.2797540799029678
1983
0.2856925201318887
1984
0.28261781117838897
1985
0.25978286726475003
1986
0.27081012064916116
1987
0.22007455044843618
1988
0.21971438884404207
1989
0.2012646067383854
1990
0.18161086491420972
1991
0.20074984835869353
1992
0.25577609840861887
1993
0.28701619721088484
1994
0.37328624733135074
1995
0.3731178206769548
1996
0.25351532694823503
1997
0.3372526098524818
1998
0.3241467264276039
1999
0.2381910939991774
2000
0.20600530350398283
2001
0.2851832111761288
2002
0.2836863930417863
2003
0.23186886643401985
2004
0.33742282118060085
2005
0.1978052443619671
2006
0.2551646152021757
2007
0.31006140168928636
2008
0.1912741733164301
2009
0.17992385577925096
2010
0.4766877894953747
2011
0.2496622911793827
2012
0.19323513558054306
2013
0.22696345184579517
2014
0.26746147309662277
2015
0.5851546470121124
2016
0.33525776351242276
2017
0.2837009314979247
2018
0.24214820892960442
2019
0.3475244133500744
2020
0.2934076980626138
2021
0.2109903250376473
2022
0.2820841446362408
2023
0.22256101794626554
2024
0.2909274956140213
2025
0.2331201700775515
2026
0.26635294884359306
2027
0.24616716967661934
2028
1.0240222728582762
2029
0.43938097420002414
2030
0.2559246175527538
2031
0.2916163552773938
2032
0.20235249873432173
2033
0.3701093908358672
2034
0.23519664310449875
2035
0.4622308065443594
2036
0.4563416476312887
2037
0.46375891337995373
2038
0.21734644111203888
2039
0.17749944810019894
2040
0.18950823852676427
2041
0.2055320601793103
2042
0.3435371921556659
2043
0.25047537751863486
2044
0.4716075608406838
2045
0.28190836640028566
2046
0.1997360956114476
2047
0.3671749195851455
2048
0.22921482425647216
2049
0.4169799958826684
2050
0.7761978753130783
2051
0.32317752278396567
2052
0.24297012356512782
2053
0.7922893940011569
2054
0.2430888620433625
2055
0.3831751892945873
2056
0.24792451805031657
2057
0.20982799565846463
2058
0.21791296348893135
2059
0.23949746747756437
2060
0.21092847482356974
2061
0.2837206858057392
2062
0.19616535188884426
2063
0.3070833925537304
2064
0.421526779618703
2065
0.24335117157069566
2066
0.34533749694524646
2067
0.1963767847649956
2068
0.3413813585179027
2069
0.4710626626382591
2070
0.3166326708490615
2071
0.2320421290516872
2072
0.2693784919195476
2073
0.21174410214998504
2074
0.2596401755050338
2075
0.25183526540529266
2076
0.18709112902897493
2077
0.3274819468396741
2078
0.21522184133429517
2079
0.4666822101611439
2080
0.2846832567401477
2081
0.3227154856081503
2082
0.4127842441597722
2083
0.27685291844152665
2084
0.23815331327290148
2085
0.24673939505980585
2086
0.23317145331440853
2087
0.30027615489848786
2088
0.3703430021117052
2089
0.2525604898781851
2090
0.2755237439510332
2091
0.3213078807001376
2092
0.3666580443168042
2093
0.298701996891854
2094
0.22557672248637772
2095
0.2640359501199623
2096
0.22714880638801657
2097
0.25796079350637596
2098
0.288255370673936
2099
0.1995411621609958
2100
0.354421637462678
2101
0.23229254854470618
2102
0.21314695282297005
2103
0.27866666487453545
2104
0.2588964283828318
2105
0.335925339363661
2106
0.5328400937897193
2107
0.2695824278940822
2108
0.22827120520924218
2109
0.3122003280904012
2110
0.27015058149955595
2111
0.3383703042729167
2112
0.18283128039156693
2113
0.47313528654105197
2114
0.22309698249123994
2115
0.3310539666530716
2116
0.8380356294498098
2117
0.22214892815222217
2118
0.2366575636602444
2119
0.3522833505864746
2120
0.2315578439617219
2121
0.2760780895179885
2122
0.4415887494499339
2123
0.22330842279670302
2124
0.27966468678928474
2125
0.2804273760053077
2126
0.27773553450404015
2127
0.2921184677351031
2128
0.22840546924864646
2129
0.22108919795369264
2130
0.21894124102464485
2131
0.19785800742084644
2132
0.3171076153165952
2133
0.259555865055456
2134
0.24242387539594124
2135
0.1968597150397065
2136
0.266216616859444
2137
0.17776247574026985
2138
0.20294592711780782
2139
0.2771767897063816
2140
0.21703415613048033
2141
0.17983273289299628
2142
0.22524036622747912
2143
0.5596150110654577
2144
0.21866363459362853
2145
0.21005500384462647
2146
0.2350303851602535
2147
0.2792979912192807
2148
0.2188021823473593
2149
0.16764421078908356
2150
0.3038296600195463
2151
0.2516796029637312
2152
0.5143399526763325
2153
0.17558786696526174
2154
0.23465547879656665
2155
0.36374540866747335
2156
0.20733359641694596
2157
0.20752721925268755
2158
0.3132533888638118
2159
0.21992512440645132
2160
0.1957126784031128
2161
0.29376572372887005
2162
0.19999197115478815
2163
0.2094984462343221
2164
0.20557223527595445
2165
0.2616973984756007
2166
0.2579417221571553
2167
0.6107874852018228
2168
0.21169903198039308
2169
0.2657898656859654
2170
0.25611027793098257
2171
0.3971652126160107
2172
0.275661643439573
2173
0.25291110681447315
2174
0.3788557429574085
2175
0.22226211194426077
2176
0.449644274989753
2177
0.20162966405161445
2178
0.2993220866395042
2179
0.26082947770142106
2180
0.2758852521810044
2181
0.6329708833242467
2182
0.20855300652192105
2183
0.337380595969497
2184
0.2668214007280728
2185
0.26149415615262994
2186
0.273588030998
2187
0.29160748120467206
2188
0.31762619443656537
2189
0.2779943263897572
2190
0.25643734871670143
2191
0.29902267946034916
2192
0.2727236069087136
2193
0.19574520294863165
2194
0.37976228264708034
2195
0.3081577599613896
2196
0.344696104166975
2197
0.2668766666459361
2198
0.20083075821003324
2199
0.1864125106106383
2200
0.2180884583808969
2201
0.2581967426751332
2202
0.43470038612482614
2203
0.19260522147371972
2204
0.2456775659110926
2205
0.3790304283132639
2206
0.23616684975455374
2207
0.6980982695468186
2208
0.2792625006233495
2209
0.2208005180162001
2210
0.32343797197479657
2211
0.2595996446077205
2212
0.3057567816379261
2213
0.30540874101141247
2214
0.23001703496228326
2215
0.19274281385474645
2216
0.37102252377596956
2217
0.1964882308982642
2218
0.29954100133043765
2219
0.22042483378792282
2220
0.24555886391233497
2221
0.1976951998076131
2222
0.2506995133215847
2223
0.2461980524641733
2224
0.2264562714839046
2225
0.23126844455666978
2226
0.24035052021983946
2227
0.2987689868825665
2228
0.2558090204453932
2229
0.4058236873455276
2230
0.20205788446394007
2231
0.2277363742816926
2232
0.2173869545476113
2233
0.35823793121949116
2234
0.2896057750630741
2235
0.23436902415292934
2236
0.44305411779342735
2237
0.2503708827415317
2238
0.19142807646077228
2239
0.445599343011709
2240
0.20043783228947848
2241
0.1958785223955703
2242
0.36007253163254194
2243
0.2716263429919323
2244
0.20877495200016452
2245
0.42287070332004456
2246
0.24996628158383793
2247
0.3607300899786144
2248
0.29440874244759246
2249
0.2224169277011939
2250
0.2975910728545688
2251
0.2058679836177991
2252
0.20829967104015423
2253
0.2693344370801707
2254
0.2249545487747951
2255
0.20470530788554314
2256
0.32654692488400844
2257
0.22352202478553715
2258
0.2897315832249355
2259
0.19750963552352196
2260
0.2323754975090718
2261
0.303282226596403
2262
0.3595928377855647
2263
0.29871087151306247
2264
0.272889668800505
2265
0.46286963005490356
2266
0.2190378472707887
2267
0.2719733474900822
2268
0.2570063222444919
2269
0.2851905414555977
2270
0.6795094276446642
2271
0.31506719031843905
2272
0.45692335003059587
2273
0.2293549432818421
2274
0.295713403776474
2275
0.3613237542918811
2276
0.2137430179874937
2277
0.5341567392108009
2278
0.23248045637418924
2279
0.21803365705726246
2280
0.23307585759730903
2281
0.28082595061204063
2282
0.45004460397710766
2283
0.26369845306830825
2284
0.26159615731995745
2285
0.22524845880221245
2286
0.37911095367529063
2287
0.5614944688228077
2288
0.4584750865669528
2289
0.33318250516815856
2290
0.1811548004068165
2291
0.24497602444372196
2292
0.28247275621993057
2293
0.29127581700700195
2294
0.3746074716120826
2295
0.23489964363229446
2296
0.23064828962513478
2297
0.39956994812877356
2298
0.3496443775624944
2299
0.46755054083184855
2300
0.20322094538372779
2301
0.29721705845549723
2302
0.31260243626615963
2303
0.23482874744676785
2304
0.1901862978905518
2305
0.24701420442031044
2306
0.34042246091838113
2307
0.21264103469005177
2308
0.24650277902493983
2309
0.18354350107109388
2310
0.25923021620078485
2311
0.7135211973126468
2312
0.1907515814221031
2313
0.2093834041900311
2314
0.22350212402244718
2315
0.3545193085570786
2316
0.24005956750353022
2317
0.3174244337526743
2318
0.3351553948436864
2319
0.5514144418103318
2320
0.22327687126825488
2321
0.3533321671747124
2322
0.43229332084657784
2323
0.2560925991298485
2324
0.1943255214778163
2325
0.19283196368170735
2326
0.2326669205948587
2327
0.2713431334877865
2328
0.16685410685312477
2329
0.3306049087215987
2330
0.2598972127363262
2331
0.33902655461120695
2332
0.2988376264426855
2333
0.2407414313658987
2334
0.28343530304286835
2335
0.33268086530339075
2336
0.2949965965737342
2337
0.22942479119269438
2338
0.20463432231325127
2339
0.3127510053002432
2340
0.40630314759036024
2341
0.3095186139789983
2342
0.39833590965889887
2343
0.28650069960192676
2344
0.6422589405443195
2345
0.32584940002691093
2346
0.21666907182582432
2347
0.4819206267470834
2348
0.23395212850273062
2349
0.28103163688495814
2350
0.1712404834707296
2351
0.29383814328769975
2352
0.21443408641397083
2353
0.34946611730055593
2354
0.2932582137218216
2355
0.43874125514678014
2356
0.33115698598934296
2357
0.22757778287912106
2358
0.2142305413166072
2359
0.43583996062503577
2360
0.2033549308815865
2361
0.33122973653267834
2362
0.19900658323991463
2363
0.378088878357916
2364
0.23724338726852406
2365
0.3670212011792725
2366
0.24710120340546482
2367
0.24451257247634162
2368
0.39607215087397685
2369
0.4852336075946767
2370
0.23681177985066834
2371
0.3334209181278462
2372
0.4779098895438504
2373
0.28544088935736056
2374
0.46712693308424186
2375
0.25655943191451525
2376
0.41719457577034913
2377
0.32372017955131666
2378
0.2801638276825644
2379
0.2715737186274163
2380
0.2837484163998198
2381
0.2087439702187678
2382
0.23048137527091242
2383
0.41525766994843
2384
0.2070694553711544
2385
0.3424266339443763
2386
0.6171062844241937
2387
0.3386730477363784
2388
0.26008169883879684
2389
0.32375028212156726
2390
0.20514361005297183
2391
0.23769755018210717
2392
0.17701219897872816
2393
0.31427000487806545
2394
0.4424210312882947
2395
0.23817532566754337
2396
0.3036290372381139
2397
0.18024660985095017
2398
0.22905356967251747
2399
0.3391891249635787
2400
0.42284883827200076
2401
0.23625319741723572
2402
0.28316057592222427
2403
0.3392342916468342
2404
0.2503140531758281
2405
0.4086144790924103
2406
0.28659567537533553
2407
0.20541348513339797
2408
0.24905588086332983
2409
0.26957520621834635
2410
0.2280921202971511
2411
0.198104791828776
2412
0.37423648628146083
2413
0.313464730924261
2414
0.31187948250425684
2415
0.26058586385284416
2416
0.25171609461987104
2417
0.2694212816944499
2418
0.404967296607548
2419
0.2787045217489084
2420
0.20709438555087006
2421
0.31409207108188736
2422
0.29998534575792046
2423
0.37335319144674173
2424
0.3285686827279444
2425
0.26855826438309804
2426
0.26362377747243265
2427
0.21677711119808796
2428
0.3083270974583472
2429
0.16998231554006293
2430
0.20608013833947283
2431
0.2609560053851908
2432
0.245115720556594
2433
0.26632276869227656
2434
0.3241766579550915
2435
0.4585677710504505
2436
0.20612500596135877
2437
0.29830864306852634
2438
0.27705131292877216
2439
0.22414101860892263
2440
0.1790518671636135
2441
0.27035010829851047
2442
0.27042489335848463
2443
0.29936394162712743
2444
0.3963956277766966
2445
0.32431938147621736
2446
0.3991756466972507
2447
0.5699634570510698
2448
0.277200623880776
2449
0.18151398571568467
2450
0.3188486851746675
2451
0.3103792519001772
2452
0.3220028306550362
2453
0.35461516557051603
2454
0.31092541054969164
2455
0.2347239276373145
2456
0.37720090406416845
2457
0.3946252364046707
2458
0.20889644867395626
2459
0.24669586049266842
2460
0.25545829326243646
2461
0.2435453369294995
2462
0.2520668024043347
2463
0.26055442966992043
2464
0.35982342815922785
2465
0.24661888396902357
2466
0.5845005729373882
2467
0.21487176653236648
2468
0.2652634174659147
2469
0.2868507528542408
2470
0.20089052071392077
2471
0.18947305596690212
2472
0.3714548647730147
2473
0.40184380854004825
2474
0.3095865994504529
2475
0.3318074099544762
2476
0.3380247328669606
2477
0.2779236590129297
2478
0.2189568269602233
2479
0.27603996116782864
2480
0.26197444820168464
2481
0.3115655335187605
2482
0.3824273437635153
2483
0.34526701858657205
2484
0.22152632353996268
2485
0.41627021331852504
2486
0.23477178744257293
2487
0.1676935471151223
2488
0.3293399601113582
2489
0.24902275937370255
2490
0.3303159400688285
2491
0.24577900834883604
2492
0.32233341802278687
2493
0.1727274665366852
2494
0.24260144739819572
2495
0.20162282642835608
2496
0.3193564273239609
2497
0.24399209293399843
2498
0.18662615511064506
2499
0.2435858207622057
2500
0.24909915549800193
2501
0.2589104255631798
2502
0.3617444765026337
2503
0.27672147452636553
2504
0.4670328691527558
2505
0.33621056154507617
2506
0.3822307138108741
2507
0.39021890026777045
2508
0.3372003758302715
2509
0.2743969042980569
2510
0.18340725088879342
2511
0.40418284206884225
2512
0.24043262299996687
2513
0.28465240678197357
2514
0.4310945201198536
2515
0.19628294706986713
2516
0.7834132808090398
2517
0.4314747703862277
2518
0.21205064442329896
2519
0.3319333130699665
2520
0.263353189435257
2521
0.24307382226920599
2522
0.27453971678159467
2523
0.23200413454339702
2524
0.2588638825537834
2525
0.24479196082944155
2526
0.20618833498087685
2527
0.2988746986234955
2528
0.24812721957098735
2529
0.25539557400504975
2530
0.350543234249316
2531
0.23231659378553757
2532
0.2447882289614056
2533
0.5643637349977864
2534
0.525232211888045
2535
0.27375117749904154
2536
0.23078846701258804
2537
0.23210666357015505
2538
0.2635192230092896
2539
0.22798491172202456
2540
0.2992384124632008
2541
0.2748702362985291
2542
0.3487996701676447
2543
0.18431776597801208
2544
0.5244211122987822
2545
0.18437029041937147
2546
0.3884150118825356
2547
0.26756973069657614
2548
0.26849054888305346
2549
0.2227883116506184
2550
0.30567716681162765
2551
0.26375797279379665
2552
0.2655895616669347
2553
0.3480594494001412
2554
0.27542744135065766
2555
0.33424395853228056
2556
0.3863553974407944
2557
0.3276169851807425
2558
0.21939295905963457
2559
0.3080082596340939
2560
0.34576743020027345
2561
0.3046755949252827
2562
0.44820404303487754
2563
0.18051785869236145
2564
0.2189323437577722
2565
0.3573286710825266
2566
0.285827808635928
2567
0.22959745155006098
2568
0.45344201779418447
2569
0.3319446302892202
2570
0.23125660586931962
2571
0.4802263966351637
2572
0.3790022359079702
2573
0.28161172160951237
2574
0.2948051256198847
2575
0.2611427529748468
2576
0.4541874235849972
2577
0.20578788889345223
2578
0.4699407397108369
2579
0.21537292489970983
2580
1.5056692423954607
2581
0.18820673598054294
2582
0.25149150231412354
2583
0.226527823527549
2584
0.22801201526112383
2585
0.19775159831175898
2586
0.4208260355042383
2587
0.19975072090924084
2588
0.36290394728881614
2589
0.22768628884276784
2590
0.3357325182817472
2591
0.43918645538243956
2592
0.4979548447236268
2593
0.24984283445306232
2594
0.28268378401991995
2595
0.2101796547397715
2596
0.34233347595070157
2597
0.24370074324437843
2598
0.23690146823389344
2599
0.28589772598855373
2600
0.23414524437478756
2601
0.24942872939387598
2602
0.2320613567728307
2603
0.22110389915351597
2604
0.2443825271835597
2605
0.2668358767789544
2606
0.2525373547472114
2607
0.2891031330577387
2608
0.19449312708120675
2609
0.17981103028323242
2610
0.21029542696744444
2611
0.3967189512871512
2612
0.22107599715440118
2613
0.2763303222712614
2614
0.19806089051554351
2615
0.47495727617450717
2616
0.23136750571255824
2617
0.22478415448725117
2618
0.3091300478801091
2619
0.44852017281250095
2620
0.2577044227484251
2621
0.21871348453822126
2622
0.2682375615804405
2623
0.315723132533574
2624
0.2727822068940345
2625
0.3623984352223352
2626
0.20085095490319854
2627
0.25400859194802006
2628
0.2709969917505772
2629
0.18958345999937906
2630
0.40862387211553997
2631
0.21842621069672172
2632
0.19523780994253498
2633
0.3190319587798548
2634
0.2624408610820629
2635
0.2344991246544501
2636
0.3856814327691884
2637
0.350305693494816
2638
0.4166623144733791
2639
0.3369387514622975
2640
0.16637540802101689
2641
0.8082993005685457
2642
0.38437195291776993
2643
0.23947678884618362
2644
0.2446759348934651
2645
0.2573512852344104
2646
0.23685138257336097
2647
0.19237040603702207
2648
0.35787450841741836
2649
0.31739452578878286
2650
0.4183306411707856
2651
0.24080342458583234
2652
0.29799192761900517
2653
0.3427550662329657
2654
0.20641955642245788
2655
0.21239674655806728
2656
0.3313588004683734
2657
0.22659107738835668
2658
0.2127326634305825
2659
0.31226997543702456
2660
0.22803398924348683
2661
0.3417262863540857
2662
0.21142563417728338
2663
0.4212831017116571
2664
0.19941523474900863
2665
0.39630770126804027
2666
0.3864484668152881
2667
0.3477105759335628
2668
0.20780706945126048
2669
0.23027314947008634
2670
0.21795710167631474
2671
0.30940767955733967
2672
0.5798566108469829
2673
0.3207447109255489
2674
0.22292199612998248
2675
0.2101009467859729
2676
0.3063629437272398
2677
0.2866227293592603
2678
0.24814367282051425
2679
0.22938324070069716
2680
0.4391056873376183
2681
0.2644399264176581
2682
0.2008468560220923
2683
0.2771715929212328
2684
0.2334250553077253
2685
0.3531127077978187
2686
0.25529423325016604
2687
0.4937315477792985
2688
0.2950212240915144
2689
0.23947161984212864
2690
0.20688168448053354
2691
0.3890263341874824
2692
0.2239037000851831
2693
0.2308074361906955
2694
0.40360607976974827
2695
0.3394160689655805
2696
0.485797721229541
2697
0.29441769628804126
2698
0.31380889701631653
2699
0.3518039268455667
2700
0.2546861412552987
2701
0.35133863224951084
2702
0.3030596987411685
2703
0.21061202935970044
2704
0.20356927443925885
2705
0.22328507005611925
2706
0.3820215595323222
2707
0.2559125811309018
2708
0.28960416257636973
2709
0.24113404128732124
2710
0.19220608444629847
2711
0.31239757611899927
2712
0.19072811991147492
2713
0.5142077565969003
2714
0.5084552551749605
2715
0.29222564627855957
2716
0.27453083767001885
2717
0.24224207121163363
2718
0.1801289243556552
2719
0.2347394866705981
2720
0.20913100101571694
2721
0.21163907106423493
2722
0.27804812656681227
2723
0.5750026915353796
2724
0.18504848336687207
2725
0.2648018770234063
2726
0.2386496782392002
2727
0.2939236210764334
2728
0.32299182518539443
2729
0.5034686886384919
2730
0.2645737814659647
2731
0.26396925296280366
2732
0.1809602207818432
2733
0.22569007843717137
2734
0.24525303215917024
2735
0.434927110772128
2736
0.4368745449402108
2737
0.28228477698189647
2738
0.18614642076390422
2739
0.3109221183758081
2740
0.3089928087532728
2741
0.20694949584204939
2742
0.23643361076312838
2743
0.34220485968986386
2744
0.3141160451526194
2745
0.3043996451342969
2746
0.21022067395356098
2747
0.2830452218892753
2748
0.25522288776971924
2749
0.26716279861876885
2750
0.19583961729896598
2751
0.21272449013464198
2752
0.38288524358399945
2753
0.24454410401301882
2754
0.30618991019311237
2755
0.2919417854483925
2756
0.1853966296575408
2757
0.19563161984625813
2758
0.195039200011619
2759
0.21799600656581394
2760
0.20933784473566724
2761
0.24721318265112768
2762
0.22778516098052193
2763
0.32117880374550406
2764
0.18402446266833758
2765
0.28492703253968477
2766
0.21485724307023588
2767
0.20338882143268794
2768
0.6294344788248141
2769
0.38571510991609553
2770
0.1960246315942484
2771
0.35047423453450427
2772
0.32838017963264604
2773
0.2911757308060194
2774
0.22185616504575986
2775
0.27531347668551553
2776
0.2392368525190529
2777
0.20478981380342645
2778
0.423954810893719
2779
0.21117549894916535
2780
0.46651530590678436
2781
0.19882882639619406
2782
0.35092204814745154
2783
0.256072061925944
2784
0.5078632575192593
2785
0.25147952237809673
2786
0.3058393404488736
2787
0.40264246081157173
2788
0.27472839730817544
2789
0.2337878232812039
2790
0.23450804399370453
2791
0.33336912723389855
2792
0.24878429379871964
2793
0.2209325359985827
2794
0.20448151192894906
2795
0.2121036316110272
2796
0.25454982566920265
2797
0.20017187178672816
2798
0.2563105890281408
2799
0.2418598403278029
2800
0.4957711437222084
2801
0.5627895277892395
2802
0.300338744893293
2803
0.31425181304697486
2804
0.22250582075751932
2805
0.2809481860875506
2806
0.35115787888228156
2807
0.2007618703925697
2808
0.21975954475187623
2809
0.3436710439542962
2810
0.28182698087792774
2811
0.37663284903932537
2812
0.3006926671797754
2813
0.2081907683669021
2814
0.3955831931121247
2815
0.25416829676758845
2816
0.27137627127574326
2817
0.2693301742036401
2818
0.26680422802446424
2819
0.19783107630143332
2820
0.2783964405211336
2821
0.24095601370532577
2822
0.18900836842856025
2823
0.23317176797953024
2824
0.2555499914631548
2825
0.1928530107899451
2826
0.32608815739842095
2827
0.3491116805220697
2828
0.2539346763644025
2829
0.21190774739576537
2830
0.23626778250410588
2831
0.3127203933662408
2832
0.2305562623072792
2833
0.2611700411697504
2834
0.26412074131238267
2835
0.2615410896061227
2836
0.20548874537575618
2837
0.22761287765402496
2838
0.22051327884671296
2839
0.3213333901251279
2840
0.2267193376090715
2841
0.25781360069197806
2842
0.22541354778619332
2843
0.21224985355093773
2844
0.30032370230881533
2845
0.3218590203947884
2846
0.2256971625700218
2847
0.3055007341763055
2848
0.2572431234092378
2849
0.250992872183861
2850
0.20102979420348976
2851
0.26826938482511803
2852
0.2016450526897762
2853
0.25175891546931495
2854
0.3788054687948613
2855
0.5818906553572458
2856
0.2379630910832576
2857
0.3085301121512364
2858
0.24948980689197653
2859
0.2439414298792947
2860
0.28921703604976534
2861
0.21000472932139072
2862
0.2854325035146268
2863
0.6005276124069021
2864
0.24122166616071247
2865
0.24234312982269973
2866
0.3804549244435435
2867
0.2575914736337349
2868
0.23089078579555214
2869
0.23538319121523077
2870
0.35027122037512126
2871
0.20827016148643632
2872
0.21682264488728167
2873
0.2757939632023346
2874
0.20636251748791778
2875
0.1949928606246335
2876
0.2834425957019524
2877
0.2993047208080272
2878
0.19194827778545354
2879
0.4555309652721481
2880
0.1858208455531006
2881
0.32455062156002296
2882
0.28256535621547696
2883
0.2761051007344768
2884
0.19783865047097626
2885
0.24951168570372215
2886
0.20163022281532036
2887
0.23470043740021188
2888
0.22279831101236547
2889
0.2831904809626783
2890
0.25414372583071887
2891
0.21251901379196705
2892
0.20152240657364584
2893
0.21248197192667512
2894
0.24867585490317906
2895
0.3310099862770337
2896
0.2991564045945584
2897
0.31181382541501534
2898
0.44983215382334313
2899
0.21728877781391426
2900
0.4608579233373269
2901
0.385584573458879
2902
0.19645573595657317
2903
0.4488798588183352
2904
0.18989130523713846
2905
0.28072686958228493
2906
0.34911023845629796
2907
0.19791364186807
2908
0.24172098856545934
2909
0.40363568280294587
2910
0.25225145359953177
2911
0.26212195150908574
2912
0.6070407524216604
2913
0.3866404341160701
2914
0.19169229837914478
2915
0.4260216847944149
2916
0.24913309463668357
2917
0.2378986607903757
2918
0.406451063780108
2919
0.222092881480989
2920
0.1952744846264425
2921
0.26505396251777036
2922
0.5537780801642223
2923
0.21892542664981546
2924
0.23485454990031157
2925
0.22756998424474095
2926
0.3525305887520614
2927
0.23907887669051797
2928
0.23869166006130846
2929
0.2639856266096028
2930
0.2829006324665708
2931
0.2083638065348406
2932
0.3236799931632562
2933
0.27008842126818944
2934
0.2641807356751611
2935
0.30700267907597767
2936
0.2725445924304193
2937
0.4757547888064587
2938
0.37220832890214367
2939
0.2547911886803763
2940
0.22689624895238764
2941
0.32210875471218653
2942
0.26562780829824684
2943
0.24134098790055114
2944
0.28414900230753354
2945
0.246277059944761
2946
0.357623478081936
2947
0.1977568580050612
2948
0.2542086891342316
2949
0.3263573172383862
2950
0.2408683933037843
2951
0.20861477333027975
2952
0.2036793770442385
2953
0.21012128580659153
2954
0.19105650856165507
2955
0.20795221845687087
2956
0.4947018913752035
2957
0.19907681448564918
2958
0.4304534108528076
2959
0.25813554602445693
2960
0.18908433747164835
2961
0.22806073646457645
2962
0.316231718759348
2963
0.40753601113174265
2964
0.39227462776105043
2965
0.4176473256864155
2966
0.19666333253168178
2967
0.46295615399452283
2968
0.3948314889528295
2969
0.6325236312635147
2970
0.20231399653985824
2971
0.3511883753361824
2972
0.20788708481692092
2973
0.16435092604727403
2974
0.3963863714376237
2975
0.3628168580668604
2976
0.3416259556149442
2977
0.21428209694268058
2978
0.2278665622569533
2979
0.20212910489856392
2980
0.3054863905598424
2981
0.1792231153320907
2982
0.2317766169377073
2983
0.4296205387410234
2984
0.2511980696823508
2985
0.24742812819931267
2986
0.17555007810764636
2987
0.29937035950697144
2988
0.23669875434413754
2989
0.249528327092869
2990
0.23703624692422742
2991
0.2530689917194327
2992
0.21918083858742007
2993
0.21309693267087723
2994
0.27842897350786355
2995
0.3199935327776909
2996
0.18902832906315137
2997
0.41863776628009447
2998
0.213686058864293
2999
Mean MAE: 0.2934287305030877
