nohup: ignoring input
0.33333333333333337
1281
427
0.6335606153376567
0
0.4309803712086636
1
0.43908536011822796
2
0.5807177768968415
3
0.46709103249782774
4
0.6348312889612565
5
0.3591027678574952
6
0.2912360253770577
7
0.7965024564715222
8
0.39364878241424145
9
0.4534545782059097
10
0.3874723122616316
11
0.3456603403551394
12
0.35011102877437983
13
0.4968775066254819
14
0.2702140196940807
15
0.3555805370816793
16
0.5395670960351598
17
0.3216785520192966
18
0.5385208916405364
19
0.44439322377873197
20
0.5209852976323187
21
0.40270546202245705
22
0.33061855588408845
23
0.31651764652498926
24
0.3013624337267444
25
0.4428721983431442
26
0.4593865487247563
27
0.31201130541600447
28
0.3219809288405837
29
0.3063701942118322
30
0.30569134909900875
31
0.2898686015389875
32
0.34847798383131123
33
0.49741322931236703
34
0.37026580398951686
35
0.46119853568283303
36
0.36667056209940446
37
0.4455829876329456
38
0.3729442143130579
39
0.3684122860221149
40
0.409397145181115
41
0.26284842498277006
42
0.4894450515212968
43
0.3883339914766275
44
0.3606208528176066
45
0.7572872864078006
46
0.48883431132563887
47
0.284877473039056
48
0.36105025722373324
49
0.33660726924160916
50
0.4227252085648752
51
0.4015251474487537
52
0.6107506574504348
53
0.3415538582482262
54
0.43289713468162855
55
0.3327794374891445
56
0.39441162808262814
57
0.2799322750584282
58
0.2833546522600002
59
0.5535619744096978
60
0.4212025916366365
61
0.31312228876544923
62
0.5913873632962491
63
0.8117967998573153
64
0.3022861468821641
65
0.3151856897207513
66
0.39380548881874183
67
0.3916487044955092
68
0.7183736800690163
69
0.499293540325622
70
0.2661529367356454
71
0.29472005121288464
72
0.30927357503109704
73
0.39265201547463685
74
0.3800814057341877
75
0.2996639693898082
76
0.4176849309930071
77
0.3155226593008137
78
0.356878249741536
79
0.4086852034963059
80
0.3650497621019044
81
0.5727013798217966
82
0.6403576625111105
83
0.4644068803086364
84
0.37058233431507387
85
0.41011605464548917
86
0.5854037738769489
87
0.4104003712918534
88
0.6160299958782024
89
0.5494960117842486
90
0.4427290366523444
91
0.415171226977004
92
0.3342769559028978
93
0.3748116720775625
94
0.44729279665536953
95
0.367095270749429
96
0.3875661572236104
97
0.4145570091198083
98
0.2937510597638205
99
0.3258171968314928
100
0.31113851047325825
101
0.30511656363133993
102
0.24053466867215342
103
0.3050103442440294
104
0.4239117853849027
105
0.48176868209670004
106
0.4301297306274315
107
0.3748468389209269
108
0.39571443444584625
109
0.4743706115664091
110
0.354272972742571
111
0.3334526493623446
112
0.30226326481787064
113
0.6172932611097551
114
0.4983720342111839
115
0.38157726082818544
116
0.6295304325343944
117
0.34068502013628116
118
0.31006248690115545
119
0.48004325383341234
120
0.3198136059601074
121
0.5117544036945112
122
0.33707491680052387
123
0.4711393278832667
124
0.3832328821891501
125
0.3303636638730863
126
0.3251787210607056
127
0.36848601464270314
128
0.7435566874795152
129
0.4465002142467557
130
0.3950129737103457
131
0.32712429032299417
132
0.5157936558904043
133
0.301508585892462
134
0.40570951137091305
135
0.3919195633552233
136
0.5819246051777203
137
0.3082935651730231
138
0.46412674995305503
139
0.36993353169648757
140
0.9908983164858298
141
0.5216426127677064
142
0.4399047637541456
143
0.3261106614165958
144
0.49935543048455644
145
0.4095756029074548
146
0.5551021628125723
147
0.46823354886606805
148
0.583831643399303
149
0.4510048314168015
150
0.4909003947194354
151
0.31182607366501874
152
0.3024931190668785
153
0.3255978027039462
154
0.3332866447122606
155
0.35876707847998035
156
0.6856010393088592
157
0.41784147375861064
158
0.316242987625947
159
0.46731515130260265
160
0.3936576954994817
161
0.36980885378226475
162
0.616172670504478
163
0.4502688805902094
164
0.42999051384728765
165
0.4044050102510723
166
0.8101790486549093
167
0.29520359081741193
168
0.3953197790779935
169
0.3819743988862285
170
0.4408769799938107
171
0.33400716477687825
172
0.44005986905212674
173
0.33839582236120014
174
0.3281766964897863
175
0.3042511691094416
176
0.46442154273034236
177
0.3786097167192078
178
0.5489200854873553
179
0.35366854495604366
180
0.519146440583616
181
0.5793897392649915
182
0.7345029673168934
183
0.31179101253931535
184
0.32992157601920774
185
0.28908994539975047
186
0.335602976773061
187
0.37982893574114096
188
0.3558069527625412
189
0.24722606336129546
190
0.5324501631435397
191
0.29665048500678226
192
0.8418787611955668
193
0.40777424556030195
194
0.44661302256346613
195
0.5327157005274976
196
0.41139749174420354
197
0.36555603522037644
198
0.3022789330170739
199
0.542812911640407
200
0.5613775337086603
201
0.4972507978039883
202
0.3455477426992592
203
0.42758417702135587
204
0.5588468323519125
205
0.3112664979912232
206
0.32719544701800685
207
0.33492660189541096
208
0.37700633366119324
209
0.41459483221631815
210
0.2928253071263381
211
0.532163801989744
212
0.2892625480162367
213
0.4970669518937079
214
0.33153647147999793
215
0.2934134776257509
216
0.2573118392298704
217
0.5543739454264196
218
0.42020335802596254
219
0.5398302668058377
220
0.39853720942572324
221
0.390632651473015
222
0.57223853700508
223
0.30150555803725615
224
0.4345508543591519
225
0.3305207486989581
226
0.4914991838120722
227
0.9401084510852257
228
0.3240676687894989
229
0.364906571088144
230
0.5896156644166007
231
0.3642441362466397
232
0.2913744420959494
233
0.5591912284943833
234
0.4993128712820538
235
0.3330352917650582
236
0.5005892498170721
237
0.37544401423542634
238
0.3649562897550611
239
0.43266731053908664
240
0.3470865335094886
241
0.3516996356346511
242
0.44576715175384773
243
0.5786691184706374
244
0.48763980845493193
245
0.4356265787096371
246
0.2710386221351276
247
0.39378096885545444
248
0.3198658844465329
249
0.34008794954352584
250
0.3996634633047882
251
0.36996443005797736
252
0.2656610340054904
253
0.45960053790348404
254
0.2943414187754805
255
0.44066616219784777
256
0.3179764965758865
257
0.3086915259984668
258
0.4135043367894929
259
0.4350718932593626
260
0.4205477072406992
261
0.2742215632257095
262
0.4737695975538068
263
0.3280224655314092
264
0.7902164838919253
265
0.31966845523009507
266
0.4347529215966721
267
0.34174946756552993
268
0.30234817968020894
269
0.48774549302275283
270
0.2598509961742626
271
0.27342752251233576
272
0.39219347222461926
273
0.3235342579813334
274
0.3039681821735868
275
0.3366263990351045
276
0.3218271917480109
277
0.33657709356135745
278
0.46301332309278215
279
0.4519421262183399
280
0.4023543826100199
281
0.3556864751058233
282
0.36973550305736125
283
0.42718458130768555
284
0.3383916733028712
285
0.43155666399405435
286
0.5800480775660157
287
0.8396791076387112
288
0.34859993962254
289
0.36482475205031134
290
0.45884421066072856
291
0.3597696362450147
292
0.7846984903841433
293
0.32482882504962557
294
0.5106224782701051
295
0.34185119720103624
296
0.5307013332655687
297
0.35077163809613077
298
0.42444908132356574
299
0.32015800707274855
300
0.7855219137060128
301
0.41973565402249197
302
0.31175701791785587
303
0.4624883867300533
304
0.4799137760255682
305
0.273836355736812
306
0.5829524372515936
307
0.5106585824953482
308
0.8314676920360744
309
0.3563748170763975
310
0.39605939806611457
311
0.41255822195440367
312
0.47239807923210986
313
0.65864441468332
314
0.3407026944061388
315
0.4505777360378379
316
0.6365977984724005
317
0.31284032944528106
318
0.7275237336484385
319
0.38046351979951587
320
0.3562020896292398
321
0.34688236218094337
322
0.30233850148395586
323
0.3252444554434102
324
0.47305786044931225
325
0.4056488211312158
326
0.40833221617579957
327
0.3085377999473635
328
0.5380727218681833
329
0.30422057473712133
330
0.2976801921012034
331
0.3275125516875877
332
0.3193748127780647
333
0.2912438371463853
334
0.31585355553214534
335
0.36084427391055934
336
0.30484197009798153
337
0.31193271102820747
338
0.4039863258845526
339
0.5419097471498586
340
0.4528348058404636
341
0.5932694241306745
342
0.32945110773472414
343
0.27986310097894773
344
0.3249635145700357
345
0.3459069110785259
346
0.4731817536648554
347
0.30297431939086267
348
0.4699827185784783
349
0.5185723266563675
350
0.33679550428392513
351
0.29635478449269653
352
0.5592600661275379
353
0.2730766132888833
354
0.45405693717418133
355
0.3579310684514077
356
0.40151776974100933
357
0.5341489964967746
358
0.39288990196717744
359
0.426296501208157
360
0.423111796431027
361
0.3501534771027693
362
0.43830100409408623
363
0.29287196791299097
364
0.29363288521562264
365
0.45254457352569427
366
0.3883091703596329
367
0.3245672079673046
368
0.27204245131846205
369
0.5206177250453554
370
0.3659292112653563
371
0.44866382270222566
372
0.3676736874879784
373
0.41750044432726363
374
0.3548944478784458
375
0.47065669819955513
376
0.4152930113730976
377
0.45995945806157534
378
0.344197418205791
379
0.3900828461637321
380
0.5096176131277462
381
0.5745555224525578
382
0.6676442340855598
383
0.4595377638249313
384
0.4873742379020415
385
0.3204860194127024
386
0.3182058235045343
387
0.3327642265453968
388
0.5342533639494974
389
0.36614053959292464
390
0.5476806839128436
391
0.34129916866769583
392
0.33813247519473405
393
0.34670668586551573
394
0.39924485197417553
395
0.7297379758432486
396
0.45796465553103843
397
0.4081676038562349
398
0.6776302455165074
399
0.5351956338923601
400
0.5425258812892593
401
0.620390191736533
402
0.33254486323747345
403
0.35177231787874924
404
0.45474260656546006
405
0.39254944422467203
406
0.4719492576238833
407
0.3142467245446509
408
0.3531607039883396
409
0.35545120369731126
410
0.7864412839354937
411
0.4996369511304398
412
0.5118525579278255
413
0.3182473495915129
414
0.3853935880775019
415
0.40096149285134375
416
0.40539451884884414
417
0.278972692376166
418
0.43056987496064164
419
0.32053930659426894
420
0.40655271838574125
421
0.312211519918649
422
0.40409123211735226
423
0.9571469857194043
424
0.28725871800341946
425
0.40309386969008315
426
0.33088342476551946
427
0.37196714360294003
428
0.3423041409422858
429
0.4223747543833679
430
0.495268204381439
431
0.47932187548386485
432
0.5919316698076285
433
0.33682429774520034
434
0.4066095550023632
435
0.546885345970692
436
0.3833601984007659
437
0.2550272518770123
438
0.287805209338292
439
0.37113984486464285
440
0.4193092421331267
441
0.26198056076658194
442
0.29459263128301943
443
0.5366404146844044
444
0.40648491486594596
445
0.38820390507565156
446
0.4472541312588227
447
0.4934332828437953
448
0.347104930719188
449
0.3582621532696394
450
0.44780615059104695
451
0.3729880418147961
452
0.40026267263065024
453
0.6078569270877353
454
0.4954122740776882
455
0.390628740178202
456
0.6882707370537413
457
0.67451747890287
458
0.3747736389692707
459
0.7102083463110136
460
0.36643687074020076
461
0.514213669432403
462
0.27859303842613176
463
0.5124253742953239
464
0.4155106482626827
465
0.4465859720716514
466
0.5052437711433406
467
0.4635607141420595
468
0.31501161752958184
469
0.3025153675883351
470
0.4605910469085943
471
0.3351569674675443
472
0.3861238182078279
473
0.3642742730624187
474
0.5165171235417801
475
0.3452399393755369
476
0.400169154189759
477
0.4067819803371692
478
0.38047351760064774
479
0.38728197362058053
480
0.5381877981904226
481
0.47658970137815787
482
0.42281699604729883
483
0.46543898945316026
484
0.7126567733799987
485
0.4157098764564702
486
0.5250515782272266
487
0.4472705792270202
488
0.4168330491344419
489
0.3414458082847737
490
0.3978660779080458
491
0.38266865683627416
492
0.28851904708432086
493
0.37497928375466966
494
0.708567311969157
495
0.3119104501403056
496
0.49550084029368546
497
0.7563945757825253
498
0.2779071352826947
499
0.3487908087748652
500
0.4022344012277321
501
0.6779718699755242
502
0.31504903213563357
503
0.32751608922105385
504
0.27091649993333244
505
0.2935798760408033
506
0.4085358507010725
507
0.3649271704723091
508
0.4483371916425143
509
0.3351255005057944
510
0.561434506849052
511
0.5940835510445185
512
0.38584431450914247
513
0.43769132628946467
514
0.3677500001261104
515
0.3028431741588241
516
0.7184641196889318
517
0.39602973398091657
518
0.3327454653415745
519
0.3654796815837318
520
0.3555851070848159
521
0.420048113991769
522
0.35186541289353906
523
0.2955760684837321
524
0.42708746443341206
525
0.46673300456869116
526
0.4905864554912215
527
0.40454897722726785
528
0.37086472144958493
529
0.3400169230889315
530
0.4030265062000279
531
0.2765657272333998
532
0.5660598970827436
533
0.6225545209683057
534
0.6150668286777117
535
0.5942014218905329
536
0.3596285714134088
537
0.40458349227343676
538
0.37224256503033265
539
0.36003948682968967
540
0.25967534152400185
541
0.3749113807152644
542
0.29599760143894416
543
0.37503691818655177
544
0.3443819566381166
545
0.45179066898624487
546
0.4098271409437065
547
0.628679750586106
548
0.3403460650973365
549
0.37443397896705066
550
0.38444025381175106
551
0.4156072921657772
552
0.32459158549407674
553
0.3253175884377976
554
0.7015621712047069
555
0.4917606748060437
556
0.517477888471102
557
0.4921023243899434
558
0.5127314281616143
559
0.47725458421172534
560
0.4718490583450649
561
0.45479711643521736
562
0.5552517858543095
563
0.41217109065674973
564
0.4840984815362901
565
0.4063866413816991
566
0.42741358369948873
567
0.516973136127278
568
0.35873829134305063
569
0.4299171298386204
570
0.5986852232781315
571
0.2731444588506006
572
0.36175552324228666
573
0.37728784794173376
574
0.2771815673760533
575
0.31804986939356084
576
0.4186852667919066
577
0.3197075143350155
578
0.671707339645805
579
0.2919438491037938
580
0.4414091324369663
581
0.37329169751739166
582
0.32641893425467994
583
0.34478514215332573
584
0.6489903792168868
585
0.71349484134024
586
0.40180864654182596
587
0.578017961858481
588
0.3651378332224258
589
0.40036049920532996
590
0.41585307106511227
591
0.47411739737772074
592
0.44693207191712825
593
0.3467340543037775
594
0.356065786534348
595
0.6396348842507341
596
0.42684301261894314
597
0.3465345880422264
598
0.3048552223352803
599
0.2915852773698518
600
0.5234196085684373
601
0.35402080422021115
602
0.3111323701064853
603
0.45113897175738976
604
0.39549020714551036
605
0.26548795438120276
606
0.3463204266634605
607
0.28896500900056094
608
0.493260341285052
609
0.5024435223790202
610
0.36732155427177804
611
0.32655341011365424
612
0.4313801318870326
613
0.302906689283677
614
0.32885619032351965
615
0.48398734711609864
616
0.47932356055020675
617
0.5575059827528495
618
0.49227337985365743
619
0.4200579312205563
620
0.601002874240088
621
0.4061670471638351
622
0.35957893890154285
623
0.6793287011580849
624
0.42097598336424286
625
0.4261183683981448
626
0.5932466571250616
627
0.3682007996317004
628
0.8639498154132721
629
0.495826283189778
630
0.2946498514757124
631
0.41867288456906254
632
0.4633023625991881
633
0.3913645403268363
634
0.3266597982591942
635
0.4226389484814845
636
0.2808107724763541
637
0.29045435272266146
638
0.37211252379071463
639
0.3346895572971066
640
0.3707609601347635
641
0.3298353355250473
642
0.4602948542504231
643
0.37082757299613955
644
0.4454103689293834
645
0.5546414078476456
646
0.7127842930436871
647
0.3895832952236601
648
0.29795396462248114
649
0.313977011838738
650
0.3837370303753814
651
0.33938372911992815
652
0.4527486938498333
653
0.5072928826485306
654
0.34076237457663244
655
0.5518694080312189
656
0.2894556495745629
657
0.7590171105492467
658
0.31931879147100567
659
0.4616718769290141
660
0.3301942071654964
661
0.3632158709447878
662
0.3152787978298813
663
0.43908684909391316
664
0.5372428381290434
665
0.36117400256125665
666
0.4348496069303644
667
0.5039814631519068
668
0.4359602989031313
669
0.32116062639688475
670
0.48119030034071525
671
0.47059120201066057
672
0.4476461265970384
673
0.4592752667396409
674
0.2792403351720982
675
0.35336686575262755
676
0.4196803919384796
677
0.4337295862914097
678
0.350698247125755
679
0.2571428734062454
680
0.6581410835789614
681
0.4017716840983406
682
0.2931422881087717
683
0.5620467995924936
684
0.4979930511034701
685
0.5623189436921455
686
0.44859923550888997
687
0.5973613382224324
688
0.359108037793288
689
0.6836155914255793
690
0.3166599824988766
691
1.2999535702798846
692
0.25454914375646903
693
0.3465491274875922
694
0.38057127112976114
695
0.41483404247718697
696
0.34562836126177005
697
0.42421453559733124
698
0.3475651567836608
699
0.31412684923111694
700
0.5958192686216168
701
0.3396722126962587
702
0.3075536390795152
703
0.7275066883181567
704
0.4634839086743701
705
0.3694481233858852
706
0.5399485660593452
707
0.37642539359026594
708
0.7966730383649812
709
0.35398670629946327
710
0.44745890845499936
711
0.2846616579952403
712
0.33755056871256567
713
0.34705055529923695
714
0.35043275416823627
715
0.3002601690353333
716
0.48826335353400574
717
0.39233861376154905
718
0.571116870474398
719
0.3222273922114101
720
0.5095326541053335
721
0.2574597708295115
722
0.3152090377215606
723
0.5136522111622458
724
0.381108734981231
725
0.45942795349877585
726
0.300752508782392
727
0.47821325219140665
728
0.28084014910230537
729
0.331618720248936
730
0.5320624372334811
731
0.4036134023073303
732
0.29579304811852203
733
0.34822834340246356
734
0.4428042563466674
735
0.3525148627930101
736
0.4116850539337214
737
0.30032240099430985
738
0.38928454697325016
739
0.4406832188355297
740
0.2708264083915684
741
0.9301946401550235
742
0.9372372583586235
743
0.29774356378988925
744
0.3235211554108143
745
0.38919806451601213
746
0.3115880934730018
747
0.5503783297135427
748
0.6112663835650299
749
0.4526823882699081
750
0.48201083867553257
751
0.6768161461254595
752
0.3135535943095506
753
0.5659519047588258
754
0.3468508428723051
755
0.40252024426723
756
0.44303609924765613
757
0.36209711848514575
758
0.28821942269066253
759
0.3506232218558197
760
0.41856753828806553
761
0.7288862955477411
762
0.33680776291651104
763
0.4633117590827586
764
0.5151851796439405
765
0.4878835762908559
766
0.28143520669083755
767
0.36408338545197766
768
0.5274876850486443
769
0.3608225407919592
770
0.308221460646279
771
0.46213035777223077
772
0.3401836166614792
773
0.3576969405328682
774
0.3648824949217972
775
0.2800800246356205
776
0.4314489553139095
777
0.5921610460018139
778
0.6968904598008517
779
0.40652841084787655
780
0.29517670798483503
781
0.32325829715349164
782
0.30775735209074134
783
0.39119136347993905
784
0.5311813963505745
785
0.4467553048423441
786
0.36261336400606153
787
0.47874160928441994
788
0.34092995651849145
789
0.42746634218317714
790
0.41494727022972844
791
0.3983783381135407
792
0.34371641317627594
793
0.5227731477855287
794
0.386541397060039
795
0.31293406328302936
796
0.36230741144725265
797
0.3131032131430756
798
0.37975278912401034
799
0.49644619168613213
800
0.49601335512592365
801
0.5297239812099214
802
0.2976587260220113
803
0.4283708105851943
804
0.35968643286715996
805
0.3719383525607402
806
0.7450226884962344
807
0.4373333350516041
808
0.567098287857709
809
0.3664139674313013
810
0.409969139915798
811
0.474817079012918
812
0.31185659754073247
813
0.38684376489276256
814
0.46929171758247085
815
0.5400907730135475
816
0.32709742234259176
817
0.3826974993382686
818
0.44124850835834706
819
0.49449947118470516
820
0.44718416646988757
821
0.35406908557289135
822
0.2703257575159211
823
0.3668313200297528
824
0.3129023428527294
825
0.38460296357383683
826
0.49725877513659317
827
0.4533106872489153
828
0.41187360912015303
829
0.31094229954820835
830
0.33342137860284066
831
0.7275301939526547
832
0.3331867742874232
833
0.3148191416159635
834
0.2664113228774415
835
0.4870926060700923
836
0.6174516206000549
837
0.2439956588729023
838
0.35041548985878723
839
0.3965932625826932
840
0.4118878793344719
841
0.38338277281888156
842
0.3161011618029423
843
0.3843209018720123
844
0.2615993094983174
845
0.3274254631449235
846
0.36546861707046124
847
0.47559842165525024
848
0.5871630192433677
849
0.35965197815604294
850
0.29388927480725224
851
0.42819823281659763
852
0.2943902565689896
853
0.3185026684177608
854
0.31556215963203643
855
0.3940361473398297
856
0.4603075259053054
857
0.3564425916307202
858
0.4482229672294623
859
0.2656001939981291
860
0.3201620658791282
861
0.40519118861432646
862
0.3482840700124716
863
0.31570564354273617
864
0.3934442992249904
865
0.4919292523984816
866
0.3744670488342625
867
0.429402645898656
868
0.26141115549093463
869
0.26538515937427093
870
0.30683675664324184
871
0.23962196878138006
872
0.29873997438208133
873
0.3215650658108939
874
0.3583572562519509
875
0.42240125676097356
876
0.42447451029949407
877
0.3324896927587539
878
0.3747056820138983
879
0.3002743603401123
880
0.2758580059024779
881
0.7761638679861182
882
0.49916019815667484
883
0.3022108896471351
884
0.5641547225459957
885
0.4646687076022493
886
0.27898638596781045
887
0.3374405295858806
888
0.2718013339849229
889
0.6324089061263235
890
0.3182754496631368
891
0.7399982415609266
892
0.29462204127363617
893
0.6071827363115817
894
0.33363823911575535
895
0.47077720052937794
896
0.40646077614110426
897
0.45458185935910345
898
0.31999995489487715
899
0.4604399197659663
900
0.4706014044616232
901
0.38900271178519535
902
0.4050668366346782
903
0.3909856604253652
904
0.3198790090324031
905
0.27755747228020017
906
0.3331577141076305
907
0.43123904318017076
908
0.3019768914525681
909
0.40336884540332196
910
0.42698362401979323
911
0.5032895498015005
912
0.7967465124097003
913
0.4654657179611028
914
0.40627103867415304
915
0.3193919491833479
916
0.34570380246730026
917
0.36826263084662925
918
0.3129420593683255
919
0.3286251441592675
920
0.3581138034633797
921
0.32243532747682774
922
0.35905330899627447
923
0.4442560188653401
924
0.5089594341464828
925
0.3864384379972192
926
0.5915833412786589
927
0.307225427146882
928
0.38033586773890304
929
0.3545107122725903
930
0.4621506625966303
931
0.34336100130133673
932
0.3753191291669711
933
0.3393332477357607
934
0.3821303226303388
935
0.40534886342634985
936
0.2984206141633935
937
0.5088095872211399
938
0.5155057142275675
939
0.373673289916324
940
0.3545814565840716
941
0.40542613276558964
942
0.3862308809341249
943
0.35416896920142255
944
0.32164737275097977
945
0.41986905112297757
946
0.3806434107510593
947
0.4094176914214629
948
0.3318020386652185
949
0.2984903282376136
950
0.3350674102819115
951
0.478752433655459
952
0.36750827017586213
953
0.33909185959644883
954
0.28282035002908823
955
0.3808734592498698
956
0.6589173878005061
957
0.31548849922659805
958
0.4313465236864146
959
0.33773077827700837
960
0.37705903926953693
961
0.3110124636292989
962
0.381902940763123
963
0.2662512723119462
964
0.543901601464098
965
0.30786732216651136
966
0.5582414107961603
967
0.7547235444594678
968
0.37971986058878515
969
0.4814049355514532
970
0.4566451886655155
971
0.317534186262419
972
0.6301642955820703
973
0.29747111775154217
974
0.4089643077181692
975
0.40079376727282073
976
0.3107614070113128
977
0.6415606591788434
978
0.4014143907722381
979
0.33746601331024695
980
0.3523426236385729
981
0.4245134307279157
982
0.3338662350918013
983
0.35017164876433376
984
0.40261495148234056
985
0.29803814390317285
986
0.32683879332327886
987
0.29026525076871523
988
0.34972794236207766
989
0.42988946768373987
990
0.27494375509381297
991
0.4674235470359956
992
0.2658209498491175
993
0.33306863408477577
994
0.5211084592715413
995
0.42565004596907113
996
0.3591294112192542
997
0.3694699418847515
998
0.5480246340357892
999
0.3765252548521641
1000
0.33118463632431183
1001
0.3067224083903008
1002
0.3920169061542579
1003
0.4032413458488691
1004
0.31363111550108186
1005
0.40455644239063343
1006
0.2924701787728932
1007
0.6292892423889186
1008
0.3454677795721928
1009
0.3436997531227125
1010
0.4448861533777724
1011
0.47358671017368154
1012
0.3531665332979599
1013
0.5140828704742321
1014
0.45534725329881764
1015
0.2591465030400988
1016
0.742383042240335
1017
0.3520965068325237
1018
0.48624914516274087
1019
0.7185189534497125
1020
0.4821208877195282
1021
0.5255790375611428
1022
0.3942763482392822
1023
0.4283888207755192
1024
0.9644155711496524
1025
0.43591932440954057
1026
0.32447442942603333
1027
0.44632723664099777
1028
0.33612317920908014
1029
0.2870435088618421
1030
0.49596002261754724
1031
0.42934957319412004
1032
0.34833208488503203
1033
0.34755943697817365
1034
0.4374725279207596
1035
0.6663448967155127
1036
0.2750783357899497
1037
0.388464969635927
1038
0.4260993431652854
1039
0.5673355880786651
1040
0.42317895729696436
1041
0.40007238481493024
1042
0.3614628569215909
1043
0.3348727168133077
1044
0.4319906524318318
1045
0.42177378967054097
1046
0.369882781253299
1047
0.501770470901012
1048
0.3389071022468754
1049
0.7579881966921576
1050
0.4761930338667692
1051
0.3398528714011156
1052
0.3521800555866968
1053
0.40134258706165626
1054
0.5424986488297077
1055
0.36481528262546664
1056
0.3954968800930365
1057
0.3892511394682321
1058
0.2811984177090751
1059
0.4088821251196409
1060
0.2831248022371608
1061
0.3391555965063574
1062
0.5661160127065298
1063
0.3789837043323398
1064
0.37078707109244585
1065
0.35356055591986096
1066
0.2635863427322006
1067
0.32393723517985323
1068
0.4496083044283151
1069
0.2994196919578277
1070
0.7766887229027902
1071
0.4172604496512081
1072
0.31712653992420425
1073
0.34062098599432045
1074
0.3607103299867772
1075
0.2596331985873026
1076
0.6345255902187317
1077
0.5312272610407128
1078
0.8163108982287687
1079
0.33634436447607435
1080
0.41368273161329255
1081
0.6078074203549502
1082
0.6439884507081363
1083
0.3147955458724409
1084
0.43519243212506253
1085
0.32223494217346876
1086
0.5816158034637067
1087
0.5719388948929793
1088
0.5472958661007364
1089
0.27792782701441326
1090
0.2977185742011723
1091
0.34680006224626864
1092
0.45547351976551226
1093
0.2770683051937551
1094
0.37521497322902636
1095
0.38823558495864124
1096
0.32359541415849186
1097
0.3469016182153625
1098
0.281544648073818
1099
0.2808196207929906
1100
0.4837868750667218
1101
0.3821555561608409
1102
0.3973384416010448
1103
0.38875357827655904
1104
0.3575784224555431
1105
0.3224128630561988
1106
0.44958798640676845
1107
0.3429806161871536
1108
0.27617359134643876
1109
0.348370149559187
1110
0.312399974190437
1111
0.5385217987252716
1112
0.7051357751587009
1113
0.280083362411421
1114
0.31562911833254914
1115
0.37556556671377406
1116
0.2879549394853609
1117
0.3102508534243942
1118
0.3793380178511101
1119
0.4170737948442063
1120
0.4144894499302425
1121
0.29931437857482435
1122
0.44477001683989065
1123
0.27079759388447516
1124
0.5824583304984656
1125
0.3723218738274226
1126
0.2706582191984122
1127
0.3049427735110934
1128
0.4850833710163014
1129
0.3143695046653864
1130
0.36337818291232354
1131
0.7070548726803703
1132
0.3422759134728042
1133
0.3134992554025319
1134
0.46214761891938927
1135
0.34215432703691795
1136
0.6019360958375088
1137
0.43474084514056804
1138
0.30006803298065543
1139
0.3008011900129446
1140
0.36168809552781034
1141
0.5059310308680997
1142
0.2738159804283796
1143
0.47491430827519365
1144
0.5223991876685126
1145
0.7195585696762747
1146
0.39937421143982216
1147
0.31981559916007374
1148
0.30216517854941777
1149
0.41656974187366774
1150
0.34514399404826757
1151
0.30990958025000004
1152
0.49806752625705536
1153
0.6880446573431619
1154
0.49269706857597556
1155
0.3606804035658056
1156
0.4496004741825245
1157
0.343558190271653
1158
0.483767036596755
1159
0.3574510106714467
1160
0.28236403370044455
1161
0.5263836779114766
1162
0.37123415994908765
1163
0.5947297461713138
1164
0.38994020319058337
1165
0.3413987640109859
1166
0.7238457985359948
1167
0.39465573744383287
1168
0.37467291630764143
1169
0.4698007721635307
1170
0.29674811883719754
1171
0.5830035428174972
1172
0.377164309684049
1173
0.3070222987422263
1174
0.5021760351167981
1175
0.26296479474931034
1176
0.3062531087035491
1177
0.5190122414246495
1178
0.2747995586817655
1179
0.34942609817097187
1180
0.3047238467717243
1181
0.3967109289820618
1182
0.26907699934343554
1183
0.351330452835413
1184
0.30703025133256684
1185
0.6486091187980197
1186
0.2752637768581353
1187
0.5081044081992403
1188
0.3876360616532175
1189
0.31716819205800634
1190
0.3884353887125581
1191
0.33085907300274064
1192
0.5251747566593978
1193
0.45352037257434286
1194
0.4054277620387277
1195
0.42116397737427197
1196
0.326712387118615
1197
0.46829818641532084
1198
0.5755246440292989
1199
0.618105505804881
1200
0.30969391646493794
1201
0.5179445667898244
1202
0.3827696866347827
1203
0.5161670658810209
1204
0.5703686717525489
1205
0.5726427533367858
1206
0.4283111610439819
1207
0.3057211793110416
1208
0.5924144112655652
1209
0.3373066923546372
1210
0.38192073338920723
1211
0.4476533854768423
1212
0.4113787099041661
1213
0.3200589203228031
1214
0.4700675275939695
1215
0.3867461058553931
1216
0.5969656783303082
1217
0.2502567482849039
1218
0.28930938970080644
1219
0.3638983334903552
1220
0.5981553637762347
1221
0.3887229437199368
1222
0.5008123383587019
1223
0.4404239161483183
1224
0.41487882889064015
1225
0.3810646151100938
1226
0.39330682580015214
1227
0.25833176528068363
1228
0.34832847616629325
1229
0.3963305400441306
1230
0.49783651999757206
1231
0.3662398671448626
1232
0.5043345546247202
1233
0.41275559040981563
1234
0.48497787395385056
1235
0.4814587884887899
1236
0.35449847730560713
1237
0.3440615968102341
1238
0.2494828196572587
1239
0.31164797234114117
1240
0.29706094782406356
1241
0.2791847682039047
1242
0.5126892834741553
1243
0.6509466028987312
1244
0.4338137216930846
1245
0.41588832923936253
1246
0.42735958380735517
1247
0.6214336339970593
1248
0.40748507908831716
1249
0.5866438244635653
1250
0.4874846179700239
1251
0.3823322004152766
1252
0.48777280255077987
1253
0.5017495943249819
1254
0.3869343157331127
1255
0.2781602777488427
1256
0.3534697171571812
1257
0.42907468628635514
1258
0.40454363713375197
1259
0.4069107182566643
1260
0.36980293856488455
1261
0.2711786896623421
1262
0.3874943913187624
1263
0.6445827709681705
1264
0.40755288186141525
1265
0.3560867818394312
1266
0.4614948315931832
1267
0.5166879288500839
1268
0.394280496018567
1269
0.3789067860477267
1270
0.6801837436931215
1271
0.34164314473689505
1272
0.34344078982094106
1273
0.47170385508221746
1274
0.29663517646828214
1275
0.46021700280520145
1276
0.32388303021003756
1277
0.49474653288798964
1278
0.3409813456897062
1279
0.7079638640331338
1280
0.4673257772758298
1281
0.36831862865576437
1282
0.45404910224890377
1283
0.5467756283114981
1284
0.3673688404012626
1285
0.36391955320241537
1286
0.34726758566122296
1287
0.3732712783137233
1288
0.3955730872295383
1289
0.3002910977503544
1290
0.30488135269759403
1291
0.8470756407979807
1292
0.5058270725341157
1293
0.5507288633030891
1294
0.45204413766433876
1295
0.5944471159024205
1296
0.4843359629226893
1297
0.39471406717347934
1298
0.5327389464894421
1299
0.34787321760087053
1300
0.40746088157529053
1301
0.3593629431278477
1302
0.41643983167951726
1303
0.36188830868958216
1304
0.6494371759935678
1305
0.44087088856038686
1306
0.34883586248556603
1307
0.2984467105958398
1308
0.3446156837944156
1309
0.4322944992573663
1310
0.4895355510785083
1311
0.3487887876251536
1312
0.48067822828664925
1313
0.3061371652993683
1314
0.38251923120408265
1315
0.3959952463378023
1316
0.2818519589910899
1317
0.4232029764870068
1318
0.29244335864429566
1319
0.3343900676154899
1320
0.3836740555340257
1321
0.3763666465300695
1322
0.4039701446548063
1323
0.3133604161800264
1324
0.27218038865175703
1325
0.7908427504193117
1326
0.5224434196914491
1327
0.4633371297681464
1328
0.4232636238827241
1329
0.3734944890177532
1330
0.3052652668659941
1331
0.3371102604791421
1332
0.6776543286147695
1333
0.3048130402677595
1334
0.26929780612614085
1335
0.3445700744491353
1336
0.3384749576216623
1337
0.30360925848030046
1338
0.3379001968054702
1339
0.4482964291216191
1340
0.2864554280739712
1341
0.3977864483796093
1342
0.3569221205586371
1343
0.4637134513050395
1344
0.3106121376196517
1345
0.3312390051556838
1346
0.40081621907861287
1347
0.43187331401020046
1348
0.35641661844629324
1349
0.3750050102846868
1350
0.41284595920325806
1351
0.6364017815841987
1352
0.40988355968748114
1353
0.46866293223562555
1354
0.32858599499620167
1355
0.3044252011423168
1356
0.7902274136865299
1357
0.5430047096398206
1358
0.38871378593646994
1359
0.4396265913931513
1360
0.439581132445997
1361
0.40055274054739215
1362
0.25356025018106554
1363
0.35700235251362067
1364
0.42943689366230126
1365
0.47038345204538595
1366
0.40561074550284903
1367
0.5085068541225207
1368
0.3469183732087028
1369
0.4228486626540358
1370
0.2814222168864939
1371
0.2813894116279027
1372
0.35445909211670323
1373
0.360114707919751
1374
0.3400015514106521
1375
0.31922811312820304
1376
0.5196585919781487
1377
0.49545807800610886
1378
0.32771923251071383
1379
0.4100414497398866
1380
0.36957279472434745
1381
0.26382164170298283
1382
0.4685891776862009
1383
0.31897042053596664
1384
0.2982922601902903
1385
0.4654661404875193
1386
0.337976545201535
1387
0.2597629279788703
1388
0.3982256812790703
1389
0.3654880474683651
1390
0.2756348118607011
1391
0.3926504156750804
1392
0.5017454027822363
1393
0.8357346387020171
1394
0.40762093862408044
1395
0.32636737379247494
1396
0.4588460832303352
1397
0.3538892237629683
1398
0.355411348412876
1399
0.6474940100928156
1400
0.5045511015491579
1401
0.4137002840378337
1402
0.32321318225503426
1403
0.29424137728915695
1404
0.2982520940532988
1405
0.5457402043538395
1406
0.39946152410714025
1407
0.39289474073548764
1408
0.5000731764578817
1409
0.29258667481038225
1410
0.45163306896299493
1411
0.2958351946082073
1412
0.3782934134026654
1413
0.34332428103553675
1414
0.3229774228252956
1415
0.32742640378181315
1416
0.39456172443180465
1417
0.2707855348856024
1418
0.3422724990441963
1419
0.5296487206270475
1420
0.36564452966771877
1421
0.46945499874437385
1422
0.43657144906266193
1423
0.6152969236427912
1424
0.3373836757511764
1425
0.32022059112009366
1426
0.5947924799563987
1427
0.4697752743472388
1428
0.3610228754643534
1429
0.4506064826606115
1430
0.7197638978290799
1431
0.30183566028014946
1432
0.34853647366947343
1433
0.44787398074134704
1434
0.44956020518569795
1435
0.7139128023793089
1436
0.38415374745077485
1437
0.454104559289244
1438
0.4466445972771657
1439
0.4443809433301906
1440
0.5027686287685796
1441
0.5493932996397632
1442
0.35099539977993877
1443
0.3905925079894186
1444
0.2770622819882978
1445
0.3586772568667768
1446
0.4269944666735685
1447
0.9345837524716395
1448
0.3699637523568954
1449
0.28978424759714316
1450
0.590941594901705
1451
0.2981352602520099
1452
0.424759863495375
1453
0.5782376990515298
1454
0.3628427333643609
1455
0.4629652397560719
1456
0.41063985062180797
1457
0.26793513681649855
1458
0.4683350099202077
1459
0.3651235397116371
1460
0.2974387544136463
1461
0.3520330293102177
1462
0.28032611725329826
1463
0.4425788282694039
1464
0.41728049967781833
1465
0.25124474364536975
1466
0.41766654034522704
1467
0.6048729756105926
1468
0.4047454077681022
1469
0.31621068601120106
1470
0.36036710618166784
1471
0.42382415169896265
1472
0.5271731896980661
1473
0.35277102238469404
1474
0.4454792687155635
1475
0.2710915382232058
1476
0.38880367388526
1477
0.4896821012219752
1478
0.3946080884680109
1479
0.4243188781629072
1480
0.5620307339404416
1481
0.49519970879371317
1482
0.8136117501413591
1483
0.31305930724064074
1484
0.7423508510102401
1485
0.40215842622587883
1486
0.31123126204240126
1487
0.4601533294688658
1488
0.48346345277756336
1489
0.30748397977896713
1490
0.4658383148650237
1491
0.2540316763394611
1492
0.3840798340616042
1493
0.3759876656403556
1494
0.2887439932578752
1495
0.6204511127319341
1496
0.40061596073621936
1497
0.4883629612774839
1498
0.26173681943899746
1499
0.33843539389327143
1500
0.35883032002438375
1501
0.31913522765284247
1502
0.4085261168315631
1503
0.49325211066796937
1504
0.3647475944751383
1505
0.6406034515380427
1506
0.3504665990476175
1507
0.3162925623922262
1508
0.6192493238441598
1509
0.4007817339836516
1510
0.3563415098023138
1511
0.2836613832955251
1512
0.3378034385562075
1513
0.9668169495077454
1514
0.4903340383988755
1515
0.5142905623742096
1516
0.25013006756499984
1517
0.4369382665655647
1518
0.47580364259405983
1519
0.4724233455064774
1520
0.5029791048248308
1521
0.4223403258715576
1522
0.624613518988172
1523
0.37414107908312455
1524
0.38667193726990945
1525
0.4124254777922286
1526
0.54964288582587
1527
0.4277946529975493
1528
0.4283057914402574
1529
0.33401909080565073
1530
0.2929854042421027
1531
0.307284976540414
1532
0.35793865220710097
1533
0.4968060039695589
1534
0.4551496937091557
1535
0.29486143011273186
1536
0.29539369317295777
1537
0.3671146503703706
1538
0.4705914499863645
1539
0.2724428792640259
1540
0.42174030189658773
1541
0.3307729366969864
1542
0.7174667719662299
1543
0.5101913906050863
1544
0.3374406916411135
1545
0.3845494769204149
1546
0.866375041885664
1547
0.31127533994066114
1548
0.37616081175826865
1549
0.3622615817894007
1550
0.4706203632297137
1551
0.4179900069151253
1552
0.5773979562172994
1553
0.4903370704513437
1554
0.5553758998728484
1555
0.3773120302593376
1556
0.5259436391428625
1557
0.4481121347312856
1558
0.5837863233506664
1559
0.4821273822848906
1560
0.416484922477265
1561
0.428879515262577
1562
0.4082930151412421
1563
0.4406425756239153
1564
0.4780047109070583
1565
0.4440968308059866
1566
0.37539775652092205
1567
0.5479903694696322
1568
0.5048791569879416
1569
0.27843067145813016
1570
0.5446809884692275
1571
0.3342592116898097
1572
0.4517392450921127
1573
0.3758418704378836
1574
0.4509034321370733
1575
0.4210554009693635
1576
0.48078152113727685
1577
0.45311400254255757
1578
0.35267396315108074
1579
0.5193288556219708
1580
0.38944959096862886
1581
0.30416531875460623
1582
0.570629413063083
1583
0.41619821816002867
1584
0.3599457385781931
1585
0.9007858659278469
1586
0.3109844788136167
1587
0.3781053613085826
1588
0.45326204623680694
1589
0.4158039309698832
1590
0.5070998595573487
1591
0.49649655456057457
1592
0.5461035441036717
1593
0.4392809496080376
1594
0.3911788489111309
1595
0.3569961112057301
1596
0.3822209657722855
1597
0.39743316973327036
1598
1.0571752184166834
1599
0.3512737490780643
1600
0.4545150794671001
1601
0.43982571059923115
1602
0.2616387756724245
1603
0.3572204095960398
1604
0.4657403874983488
1605
0.3776622619952626
1606
0.30170406857763604
1607
0.46972196137577243
1608
0.34070352103961127
1609
0.3645787567200176
1610
0.4061000607362694
1611
0.308913883475769
1612
0.44041988761705325
1613
0.4916396852557834
1614
0.6013567169245446
1615
0.454709951483467
1616
0.5033378584939546
1617
0.8370208997978207
1618
0.29850367404564815
1619
0.536700265367428
1620
0.4509845820191368
1621
0.3800191222781017
1622
0.3408905917195419
1623
0.3896619438241591
1624
0.41435261597839473
1625
0.3044523118252724
1626
0.3914653577044505
1627
0.3583336607821809
1628
0.3058631187311922
1629
0.5095052308324466
1630
0.41986733167357876
1631
0.2763288565951719
1632
0.3573493145946798
1633
0.4142809551856088
1634
0.5721004718557386
1635
0.3523562679027851
1636
0.561304134492804
1637
0.43190117585387544
1638
0.2837196074502462
1639
0.3943444495997206
1640
0.314252071603195
1641
0.35693258370217834
1642
0.34314751626342277
1643
0.4210682463064767
1644
0.3515018901910107
1645
0.3560402048114411
1646
0.3949136722850448
1647
0.501334916477639
1648
0.539211269149455
1649
0.32023822807179214
1650
0.42777435266374375
1651
0.9235827592667506
1652
0.375191863568426
1653
0.41155612646260636
1654
0.5886523583616795
1655
0.4725286467882734
1656
0.4672698291117768
1657
0.5480244742615381
1658
0.3885199204176377
1659
0.4706216463814169
1660
0.3488655161179666
1661
0.31859108598489355
1662
0.3417325448383493
1663
0.3104341099704302
1664
0.3592195249646715
1665
0.6289684320090057
1666
0.45267239198524534
1667
0.435176743968001
1668
0.403354581966374
1669
0.3552369970189394
1670
0.33611832804088804
1671
0.5065933808081734
1672
0.4848754915617543
1673
0.3292071438993913
1674
0.44438748941710987
1675
0.4254525657215121
1676
0.41939696649985586
1677
0.3491539635598455
1678
0.36387830591888815
1679
0.5711402554334905
1680
0.34220264951004287
1681
0.6041238980920398
1682
0.2804360038801965
1683
0.40050164391493237
1684
0.27907137690127415
1685
0.3269778932765752
1686
0.2778714161370305
1687
0.8852918275089483
1688
0.4074490024201378
1689
0.30395613606644895
1690
0.4014559504007694
1691
0.36875118190230255
1692
0.4176469430746295
1693
0.2804145133210635
1694
0.6266477372750457
1695
0.36510572780263434
1696
0.33520919762903273
1697
0.5322938868430104
1698
0.48933437276112474
1699
0.25004466898731253
1700
0.302139644171906
1701
0.3836506824888133
1702
0.4659538733626771
1703
0.29375071936854774
1704
0.6448990877607695
1705
0.40060403604277994
1706
0.435559295491989
1707
0.3664256072763599
1708
0.4034086114448647
1709
0.44832836436740703
1710
0.4073605555363322
1711
0.4033080990118866
1712
0.7774135779842556
1713
0.3382489021772524
1714
0.31048464683049853
1715
0.33382521630107204
1716
0.27535471997535726
1717
0.6694172485117328
1718
1.0997462603956716
1719
0.3582515659956217
1720
0.3281651381583251
1721
0.40291878617980587
1722
0.3522252179837288
1723
0.3273098801862562
1724
0.8194194434500115
1725
0.3875493772275045
1726
0.47105273331473624
1727
0.5203697082933091
1728
0.8594916321720489
1729
0.45766519194922917
1730
0.4262342341041993
1731
0.5084990667705797
1732
0.5104090157372805
1733
0.4641706887247527
1734
0.6092407970669077
1735
0.2748226305512575
1736
0.42392031074931147
1737
0.30741686655008305
1738
0.48935745523907437
1739
0.3288066676301419
1740
0.33980797955588266
1741
0.8754717862374078
1742
0.45902019360584767
1743
0.30806744136154357
1744
0.33507256571285365
1745
0.4610913002163116
1746
0.4328324208170556
1747
0.40625654284874696
1748
0.4660659384958584
1749
0.6139911785564107
1750
0.3138973860724577
1751
0.3908644375726988
1752
0.4471515278110252
1753
0.26588490376131774
1754
0.41755636297027826
1755
0.3861667423361868
1756
0.3375312100492742
1757
0.41715501291887847
1758
0.44896145236059665
1759
0.39606156492885514
1760
0.33080315941158706
1761
0.3127487603456704
1762
0.4762559349675288
1763
0.6461810532861874
1764
0.5025315575642049
1765
0.4629889190709893
1766
0.3717184507116431
1767
0.36479749955555674
1768
0.5838792038976608
1769
0.4509222435109029
1770
0.4463712870699982
1771
0.533985364092747
1772
0.38602829040450976
1773
0.3520679279416507
1774
0.40046422701489914
1775
0.43537341193983276
1776
0.29937924898983703
1777
0.4138435006196275
1778
0.5007379094303476
1779
0.48546016246333434
1780
0.4912651192763546
1781
0.34539369797500785
1782
0.31839396049529883
1783
0.43934215332361787
1784
0.3712062740140919
1785
0.32565919805333954
1786
0.32881359118055525
1787
0.3231347568505686
1788
0.37334106834852254
1789
0.31162553449141406
1790
0.535911804178222
1791
0.37604678950076187
1792
0.38933271194332647
1793
0.437017576899891
1794
0.4228966998500512
1795
0.3224823811485114
1796
0.281548406637397
1797
0.32479543826949525
1798
0.36097387172807416
1799
0.39401311101902087
1800
0.27872596307701075
1801
0.4494071622278634
1802
0.45044444330465233
1803
0.47311020762371103
1804
0.3969589615559579
1805
0.39113991209130083
1806
0.5338138063869424
1807
0.6115174637954274
1808
0.3039343214273195
1809
0.2689862303126875
1810
0.48573586515999956
1811
0.36409239179589054
1812
0.3939174044710086
1813
0.4432416335608918
1814
0.4600837483307652
1815
0.3400988906216726
1816
0.36024359439645387
1817
0.24718596345398935
1818
0.5978661879973706
1819
0.33783495776806877
1820
0.3236406406488516
1821
0.4467717579345825
1822
0.6859325864082136
1823
0.431786549282246
1824
0.5895368324494605
1825
0.49482628613458757
1826
0.34352685575942093
1827
0.49621587054295685
1828
0.36228232851425274
1829
0.3290795019822489
1830
0.48432559019166693
1831
0.4242989328901635
1832
0.658471857364256
1833
0.42666852335626837
1834
0.3054983416544542
1835
0.44791763454460765
1836
0.24657670447661317
1837
0.4525926085282522
1838
0.3632246554856002
1839
0.4079565926719723
1840
0.6298012107623092
1841
0.3984282407815373
1842
0.41235345275648067
1843
0.3852665516879187
1844
0.5519523358922284
1845
0.30692237901581104
1846
0.3152433510859129
1847
0.623570599245879
1848
0.3897787724808273
1849
0.32901299704594167
1850
0.25731362353016546
1851
0.4503256605047627
1852
0.3816625900730953
1853
0.39507078887175573
1854
0.542296432970702
1855
0.747839751422678
1856
0.27460357120931717
1857
0.38155427799354164
1858
0.43016937828893465
1859
0.5662618926669104
1860
0.27774070117758876
1861
0.28837196198519194
1862
0.33003094210430456
1863
0.48412313863294215
1864
0.33979725028828095
1865
0.39063029748801437
1866
0.4125900279987065
1867
0.44270287067168457
1868
0.3421157225857987
1869
0.5222097857556148
1870
0.6417294722618724
1871
0.92082089986389
1872
0.4720530458093034
1873
0.7595241151503354
1874
0.396230274516343
1875
0.32657330224056597
1876
0.4038724614079063
1877
0.5769142232383141
1878
0.28645000476805754
1879
0.29044587046347475
1880
0.4159238595606269
1881
0.4483675498899614
1882
0.4153721687579135
1883
0.31021500581947914
1884
0.360968323194099
1885
0.4125064293818311
1886
0.33869157078990203
1887
0.3845850158224367
1888
0.2578841383883411
1889
0.4266373781576918
1890
0.4560713447431955
1891
0.5994838142104404
1892
0.3530524474948885
1893
0.35980300210562477
1894
0.47875023872425215
1895
0.40421995013795053
1896
0.3860199913898439
1897
0.6586308232317212
1898
0.33879035461313467
1899
0.44567358344028535
1900
0.2808516550664536
1901
0.3660973469106965
1902
0.5609500688983862
1903
0.6702945521144907
1904
0.3256937492881045
1905
0.4027916331564395
1906
0.5556227969876291
1907
0.3859404506268534
1908
0.4318153397752315
1909
0.31490580581712113
1910
0.8075759995082885
1911
0.3800442548082563
1912
0.6307740663693758
1913
0.42872211714369807
1914
0.47148845934236505
1915
0.2514362465099848
1916
0.5962972170817032
1917
0.3652335553503492
1918
0.3425576751907306
1919
0.49998226776735505
1920
0.6642193091985293
1921
0.44885777947948374
1922
0.5327323201553378
1923
0.48601157256688565
1924
0.4330096977510297
1925
0.3633882021742098
1926
0.42005959571856194
1927
0.4109431609512178
1928
0.4021063867699988
1929
0.3285913498385701
1930
0.37382056252256884
1931
0.3459689972068699
1932
0.4124505556091531
1933
0.3786577846821635
1934
0.31569870558838403
1935
0.36288461153887697
1936
0.5489471051105852
1937
0.30165992922714563
1938
0.4841813971569083
1939
0.47107877348241467
1940
0.32124404283647373
1941
0.26861002694924124
1942
0.4409446275594429
1943
0.5029437314824572
1944
0.3832723652050932
1945
0.7212996869556931
1946
0.5239061448090658
1947
0.35338080292515256
1948
0.35098788826573746
1949
0.5419932677818702
1950
0.3183595668321716
1951
0.4278564749885953
1952
0.3563430718228307
1953
0.8509611094251746
1954
0.5017658822725076
1955
0.43137094874961707
1956
0.275700248132375
1957
0.5605944632910019
1958
0.25315533983136695
1959
0.29079224063680514
1960
0.34914295694946695
1961
0.36157598031433863
1962
0.3005381370998216
1963
0.4835043871101825
1964
0.3752848356939978
1965
0.380774680539705
1966
0.4808594329006668
1967
0.8694001484382174
1968
0.47643714097216683
1969
0.3573832541032131
1970
0.3138705125451734
1971
0.6133339966570557
1972
0.36492071143104876
1973
0.339026811357493
1974
0.32555848737734344
1975
0.428775040306278
1976
0.27540834315888746
1977
0.25356065970936204
1978
0.2829276408129805
1979
0.3904836120253425
1980
0.32343157361969854
1981
0.3397018625600199
1982
0.4870940666222798
1983
0.4627465153759485
1984
0.6342082699061857
1985
0.37943814971039236
1986
0.45793184572960566
1987
0.4269053558937266
1988
0.40140075211294884
1989
0.33570330514558205
1990
0.2924540201838752
1991
0.2673708777744481
1992
0.4509884845514528
1993
0.38375868623833864
1994
0.3149039915707907
1995
0.357333606612135
1996
0.6204980654982593
1997
0.34167868562172
1998
0.33524383150479464
1999
0.8960674736535085
2000
0.40745173802504303
2001
0.4558773754196045
2002
0.3288391472287777
2003
0.26026107274272575
2004
0.5099323732716361
2005
0.3468860864303264
2006
0.34040960206911497
2007
0.6466741981867244
2008
0.3043012601553658
2009
0.3175288334764568
2010
0.2645063886157163
2011
0.5628067126541386
2012
0.2921591943335227
2013
0.8314536499793836
2014
0.3324028009691452
2015
0.32691229885436257
2016
0.36045332651956935
2017
0.3764739902020687
2018
0.3286243761641607
2019
0.616637168569041
2020
0.3635842880845121
2021
0.3651769127545698
2022
0.45161074370338017
2023
0.373508250871764
2024
0.33289442112996814
2025
0.3656447575259219
2026
0.5967506251823999
2027
0.5901059980863241
2028
0.4151917741844883
2029
0.4179759271485165
2030
0.3937394413538734
2031
0.3392166852195915
2032
0.43290622031068643
2033
0.5166266008278328
2034
0.41867130359300403
2035
0.40946375629466447
2036
0.4208714055523031
2037
0.4851775134100087
2038
0.30226111468007555
2039
0.36910621173243324
2040
0.5403628083126654
2041
0.2733710039967067
2042
0.590364300854584
2043
0.36775922518382725
2044
0.33462687137551245
2045
0.6523015561679211
2046
0.3522640217017584
2047
0.40817708046985196
2048
0.3968960622863972
2049
0.684895364247704
2050
0.3486384234751139
2051
0.3780805674214261
2052
0.3063924115674997
2053
0.38719962615425607
2054
0.3428208817296735
2055
0.3125384394365528
2056
0.35017300224701625
2057
0.3680112829070091
2058
0.5797927199926738
2059
0.3189028767204137
2060
0.3511794071454645
2061
0.29706176509186466
2062
0.2921183057712184
2063
0.5449879476939029
2064
0.5753466978841426
2065
0.8043498103349919
2066
0.3501377730408738
2067
0.40421403336931144
2068
0.4702409368020187
2069
0.8674473743954929
2070
0.5335957073941082
2071
0.30055414669494807
2072
0.4360522925425942
2073
0.3001200082633161
2074
0.36087814164012383
2075
0.27139409279976484
2076
0.3296735295738141
2077
0.23986184796407298
2078
0.47731831367616984
2079
0.44152863826124383
2080
0.3580674768851262
2081
0.49227461921996873
2082
0.2978978827657058
2083
0.36673318979890507
2084
0.3940716417923027
2085
0.28010381827113173
2086
0.41559696471779667
2087
0.40113053686276295
2088
0.5631118171089192
2089
0.8043571663357403
2090
0.2846187936102981
2091
0.34797849854939017
2092
0.3050269016546755
2093
0.3562008978768564
2094
0.39838294086665643
2095
0.3414457183210321
2096
0.5653254310310826
2097
0.33407306315345014
2098
0.4623948871049395
2099
0.3678110923028313
2100
0.3337216192324699
2101
0.6920132856808683
2102
0.5565310536768646
2103
0.38529408731120673
2104
0.5188200788978841
2105
0.3103337515086996
2106
0.4186813203733184
2107
0.2905610675715245
2108
0.3345794782854994
2109
0.29028418514801585
2110
0.47757875793640897
2111
0.4019396279387975
2112
0.44086593711392696
2113
0.3761812529454882
2114
0.5064804404625235
2115
0.5019692321790757
2116
0.39992521469446163
2117
0.33816319938603967
2118
0.3364423638677013
2119
0.30956330711551455
2120
0.39184626579892534
2121
0.40533227683686407
2122
0.6282029240521282
2123
0.5214430097679881
2124
0.6488867341740653
2125
0.3102539701618479
2126
0.3704219372067726
2127
0.30830611343647896
2128
0.43219159884551833
2129
0.4618713821082334
2130
0.7404503042565322
2131
0.48553028426292144
2132
0.34157398017495294
2133
0.3431854876920462
2134
0.6073061647254446
2135
0.421231980563863
2136
0.47828914459237054
2137
0.5186266539592161
2138
0.2865736941712305
2139
0.4566295642117487
2140
1.0589593317271844
2141
0.3746686478366999
2142
0.3717605235678047
2143
0.7857684111504201
2144
0.39759117503490676
2145
0.34605799878529864
2146
0.6556848508356842
2147
0.5570138414177475
2148
0.38068529493366954
2149
0.49751214000580557
2150
0.4461391277994867
2151
0.4485594179722095
2152
0.3322112577856627
2153
0.4164911132055828
2154
0.4202839306182759
2155
0.4455320027774468
2156
0.3661827250689925
2157
0.416950252573039
2158
0.6332370876308498
2159
0.526146772713357
2160
0.3496098798021938
2161
0.4674054905348032
2162
0.5267433453179097
2163
0.3667220958275014
2164
0.42205368934228843
2165
0.36488537689878947
2166
0.37974552424807706
2167
0.41848675829556614
2168
0.3369457359775628
2169
0.3932232968147087
2170
0.408216161240728
2171
0.3575200323238938
2172
0.9198186925758951
2173
0.43214966564912144
2174
0.3481675725896272
2175
0.5794357610213156
2176
0.37480956814387417
2177
0.38908177629410007
2178
0.43473810044102434
2179
0.34808007012556247
2180
0.4042656894682795
2181
0.5289521388929799
2182
0.5838459943996561
2183
0.45168190923531276
2184
0.7297001602411621
2185
0.42571423975996514
2186
0.6023711441960232
2187
0.45473270910449093
2188
0.36131686691566545
2189
0.42969605773496844
2190
0.4042138045812362
2191
0.5868519739503995
2192
0.6220767251397187
2193
0.40814207333756297
2194
0.2993393302797006
2195
0.3914851883738055
2196
0.2960092987199617
2197
0.443858830550641
2198
0.4240679487668122
2199
0.4521731719368518
2200
0.32726581433128965
2201
0.31717898081807955
2202
0.40114836314845836
2203
0.814829275596288
2204
0.4379018099067168
2205
0.5436459918058631
2206
0.5377206146025151
2207
0.3891698416917077
2208
0.38939598048040464
2209
0.41218269493797155
2210
0.43949984715396767
2211
0.3636338479707809
2212
0.33313699274700387
2213
0.4060844843411185
2214
0.38835160416972525
2215
0.4200141035886617
2216
0.3870529488429039
2217
0.36504787424524215
2218
0.49920742153119524
2219
0.6434544817910216
2220
0.5200585918688372
2221
0.2716269810044934
2222
0.29986994668629585
2223
0.30372576609729207
2224
0.3946281018394673
2225
0.31595207098778627
2226
0.28029144581797893
2227
0.3623166991678716
2228
0.28266817632513985
2229
0.2542089866616426
2230
0.6160248126395116
2231
0.4338531840110934
2232
0.40359138689841606
2233
0.4452062800826075
2234
0.26972811262342644
2235
0.4843496098487955
2236
0.45852891625228287
2237
0.47777101583979337
2238
0.625318990773554
2239
0.7554867134469173
2240
0.4457273090738185
2241
0.33292497170858026
2242
0.3163691876484684
2243
0.3131498727269596
2244
0.6076116902945796
2245
0.3614605312271051
2246
0.2867741792273043
2247
0.48101855180562764
2248
0.5437771984341664
2249
0.45759263789839577
2250
0.4082468253668827
2251
0.28940338744651756
2252
0.2830995798738308
2253
0.4351872192270835
2254
0.45119572666027885
2255
0.33871487118130617
2256
0.43850066306063223
2257
0.5755303031041086
2258
0.5507836444771318
2259
0.4627314660282042
2260
0.5345580488679669
2261
0.33325874420183643
2262
0.5659893809476829
2263
0.31112190545192137
2264
0.5866053186606086
2265
0.48641565653735497
2266
0.3560121471235211
2267
0.8113953673785599
2268
0.3569649256412248
2269
0.5739163911185635
2270
0.4968696186141946
2271
0.35058444608694384
2272
0.47830773272975197
2273
0.43893558911262115
2274
0.3890205669855881
2275
0.35111960033214423
2276
0.40730796181144546
2277
0.3032989131720576
2278
0.3034473936053586
2279
0.5217146129078417
2280
0.47697924044504225
2281
0.3612611577207377
2282
0.25243659893953696
2283
0.4110428249170639
2284
0.5593227388481012
2285
0.34954240551042753
2286
0.30273639065817115
2287
0.5688993731652043
2288
0.5110813500746457
2289
0.3406463852416212
2290
0.3211865177077933
2291
0.4221322929884717
2292
0.42276573409535484
2293
0.32831030060687205
2294
0.5735798353955696
2295
0.34673957768198166
2296
0.3128932256836485
2297
0.5133168228767415
2298
0.28222744022578106
2299
0.6152109748840368
2300
0.49674452498202826
2301
0.35581312756193506
2302
0.46658693226637754
2303
0.4207552950415021
2304
0.39057060598517934
2305
0.27219462313437115
2306
0.5191382238176755
2307
0.4337896165968749
2308
0.41849325538670507
2309
0.36792428163334095
2310
0.33811404803893463
2311
0.3103107633977646
2312
0.34220532625074085
2313
0.4188375285842137
2314
0.44682180822288603
2315
0.4714548454008045
2316
0.3040296733251099
2317
0.8403351490949437
2318
0.24769927387547083
2319
0.9830098040182593
2320
0.3360135911981852
2321
0.35187460031080825
2322
0.36603931618359364
2323
0.32299560222214685
2324
0.3088331648830033
2325
0.40168743776009724
2326
0.35133463588500974
2327
0.36513543184310054
2328
0.45698394057243774
2329
0.4103029523591902
2330
0.4296001397954289
2331
0.33786414976337503
2332
0.3885992324857122
2333
0.364226299017663
2334
0.4015670314418734
2335
0.44770136387772125
2336
0.4096489415944063
2337
0.3778356256024814
2338
0.48377244629813415
2339
0.32748096994613207
2340
0.67575347395368
2341
0.37777356988549327
2342
0.49946144401184356
2343
0.36992047931868194
2344
0.3209225861676791
2345
0.4533255975274249
2346
0.4620744129749013
2347
0.4176057745701047
2348
0.5748782118604413
2349
0.45227994829915424
2350
0.4476839345345655
2351
0.4102843928444201
2352
0.30551802774100184
2353
0.5036672279825853
2354
0.43816816175422746
2355
0.3180258915605524
2356
0.286340462773753
2357
0.3757605865576888
2358
0.4387532721938137
2359
0.41726253114550027
2360
0.31030603726231176
2361
0.3527739102718764
2362
0.4514842314499248
2363
0.5779169905759304
2364
0.31552957605854975
2365
0.29176989978922163
2366
0.35154359538083757
2367
0.30852434529339723
2368
0.3019393196672771
2369
0.2956769798135962
2370
0.33082482237599337
2371
0.3820172420302243
2372
0.5790048410156663
2373
0.32452680059395284
2374
0.44132575978865424
2375
0.33128259425345763
2376
0.3930321464986483
2377
0.6150627009208035
2378
0.2948815952531045
2379
0.4446355749832784
2380
0.3289673505982459
2381
0.30233423474920645
2382
0.5870037851091522
2383
0.4590338800967986
2384
0.3134612058296083
2385
0.36090358252266
2386
0.4351159281874991
2387
0.43408109609798007
2388
0.4295031673174021
2389
0.27962872809107386
2390
0.7476010223174714
2391
0.3025941018368025
2392
0.5243607159857523
2393
0.4671342253951898
2394
0.6500027470452258
2395
0.3633619216958323
2396
0.3828765609375745
2397
0.34506369034779355
2398
0.4557795833737061
2399
0.5056470959284486
2400
0.5104887510521385
2401
0.31757126161104254
2402
0.4423187382699045
2403
0.9461856972325812
2404
0.3895307978258067
2405
0.5880121219663125
2406
0.4900512442161473
2407
0.5108466620686909
2408
0.3699439728271735
2409
0.5207876268656403
2410
0.2884823040774391
2411
0.8581842333631887
2412
0.6939736615318008
2413
0.30185501498086365
2414
0.5564326728562291
2415
0.42310266654184636
2416
0.30538176060973926
2417
0.48517848011010445
2418
0.35733554510598137
2419
0.30729082390685764
2420
0.26688793938413896
2421
0.45202153953715957
2422
0.35723325842809295
2423
0.29493191556431775
2424
0.3726804636455889
2425
0.5539954657218875
2426
0.37499024803144415
2427
0.3352995929067721
2428
0.29387040874182374
2429
0.43969743572935116
2430
0.6053546714742929
2431
0.4341039663933707
2432
0.45429799417775785
2433
0.2865147846973813
2434
0.3960125480927949
2435
0.38257265440778954
2436
0.4937088870386964
2437
0.29995251737166156
2438
0.3120343974004701
2439
0.645029770987164
2440
0.3814415550810318
2441
0.42502688348095297
2442
0.341361901619313
2443
0.29731375430644713
2444
0.28899189437467493
2445
0.3285814918024567
2446
0.362394752811227
2447
0.32553808336347395
2448
0.6459467828970487
2449
0.31894936270069774
2450
0.29299934047265647
2451
0.37405253132268906
2452
0.3737662588539931
2453
0.31436938430750533
2454
0.2689958344325429
2455
0.6169920095531962
2456
0.30108219869618147
2457
0.34693012000041995
2458
0.5881250311835344
2459
0.7164403139868079
2460
0.3284747249666832
2461
0.37878619344344094
2462
0.3754025367948791
2463
0.2939231854201749
2464
0.3713173877777297
2465
0.376843035273895
2466
0.45804698236451874
2467
0.35438302010415595
2468
0.48136090889883953
2469
0.6674117255663955
2470
0.2723647054504034
2471
0.3608217436199852
2472
0.3928772166165613
2473
0.6041961650770177
2474
0.33796431677329475
2475
0.3926977643050656
2476
0.6434298061647848
2477
0.3524820983904571
2478
0.43992767573629
2479
0.38106881319799585
2480
0.4285123716209171
2481
0.3454991465022012
2482
0.6348230055561206
2483
0.3339347249004391
2484
0.36354530609355784
2485
0.34595068969375137
2486
0.26146446756019087
2487
0.2691441371923284
2488
0.35416164551986595
2489
0.38254607206762953
2490
0.4832960245325964
2491
0.3460195146995618
2492
0.4115289359889361
2493
0.7908945824197957
2494
0.3391103781199501
2495
0.3530082573581785
2496
0.732837334026968
2497
0.27265256686586004
2498
0.4686083344661322
2499
0.34614948297147596
2500
0.33519295470963417
2501
0.543431807215346
2502
0.3655520975019342
2503
0.6293317178567188
2504
0.3628172037068014
2505
0.5618640832947349
2506
0.32616943133114573
2507
0.3399007759889241
2508
0.27610927456190215
2509
0.3999352923384949
2510
0.3361540053269601
2511
0.3008920636039117
2512
0.3901213703306074
2513
0.3102589836667582
2514
0.5440698518582184
2515
0.48172091204417367
2516
0.5135132252599798
2517
0.30759957932118537
2518
0.5798560286251888
2519
0.3878760984655551
2520
0.39575231589534643
2521
0.3677960231180656
2522
0.5376573735597631
2523
0.3582367140605632
2524
0.29560712025890185
2525
0.3004628799922659
2526
0.3128843675317488
2527
0.5755853051622537
2528
0.38978347942286146
2529
0.3097523317656996
2530
0.38074416881090006
2531
0.2754062022492512
2532
0.40622924191117377
2533
0.4438738467617611
2534
0.522032030947923
2535
0.3764225551761612
2536
0.37321700413927
2537
0.4809882571277268
2538
0.43625697049497536
2539
0.4380873188773141
2540
0.37828274155808767
2541
0.29297415148325406
2542
0.33423045143664787
2543
0.3981326747871797
2544
0.3797656911739772
2545
0.3569063308742095
2546
0.34035088971880595
2547
0.9964673612745594
2548
0.42519675165484166
2549
0.36452785873360743
2550
0.37748567353506124
2551
0.39831953864397956
2552
0.460230689329154
2553
0.5201608250009842
2554
0.3400397929464451
2555
0.3696898969412344
2556
0.44859130390765617
2557
0.28013713652211714
2558
0.6717666035791184
2559
0.35010078052536175
2560
0.37070036140745033
2561
0.3270616063238604
2562
0.49503053771419225
2563
0.5050098692782975
2564
0.3319039030092316
2565
0.4914600828131807
2566
0.3165251416208804
2567
0.3523694413438057
2568
0.4396000963044683
2569
0.41588102782965936
2570
0.5621073598607761
2571
0.3748998829377713
2572
0.48343818405605543
2573
0.5091698756751719
2574
0.5334196771484876
2575
0.5104765391233282
2576
0.4069796655956942
2577
0.6454764095488883
2578
0.7789041880182549
2579
0.29951697404525535
2580
0.4214655869086294
2581
0.2924693540111851
2582
0.3412841223627929
2583
0.4194027807886991
2584
0.4031293542754712
2585
0.5298338780677426
2586
0.40483606926500443
2587
0.2830263187014062
2588
0.4892740044176437
2589
0.39593004369790646
2590
0.3281307943806183
2591
0.4228424071962652
2592
0.33581207065670715
2593
0.3270586045320563
2594
0.5024444177242299
2595
0.507240735938741
2596
0.39898862333140006
2597
0.653792143974515
2598
0.4755456734888337
2599
0.30994870493941157
2600
0.3916443213708708
2601
0.5893827198632616
2602
0.2714064351720235
2603
0.3635097199247636
2604
0.3812645724542305
2605
0.37279886277524665
2606
0.3800822010106515
2607
0.43645424403554844
2608
0.26527075873988754
2609
0.5017126073224768
2610
0.3012978990550016
2611
0.3093304775014719
2612
0.3326760480853215
2613
0.4120919575174528
2614
0.4091881547922011
2615
0.3566789265019308
2616
0.40326906644833144
2617
0.4454598008696005
2618
0.4440932872789934
2619
0.43907948054824686
2620
0.47568386421944814
2621
0.3277323972483533
2622
0.580774956007121
2623
0.39800642808922604
2624
0.3491428314343496
2625
0.2972616114043193
2626
0.31694547330567313
2627
0.4802994066223837
2628
0.2832659651107683
2629
0.8012951841443864
2630
0.29883174379226213
2631
0.44966226297628953
2632
0.3716205077277862
2633
0.28221941886848656
2634
0.3943147867568896
2635
0.5343618771157809
2636
0.36877747111612025
2637
0.4423858111983071
2638
0.45275061955417856
2639
0.379594150284637
2640
0.41887927701908056
2641
0.5557466241523253
2642
0.31378329780518105
2643
0.48579176669061797
2644
0.35528480180314403
2645
0.3238767623332386
2646
0.5400659651640106
2647
0.5696406250643063
2648
0.3063714314563431
2649
0.37578693730416995
2650
0.8613292941412966
2651
0.4757240597689201
2652
0.33704401628699454
2653
0.2648753244753012
2654
0.31142385680758683
2655
0.6605005073522864
2656
0.4463847249796674
2657
0.3340103365745123
2658
0.34261647131773487
2659
0.2980436815250441
2660
0.35954109011367696
2661
0.45857400683370675
2662
0.32668343615631185
2663
0.34520184939026183
2664
0.5318571500293315
2665
0.3958481120744678
2666
0.3418435706336375
2667
0.41673790513232506
2668
0.5957834217460428
2669
0.31379626720372944
2670
0.4302377451443792
2671
0.3081461479553648
2672
0.366520075362663
2673
0.40984041507061914
2674
0.3766943163220821
2675
0.46372289578281994
2676
0.4201143130411574
2677
0.27052029366968744
2678
0.3921291030907788
2679
0.30496247724252895
2680
0.6313037229629332
2681
0.5175751076004486
2682
0.4760125798056359
2683
0.3208185356366984
2684
0.33908411068531236
2685
0.4830800751885446
2686
0.32249732925467645
2687
0.5001356671326788
2688
0.32823283762356387
2689
0.6758959659044083
2690
0.4365434318727902
2691
0.3385779530284942
2692
0.4600151934716953
2693
0.29618454085777357
2694
0.37834362552293643
2695
0.4948645590515891
2696
0.5286185905919261
2697
0.33029784734040063
2698
0.30494017996364653
2699
0.44228277512631714
2700
0.3302060503709459
2701
0.4320017730787276
2702
0.7143442069306466
2703
0.31871587525413014
2704
0.3808593104619978
2705
0.40993374595185295
2706
0.5373535475761582
2707
0.24552964535107263
2708
0.45038381294300134
2709
0.7685761866675808
2710
0.39123410638126377
2711
0.48817015638903455
2712
0.4432513149999888
2713
0.46509375327346364
2714
0.2736503740221214
2715
0.4231219540249527
2716
0.3274238019311694
2717
0.3165005303415948
2718
0.4951378338661492
2719
0.4016064926899346
2720
0.36707816393028997
2721
0.3985170978752987
2722
0.29951122460628044
2723
0.3901369096321825
2724
1.140282552976328
2725
0.34273314582242115
2726
0.30492570115335743
2727
0.4005556456990333
2728
0.41755722419846114
2729
0.6325628933666538
2730
0.5054862323092452
2731
0.46194660671468385
2732
0.38277926367414983
2733
0.2834615661215103
2734
0.40435171692763877
2735
0.2891793094758556
2736
0.42174319534864274
2737
0.6711257933510935
2738
0.4851063478038442
2739
0.5130809967829921
2740
0.7522050240086986
2741
0.45743907299217085
2742
0.40814877181371556
2743
0.32271304402151857
2744
0.4112004037832466
2745
0.4059711829889657
2746
0.358993537661439
2747
0.47362710887530096
2748
0.4188080962077887
2749
0.5528308248495821
2750
0.3861492515507002
2751
0.49223114502737586
2752
0.410236494932357
2753
0.2920152497345878
2754
0.34104300750252137
2755
0.388099763901058
2756
0.5064387695389418
2757
0.4857328177627124
2758
0.3814133576458362
2759
0.3488890157886341
2760
0.371176867996968
2761
0.3333475794517726
2762
0.35178459519555677
2763
0.4144484737614449
2764
0.5339415968989166
2765
0.3842016750620314
2766
0.47470466639364056
2767
0.33971115327352136
2768
0.5355909483353267
2769
0.56798133096058
2770
0.475679892006007
2771
0.6660227479439923
2772
0.40836217736892494
2773
0.2877756329755739
2774
0.41224478621864896
2775
0.38445562562350105
2776
0.30119369859526224
2777
0.5503436103297069
2778
0.29296333188019497
2779
0.7848781709409026
2780
0.32922589671636593
2781
0.385066796805468
2782
0.4382182451878118
2783
0.41710545583081343
2784
0.3040676878882997
2785
0.3495088175240258
2786
0.3422095309087607
2787
0.3699484652101971
2788
0.41844788242073905
2789
0.4023285633495696
2790
0.5304089033165084
2791
0.45875988973263554
2792
0.39463849628681447
2793
0.6391690101634248
2794
0.38290472725203717
2795
0.45566345457295443
2796
0.6294148346081454
2797
0.463674951137446
2798
0.33254388929952794
2799
0.35818374597214653
2800
0.33798270694598115
2801
0.6621767150686336
2802
0.5144998833831652
2803
0.35841424054916843
2804
0.7554634845234321
2805
0.34243898616868457
2806
0.511271121619651
2807
0.45520448171886846
2808
0.5995737316973843
2809
0.3204857369824258
2810
0.37720299567104243
2811
0.40752710760035454
2812
0.31752872093713597
2813
0.5111629482055409
2814
0.4265063968322881
2815
0.325279928847782
2816
0.5434742069456772
2817
0.42542839271083177
2818
0.3252920484742557
2819
0.605227317895159
2820
0.3222426675772477
2821
0.48140645083414046
2822
0.6707526449107146
2823
0.38626224131302994
2824
0.48719962767561553
2825
0.41726279694342316
2826
0.6131229450718837
2827
0.3001386679587168
2828
0.6634867432955488
2829
0.3613025330273934
2830
0.42842961142106517
2831
0.3658594514329844
2832
0.844787453897477
2833
0.4222719709373739
2834
0.6797870041970031
2835
0.29155060591430115
2836
0.41373337070187666
2837
0.5443118689436452
2838
0.368500748235113
2839
0.29234526797577576
2840
0.44037466233074624
2841
0.37853567026073454
2842
0.5633227846358712
2843
0.3961081080682241
2844
0.7473690551174869
2845
0.34556213179929673
2846
0.3169420075650867
2847
0.3469225618535787
2848
0.5149610036586132
2849
0.31448331550969516
2850
0.4204214131309721
2851
0.5195317272184613
2852
0.4273907584010383
2853
0.4319036650930398
2854
0.3603228141809868
2855
0.29228959765389056
2856
0.3740579023184489
2857
0.6406404153614602
2858
0.419390007444385
2859
0.6111237227347738
2860
0.5286072887234388
2861
0.364320680562854
2862
0.4216473386397876
2863
0.3930842197036472
2864
0.3358327936600218
2865
0.4535049972078251
2866
0.3081526308198425
2867
0.6514753280910495
2868
0.24716231267165537
2869
0.3206986975848489
2870
0.41064571399893457
2871
0.3693719657564144
2872
0.29415227519609843
2873
0.8323509686226412
2874
0.37189370852098597
2875
0.42544133519672395
2876
0.3630554629807798
2877
0.367114229794068
2878
0.47457158819373085
2879
0.4182794384401879
2880
0.4813275260649809
2881
0.3523972791397991
2882
0.5582513067212115
2883
0.4771754840071423
2884
0.24820917811457613
2885
0.3901567130256952
2886
0.37138112460509953
2887
0.5771871673327762
2888
0.33505301739762144
2889
0.4830626571498251
2890
0.45068076726206036
2891
0.4088081276006673
2892
0.3073259646437959
2893
0.6657289635256434
2894
0.4142086646468489
2895
0.32313547914979723
2896
1.0581169817910094
2897
0.4245660697041102
2898
0.3248247701702939
2899
0.27823544324063043
2900
0.7834904436488868
2901
0.4209118572684159
2902
0.40487941086000107
2903
0.5437369200014037
2904
0.3609618527567171
2905
0.3371358244738176
2906
0.40489068418893487
2907
0.4581903630639459
2908
0.36388126502896934
2909
0.2963455213773618
2910
0.5182258563341358
2911
0.40550261704107254
2912
0.5160486126112075
2913
0.3105217109921495
2914
0.48539386516037303
2915
0.6490278042583904
2916
0.37924665647653866
2917
0.5906543437047884
2918
0.3106608883685388
2919
0.42443823003905623
2920
0.4573477257227794
2921
0.36517553869301767
2922
0.34776344519878055
2923
0.5380052713183806
2924
0.5965189553344319
2925
0.3642307974469835
2926
0.4004002411470836
2927
0.3295037201029567
2928
0.4587305249866734
2929
0.4020172492613271
2930
0.3780679881645668
2931
0.5972485865425069
2932
0.377258758242409
2933
0.5577466715493412
2934
0.4989135870004422
2935
0.35209814377633303
2936
0.490626701853378
2937
0.3484992832288625
2938
0.3332363483196342
2939
0.30685928730425055
2940
0.3586259560345998
2941
0.4166598077630325
2942
0.45021667651338354
2943
0.749166621808882
2944
0.40957021799335475
2945
0.3917944258016794
2946
0.6115436868889379
2947
0.3423357578108915
2948
0.670538959474915
2949
0.907237378707532
2950
0.5355942164588166
2951
0.3260392928451478
2952
0.36488327679148463
2953
0.45762720214745267
2954
0.34321664782235156
2955
0.3279317618296771
2956
0.4332729795265942
2957
0.28798466571877235
2958
0.5064022607555402
2959
0.40424456479611975
2960
0.33102327538421994
2961
0.3619454942513561
2962
0.30263489633112567
2963
0.5558427069198998
2964
0.5276463994579849
2965
0.6984759821912894
2966
0.26052265976613365
2967
0.29745426406688547
2968
0.3323425892161045
2969
0.5190807343751711
2970
0.2820658490516442
2971
0.31386183638791454
2972
0.3109351868778229
2973
0.35299340692426606
2974
0.26877984237892316
2975
0.46709592305751285
2976
0.28037976562604744
2977
0.6509365727628651
2978
0.49906596151317495
2979
0.41382089615924833
2980
0.45220827940483227
2981
0.4201836229366232
2982
0.31756514242733985
2983
0.5755110083300883
2984
0.6468693930736354
2985
0.6533094269900881
2986
0.33482402546524387
2987
0.45460225260433024
2988
0.29305017647417286
2989
0.33046454871270364
2990
0.381280297324846
2991
0.4810532703007304
2992
0.3879385928248704
2993
0.524442424147768
2994
0.375134951586366
2995
0.4073782969349717
2996
0.32945381419210645
2997
0.40473995521165795
2998
0.3381855644069992
2999
Mean MAE: 0.4233695180816343
