nohup: ignoring input
0.33333333333333337
1281
427
3.30767241545762
0
3.8957816900546796
1
4.148038546351285
2
2.72257114709045
3
3.867014860379781
4
2.443470974392434
5
3.595110302474762
6
4.350778624607438
7
3.7318600353179434
8
4.5597677450743
9
3.928385179620384
10
3.267478167573444
11
3.455224839639896
12
4.072563000328187
13
4.073825772246708
14
3.6166329015141905
15
3.074398757431449
16
3.455291623855708
17
4.076017214165667
18
4.121081490655264
19
3.706982012412019
20
2.5881057171627484
21
4.029591339298001
22
4.656356268595973
23
3.894526654387627
24
4.684174934907485
25
3.7989422437937734
26
3.6725654361642444
27
4.434142467132634
28
3.4702928280937098
29
3.59469621115162
30
3.3990049463944687
31
3.860690311830403
32
3.1248586531649045
33
3.590105349238665
34
3.097480594206962
35
3.376555960616663
36
2.5206682358746657
37
3.8886756942758276
38
3.786026986116375
39
3.0631867154653474
40
3.697953882227424
41
3.619856963401307
42
2.9313314804766506
43
3.88289307489083
44
3.9553959551269684
45
5.017697512352698
46
3.8953457651662324
47
3.2910756153378435
48
2.5312529906499215
49
4.116162252521564
50
3.5411059401380722
51
3.019812199647576
52
3.7178902940116743
53
2.865075323094211
54
3.206369190512828
55
3.267707181662257
56
2.4348896152850066
57
3.3331529952137844
58
4.773555827110859
59
3.7021429703620945
60
2.579484304405102
61
3.4653471388183807
62
3.1631965133931015
63
3.9119737859453894
64
3.4492502366231714
65
3.6357587476869746
66
2.9574943473869144
67
4.5501994729658675
68
3.809163623843957
69
3.67931692872567
70
3.641563001862549
71
2.9936500083280024
72
3.7613988360374684
73
3.678326255058894
74
3.432202290195284
75
3.5080891501698046
76
3.395270712376839
77
3.7673578574203828
78
3.625228629495383
79
3.734447350301619
80
3.7401506434716913
81
3.9909675145849195
82
4.071975876303688
83
4.616549893187796
84
4.499447329741004
85
3.6733842280442928
86
5.103942036494046
87
4.655284650154817
88
3.3575185765607785
89
2.979433062602801
90
3.8644453528332634
91
2.7753418148487166
92
3.1786291956764945
93
4.582428753200232
94
3.974074902948914
95
2.48558588983829
96
3.8208295519053093
97
3.595274552271615
98
3.025501944598647
99
3.576470103217672
100
3.89949679940662
101
3.585137071442586
102
4.0960236201461155
103
2.756043004625854
104
3.1583598563530106
105
2.552887783312533
106
3.203862648823833
107
3.273606316904331
108
3.783356633620294
109
4.1870620146445345
110
4.158031986448501
111
2.5302291969426016
112
3.8785452873618955
113
4.712457612004742
114
4.9607126079626
115
3.4335760149835086
116
2.6967107307567453
117
3.8640381147458194
118
4.593467181931114
119
3.5944419480158243
120
3.1935479391717965
121
2.82980340390712
122
2.7888699545095266
123
3.112471754542445
124
2.637887270139909
125
3.2431024988768
126
3.17443115887694
127
3.831119157749993
128
3.258704358975798
129
3.0761640553582486
130
3.3004219869769704
131
4.875921272864369
132
3.8569801396731926
133
3.4115024142116583
134
3.586134568716679
135
4.452312968309476
136
3.101188806324959
137
4.0627937674429475
138
3.1731406221879372
139
4.550400138151159
140
4.550365168402188
141
4.204597388729517
142
2.6038507965771505
143
3.0182138419296125
144
4.384168666857509
145
4.168919996550293
146
4.657001845926738
147
3.4900634327906364
148
3.6891517902473554
149
3.510048582538155
150
4.292746758072534
151
3.3879651064635685
152
4.423885530832342
153
3.8233620139468414
154
3.993152447614731
155
3.2399990886982746
156
3.4777827553197502
157
4.627481699446109
158
4.030019541282324
159
4.473772752430767
160
3.735067488940347
161
3.9287503705978413
162
3.984490279616909
163
3.3456094747146707
164
3.5464875661625808
165
4.244578744576042
166
4.308377001429975
167
2.7224060265971235
168
3.5873957333089477
169
3.705930828987202
170
3.437194512314543
171
3.3750568850454488
172
2.8495609659611456
173
3.2215689906798346
174
3.039536130637496
175
3.7454497822656445
176
3.673706741678528
177
4.236228829591552
178
3.0793985402369266
179
3.3468502283412707
180
3.2797865101626034
181
3.701318774107988
182
2.8913902667586684
183
4.275552247836562
184
2.8625446996073434
185
4.249457762031637
186
4.028892547797335
187
4.183254979998088
188
3.6466949389693997
189
3.192605960829189
190
3.7880039828269942
191
3.491972430442762
192
3.5977736372069042
193
4.3437923327555605
194
3.695173484448102
195
2.784460137929234
196
2.6645930634778687
197
3.0067399035539886
198
3.043026061323817
199
3.3411632573706873
200
3.4555194980184596
201
4.968152192948317
202
2.960886372198569
203
4.15822259738619
204
3.7326024195774683
205
2.6541374043851196
206
5.251836177409488
207
3.7117721809469466
208
4.106345446102584
209
4.175233790988567
210
4.5677968521063965
211
2.9965224930554197
212
3.690740034150108
213
3.5403433642205977
214
2.5271535040204416
215
3.625680246260721
216
4.424138466490737
217
4.30956936657785
218
4.1500634146814965
219
3.863316450060549
220
3.6580395021576915
221
3.842687747541067
222
3.091466992889998
223
3.928383909739532
224
3.650027479712318
225
3.67822080469202
226
2.9003907048238293
227
3.395681796764953
228
3.508442308363694
229
4.249498650090606
230
3.377894101327691
231
4.426381764517148
232
3.814691206744014
233
3.9099627605204614
234
3.4407386068247257
235
4.2794650830140695
236
4.533686332990146
237
3.1177778427083354
238
3.841946297170448
239
4.5332282412878655
240
3.008979216139083
241
4.16123003971374
242
2.3357890129775525
243
4.001331648281277
244
3.128070506037145
245
3.0321264589131336
246
3.5670382055442436
247
4.9397930776873915
248
3.4438787930410086
249
3.5596739353919866
250
2.9655538130855823
251
2.496468158046517
252
2.975259871816735
253
3.984487560443899
254
3.8328791129427264
255
2.7625783283488317
256
3.9850325565703026
257
3.4493406151882757
258
4.230032242525115
259
3.9048040890777718
260
3.127427365955616
261
3.7184626938424397
262
4.24323180140278
263
3.5757436584863345
264
3.3420148352707852
265
4.200927649490142
266
5.132247160017098
267
3.971585541935163
268
3.657732477704096
269
3.1659439107458653
270
3.5550506012968435
271
3.274659407094852
272
3.3577851979901894
273
3.728081084432078
274
4.270558819527075
275
2.7237970820197974
276
4.055227200019763
277
3.8485578572476347
278
3.3657514922381013
279
3.266476580688507
280
2.623838395308259
281
2.587068309694596
282
4.187276406791917
283
3.7547097557380136
284
2.896065114670742
285
4.298034042614992
286
3.710345721237788
287
3.3562307970036773
288
4.723698334936326
289
3.5036816803455473
290
2.9626928895972373
291
3.928340682102109
292
3.5577197949188135
293
3.8705979022939134
294
2.776740722543635
295
3.0592183369656993
296
2.7614657021891347
297
3.670504324993929
298
3.0765481402685055
299
4.881696460603237
300
3.4388151550859707
301
2.7356291414301253
302
3.420526026497904
303
3.453023023419582
304
3.0540687789937184
305
4.204703249913232
306
3.3338594234530596
307
4.0390490814085425
308
3.356306104504361
309
3.7026432987629607
310
3.8223840342864257
311
3.4589094006250645
312
3.521565219969601
313
3.0779932876057203
314
3.8307563794239403
315
2.931136976752943
316
3.699769637362735
317
2.615308923612823
318
4.389495989722653
319
3.454702416458775
320
3.6777245903842593
321
3.2633086884866676
322
4.370579473290728
323
2.5458719269211043
324
4.134654267064809
325
4.222491241088666
326
3.026813453610815
327
4.264654491280714
328
3.3947982571315705
329
3.1005995466601575
330
4.1896590716622155
331
3.1381076145946913
332
3.9778475857782367
333
3.3602618508268676
334
3.276145166903847
335
4.133815802033116
336
4.239656455291511
337
3.72942574853932
338
2.5761437514817462
339
4.4309524908870515
340
3.632666644656277
341
3.5621361226004358
342
4.702951218311937
343
3.099328692742266
344
2.7626304465847342
345
3.1613935191423153
346
4.137479191637143
347
3.292304459385713
348
3.33720181039746
349
3.1625307593126415
350
3.6027742649540073
351
4.27591996172051
352
3.7588629467496215
353
3.7580364662792616
354
3.3037446863537228
355
4.455437650079456
356
3.8776187228037045
357
4.48241527216177
358
3.7638747754195703
359
3.824117645890746
360
3.085432321709596
361
3.9948465232156405
362
3.9687518136278626
363
3.74054048881333
364
3.1761953884238117
365
3.3136660342645454
366
3.7112535089158945
367
3.3114737669249026
368
4.804674761935568
369
3.9441948308371986
370
3.548486214708555
371
2.8986244037686775
372
3.668079589403293
373
3.1810199617272676
374
3.7080281662899575
375
4.291939381200185
376
5.173671313168927
377
3.437404831608685
378
3.675773813246839
379
4.525860848505341
380
3.996882252390116
381
4.3906533527409914
382
3.608818935606814
383
3.760522374807745
384
2.690087842807353
385
3.468883652741872
386
2.8561649754389173
387
3.7197151488240445
388
3.6013717183262823
389
3.320934530807083
390
3.7904905923585264
391
3.54869996588982
392
3.3868829539419347
393
2.9262784046313923
394
3.715441772454605
395
2.861928061233397
396
3.5642498400133364
397
2.972279095930977
398
3.9298977822925965
399
4.831251413601341
400
2.970979843141031
401
3.848861602388168
402
3.1227325500696215
403
3.2364522046235886
404
3.1965809711768927
405
3.4515650160944857
406
3.2871402233397875
407
3.326692849046965
408
2.992661047059989
409
4.604786733797441
410
4.612765487120754
411
3.746113005677987
412
2.6047018780308107
413
2.2601740456688053
414
3.7596728651967823
415
3.3304233168168285
416
4.034542670386766
417
3.6896121198690763
418
3.7073741207208446
419
2.814866340369775
420
3.10404839573554
421
3.070299329832447
422
2.8037990616184203
423
2.607643350192187
424
3.739560433514184
425
4.059059086236785
426
4.50778143234903
427
2.601620223827506
428
3.5435172959091004
429
3.576004547862304
430
3.5263794481934756
431
2.8695427921119583
432
3.592417431691009
433
3.149513564886061
434
3.140824998293121
435
4.351137049407492
436
4.666748196313068
437
3.3047709799810874
438
4.90051678182797
439
3.5336994385971163
440
5.022370078479987
441
3.6885684850066784
442
4.085857833786676
443
3.7789294874820087
444
3.6183258762217267
445
4.640535091297134
446
2.8337352738102277
447
4.760641938901022
448
2.7060024024107627
449
3.5230823318829434
450
4.257921940458129
451
4.011017246792862
452
4.058992762018598
453
2.8356429620133827
454
3.7912478564002385
455
3.455928117065031
456
2.9364687684527353
457
3.3966738743052742
458
3.0333184541267655
459
3.1230089159429464
460
2.6153447559679237
461
3.245010894441
462
3.763528768743393
463
4.414044747148791
464
4.094310106012094
465
3.1277842051247653
466
4.308125205967133
467
3.011189697963981
468
3.1351219982328256
469
3.9615048699892705
470
4.178672998839604
471
3.4046460920128476
472
3.4104370419429304
473
3.7858806376270735
474
3.46409440307593
475
4.093184918469895
476
3.9443594485674156
477
4.580310536275388
478
3.8441516093141237
479
3.983168278722565
480
3.2558151641069024
481
2.6909625681814995
482
3.1963520525786624
483
3.258261544577328
484
3.3125864035863684
485
3.6199247710373075
486
3.7332109448308235
487
3.679121819826215
488
3.3467712641941563
489
4.003991568218681
490
4.151745475577131
491
3.7835957790867067
492
3.0721971564672956
493
4.100144373650897
494
4.372265811738678
495
2.8247727681399466
496
3.5257096616718067
497
3.0831521123628427
498
3.743661741101889
499
3.065243790372241
500
4.098276502103812
501
3.6127540955025768
502
4.285579231155697
503
3.0052445768038916
504
4.675292754385909
505
3.908916573648619
506
2.880312156472955
507
4.365049220225461
508
3.2045048048879523
509
3.691864798145618
510
4.107307249368579
511
3.191814377874601
512
4.033084144806296
513
3.2650043314837514
514
3.52363349872055
515
3.5205723060974576
516
4.271426441204287
517
3.338801209377715
518
3.6408826862886294
519
3.956761982209901
520
3.320748265446865
521
2.144740005018879
522
3.4545326426525076
523
2.7061472533258466
524
4.1852335895894806
525
3.521307401722337
526
3.3756711179435928
527
3.0620295231602883
528
4.493602360901941
529
3.6771971489704907
530
3.441339711156181
531
2.711499724659811
532
3.4237860902637394
533
2.905739836311884
534
2.66707346261951
535
3.9717028735677133
536
3.0438727881592618
537
3.5284991448958447
538
3.3385754272071453
539
3.7131221416655182
540
4.127440257331728
541
3.133021032052028
542
3.4155666993924694
543
4.287430938307114
544
2.6537555634222683
545
4.090963182410479
546
3.4823721855849805
547
4.029733654732505
548
3.787942394118239
549
3.594941297591342
550
3.7203228726634148
551
3.781397454314874
552
4.2152611598682315
553
3.914080455490899
554
4.971941136404402
555
2.9795842483514527
556
4.391853921569339
557
2.379726358791039
558
4.441142731590643
559
4.214335784873527
560
3.179506621608077
561
2.9178457681671492
562
3.025871351679749
563
2.4537214287417553
564
3.5754084256338263
565
4.273775941890549
566
3.293682475838262
567
3.468372291342411
568
4.25308626913292
569
3.1217952538029037
570
3.44300111050907
571
2.32659543627633
572
3.3838220710250084
573
2.9801229947315453
574
2.849304415567162
575
3.428736861410383
576
3.501928212228323
577
3.598333276752447
578
2.8871166975017903
579
4.368876590907544
580
3.1092534196958157
581
3.00175422145578
582
3.489891424737371
583
3.1484341804151157
584
3.8561962459550605
585
3.2158766527234146
586
3.6350821550147003
587
2.8108851264362116
588
3.8879001383188125
589
2.8423316356394697
590
3.5706606416121214
591
3.6121005611309673
592
3.1200092250639293
593
4.534999808111638
594
4.756679304777026
595
3.0887606433359758
596
3.2034892720836794
597
2.856294101164292
598
3.6317538493143746
599
3.9815440062829266
600
2.3545117463720255
601
3.632671121771962
602
3.169219704115428
603
3.312272260715043
604
4.677192175285928
605
3.1673347623925205
606
4.129237895906821
607
2.870595472650781
608
3.166395744539968
609
4.708334645959658
610
2.836925533292768
611
3.162670058213623
612
3.292072353737601
613
3.6313286235769042
614
3.6050107702575906
615
2.7495912123263198
616
2.873065983028879
617
2.3692397172549087
618
4.421009591782314
619
3.7441571995712426
620
2.7885400366775044
621
4.036482104175274
622
4.56072120309696
623
5.181654379469378
624
3.710691160121455
625
2.950846042391992
626
3.484769881608159
627
3.5259131833201076
628
3.522360337014034
629
4.018313820401681
630
3.35405841417439
631
3.183049764918142
632
3.1909204027302214
633
3.2026227415001594
634
3.8050318402292556
635
4.427434044078266
636
2.472614264969417
637
2.9414464481718943
638
3.4000930457935934
639
3.563893443790391
640
2.7123516701516572
641
2.9666511595792597
642
3.7937778695008193
643
2.675571056078236
644
3.81667187490866
645
4.532279116751797
646
2.9884594875101893
647
4.23126264936897
648
3.315853381428187
649
3.1770569889020104
650
3.1004782933562054
651
4.57305137726483
652
4.297716515053455
653
4.183390144154714
654
3.357323139286174
655
2.4370477748820263
656
3.525213697582465
657
4.95824314841755
658
4.475293768613577
659
3.117932940455141
660
3.6096044593126777
661
2.9797020416074718
662
4.572038509156788
663
4.229483341447419
664
2.6801051922484116
665
4.447831077046136
666
3.199449877472325
667
3.6184451432933393
668
4.583630642983297
669
3.7811693561735984
670
3.656196992641033
671
3.106934461436697
672
3.942282986148109
673
4.296950893467363
674
3.28888760387365
675
3.7003568567168075
676
3.4463489104543603
677
3.2536012522460904
678
2.5811742989112676
679
3.551715335864778
680
3.863752305413814
681
3.300811376277133
682
4.88064870937213
683
3.8966897167153136
684
2.367519314695479
685
3.2903494267036373
686
3.5738656526189203
687
3.9764883697322677
688
3.4539231107781605
689
2.8943648130523485
690
4.420011060499362
691
3.643831927126205
692
3.774274743825287
693
2.9561437933537165
694
3.4948954327958126
695
4.743837586375643
696
2.6003255361238002
697
4.302886009502731
698
3.41069491365788
699
3.79967839421011
700
3.3965762595335893
701
3.3834970450100563
702
3.836828663520579
703
3.4860808398008234
704
3.5160381275935024
705
3.47849653565843
706
3.0605428330942357
707
4.823220922276122
708
3.6359631864713124
709
3.5700738234183995
710
4.126873022711693
711
4.958991811270746
712
4.104530747164703
713
4.525103256351845
714
4.403974627406044
715
3.5037723387716966
716
3.5839336767274173
717
3.9085121812044648
718
4.270791547968671
719
4.03174105628115
720
3.2471464467465623
721
3.7961586511678473
722
4.090736329794373
723
3.3370735829038214
724
2.8909033632107124
725
3.3258832351471828
726
3.8280043121666694
727
4.03298018241633
728
4.083356416478934
729
4.471669963697504
730
3.880766709956736
731
3.499739374841866
732
3.3928892976380745
733
3.5922321765790945
734
2.7838899949882934
735
3.4595381867312613
736
3.1623750932594943
737
3.59893563577413
738
3.801701715515625
739
2.8249294813007526
740
3.0149087347109496
741
2.858879429474894
742
3.9321097299947727
743
4.2829652251213135
744
2.8335013394740396
745
4.151501566530969
746
4.293066144417569
747
3.3661604331513755
748
3.406547184146855
749
3.1845451626864905
750
2.8707182388043946
751
3.954241590611264
752
2.8542075154325297
753
2.51297500031824
754
3.871243168706637
755
4.400852035867919
756
3.986094193120785
757
3.786863115063971
758
3.2660465055651997
759
3.8131437610136327
760
4.402467943408145
761
3.1616657516108577
762
3.952659606743111
763
2.9844003094390805
764
3.8891319669272355
765
3.9837411579113766
766
4.421203459581915
767
3.026775413525402
768
3.3773637269042562
769
2.2990703382785553
770
2.3887673757532646
771
4.6335763880298355
772
3.206449168169963
773
4.08215805032547
774
2.3438678917598232
775
3.6193983377798267
776
3.8262229944009296
777
3.0463134294418066
778
2.6115339669957836
779
4.004169445385693
780
2.854867630832858
781
4.1179980107285985
782
3.227586973747381
783
3.2689984818702746
784
4.478773919362616
785
3.3974348298972186
786
3.0236702565218416
787
2.4697933541151427
788
3.7083135593634706
789
4.442841197296571
790
4.214603036664371
791
3.7888145136260674
792
3.858134664270398
793
4.186996193770859
794
2.814805880207087
795
4.009121273986762
796
4.471084643739167
797
3.966595759211081
798
3.580289639061476
799
3.1963567769354873
800
4.071677075224443
801
4.25007584611044
802
4.122373175097415
803
4.9652462921250535
804
3.274274434715004
805
2.9808463842539936
806
3.7887350538418136
807
3.840185118673549
808
4.205165868354314
809
3.971371903820373
810
3.3430603569346355
811
4.931930376706758
812
4.961528844337045
813
4.48697479197845
814
4.5178566716419
815
3.5108785278031878
816
3.610021701336859
817
4.328824137009499
818
2.716339490802181
819
2.9285414227264916
820
3.8988917467526254
821
4.19431891764999
822
3.543878155660353
823
3.738354780817707
824
4.379854125216171
825
4.198149721644833
826
2.959319942488011
827
3.4172566481170237
828
4.333089795502498
829
4.303552574717083
830
3.169866088042299
831
3.607598191340839
832
3.551579361499592
833
2.3680145866573747
834
3.4955684185568416
835
4.448711887970826
836
3.5384156960258295
837
2.4266344598726124
838
3.9785831898654935
839
2.7770649620340935
840
3.5769916586506523
841
5.001574629984573
842
4.025791622823159
843
4.865767871864514
844
3.991252938280534
845
2.4757737671543536
846
2.771822314237766
847
2.7642172849918065
848
2.616957748097934
849
3.9426989442327343
850
4.048598651669166
851
4.058169919915199
852
3.628286875279054
853
3.8301385845187568
854
3.172663488900103
855
4.284098484168107
856
3.3941054791317846
857
3.76951661289751
858
3.351881737863175
859
4.062920015553253
860
3.7245990648539173
861
4.426956772069479
862
3.7682002686437968
863
3.2295420677785693
864
3.7323042025451407
865
3.4866475446770724
866
2.991026480439625
867
3.271464499549064
868
4.364920560207271
869
3.8731914123195734
870
4.136043371274386
871
3.335897397912203
872
2.7532766126424897
873
3.0090826230092538
874
3.4758180469598217
875
2.667486487907519
876
3.4413874973213985
877
3.511843644775624
878
3.0895765996661866
879
3.530989566250046
880
3.9214017039212323
881
3.6974745854509927
882
4.0919154784974285
883
4.1379598586986095
884
3.751470729496989
885
3.1482573113003633
886
4.015744459806129
887
4.872550431036802
888
2.535906591920197
889
2.6139421429754246
890
3.829800704973279
891
3.9403515136873857
892
3.777356238389637
893
3.486997463879437
894
2.844265909978854
895
4.00248045857007
896
4.720439786558363
897
3.164522984017782
898
3.638941115085628
899
2.8081483431165073
900
3.505462104722407
901
3.425426784400064
902
3.2454254394470787
903
4.015661382627224
904
3.5287660005673467
905
2.4732062171279905
906
3.375422627256105
907
4.013346179238904
908
3.3009818606123305
909
3.5858907864845895
910
3.923738066477027
911
3.825609309816427
912
4.8930006714790615
913
3.759745866805643
914
4.042167080534802
915
4.699073943838663
916
4.685387207058727
917
3.0753533050698545
918
2.937330523170745
919
4.3320462336503
920
3.158966596107129
921
3.992827219363848
922
4.159325241030485
923
4.73604481297299
924
3.2151288200321244
925
4.113038787168467
926
2.680184903910759
927
4.28478833382762
928
3.66420134996404
929
3.5409156559235075
930
3.5726342318853543
931
3.367840618973148
932
3.587557407329902
933
3.87990635404523
934
3.8907698723954316
935
3.63668860680377
936
2.3975152064010947
937
3.295742657719099
938
3.49421949167096
939
4.012927029570229
940
4.684354386750611
941
4.165197257679531
942
3.340845796970878
943
3.5300849727247487
944
4.163136482157626
945
4.034410899860657
946
4.120506366106831
947
2.7355787086717456
948
3.091933332763799
949
4.385487722805342
950
3.7183836087182414
951
4.0750305331028915
952
3.7548610410446885
953
3.610571668557549
954
4.9683031849521795
955
3.1351473092148665
956
3.9952528733812236
957
4.491811280169308
958
3.7509982105842945
959
2.8885352890323617
960
3.710335827825052
961
3.6645617660113428
962
4.435379195414891
963
3.6523156761558804
964
4.40659417846309
965
4.1321375792097665
966
3.3822893711737048
967
4.534969392220401
968
3.8017745769388958
969
3.016036716350314
970
4.4717852276761265
971
3.7967579543650154
972
3.5770136797899488
973
3.238354596942887
974
3.112093086324076
975
3.775576653751535
976
2.6750657195088987
977
3.0495022170750006
978
3.132577588663302
979
2.9996578236426292
980
3.16712824356003
981
2.8297647349008948
982
2.537306043168788
983
4.49263229546705
984
2.601474771742075
985
2.859259831273881
986
3.385026824259424
987
3.211209257858772
988
2.3580190630286895
989
3.810221754810315
990
3.7383721573387136
991
4.925931167073835
992
3.838725809558558
993
2.9034366620724645
994
3.939334074877825
995
3.8205463183153476
996
4.029802380929931
997
3.8862246501963145
998
3.4445507484828988
999
4.66415350908131
1000
3.81731453878758
1001
4.224333850611567
1002
2.8932767318074983
1003
4.526002396248833
1004
3.51977681035538
1005
4.071712030765313
1006
2.604437332029059
1007
3.900060584277185
1008
4.572937657615765
1009
4.240429113402359
1010
4.599918352336503
1011
3.3371184078261913
1012
3.150918411144482
1013
3.14410083076105
1014
3.871202415540239
1015
2.7936604614669807
1016
4.380323505486419
1017
4.075530159288229
1018
3.4344626879091185
1019
3.7557140394921786
1020
4.107288460180416
1021
3.153895134687095
1022
3.8303458318799204
1023
3.3541481096490293
1024
4.0953321352858
1025
3.2161186712673615
1026
2.8269927214665453
1027
3.110706518147639
1028
4.033190602094836
1029
4.567084100262053
1030
4.30073995222154
1031
3.681351949304343
1032
4.454457045026883
1033
3.779742275748499
1034
2.6682216390861617
1035
4.308291235594115
1036
3.360936945096626
1037
3.287807532279773
1038
4.58935948166694
1039
2.49519924302648
1040
3.1903924823957
1041
3.740788084866017
1042
3.0895037585528633
1043
4.14658529106927
1044
3.1584974273224926
1045
4.27871847574171
1046
4.071050603440749
1047
3.1862990752730838
1048
2.965574282915776
1049
3.52773796627981
1050
4.540142483999926
1051
4.138163921379614
1052
3.511280201348438
1053
4.3660418370678515
1054
4.168625466401843
1055
2.997898629620183
1056
3.4061668366342372
1057
4.423442428419493
1058
4.297538350521707
1059
3.669393157364351
1060
2.8278750902133414
1061
4.226066996622936
1062
2.9466843922083172
1063
5.222520895621133
1064
3.9641316338293215
1065
3.800677405598731
1066
3.5886874585612687
1067
4.675188318662891
1068
3.7140679611914895
1069
3.80067399950025
1070
4.477566871004872
1071
3.8763950396081284
1072
4.289576815101446
1073
3.2263763818840494
1074
4.430588995349145
1075
3.175072128409693
1076
3.4491328672588613
1077
3.6756323943114957
1078
4.776165910497764
1079
3.9770067776929396
1080
4.5028660736700425
1081
3.454070275782429
1082
3.3103717136874073
1083
2.6180110676442823
1084
3.737395316101499
1085
3.1308483642195655
1086
4.265941624839934
1087
2.3270622353906716
1088
4.3743774018426445
1089
3.643703308981612
1090
3.203864484122651
1091
3.612043790668101
1092
3.3788678322488304
1093
2.647593411882354
1094
3.267592847929387
1095
3.9878468438479
1096
4.753471602572156
1097
3.4513090147123187
1098
4.258670861487942
1099
4.047465967451046
1100
3.7966303696197987
1101
2.9983726118935574
1102
4.682844822540772
1103
3.9520212387051705
1104
4.1081684046066025
1105
4.019706704097059
1106
3.1796579599443873
1107
4.52195685750637
1108
2.8637564226780654
1109
3.910378964497355
1110
2.655300495520069
1111
4.05044188792858
1112
3.663216584891092
1113
3.286647785982636
1114
3.7820956137556228
1115
3.4792744000570974
1116
4.251467527772887
1117
2.972900527414969
1118
3.169240633585064
1119
3.4406015703080737
1120
3.8901579701350415
1121
3.144829464900133
1122
3.8467100011198556
1123
3.7776674472322673
1124
3.592659009133213
1125
3.93766976404694
1126
2.8239821425514515
1127
3.2142976216430954
1128
4.175426276754401
1129
4.2872129943970885
1130
3.837460376907981
1131
3.432284031866366
1132
2.8258012963167376
1133
3.2565297647841875
1134
4.168504128318106
1135
3.671272184029024
1136
4.436768929872048
1137
3.2607532813416458
1138
2.87655419839094
1139
4.091456348136356
1140
3.6825772941592474
1141
3.387486230494685
1142
4.327900142484077
1143
3.6088823191140453
1144
4.2529354013136915
1145
5.177148350687419
1146
3.952432149441623
1147
3.113903183817588
1148
3.4033950636471926
1149
3.234787221422436
1150
3.136925230528661
1151
3.328259407061101
1152
2.9319654134147246
1153
4.672902086248822
1154
4.266745804492943
1155
3.404990273296099
1156
3.2505791001465223
1157
3.2678439916021285
1158
2.590569000867608
1159
3.257135677227232
1160
4.010157684882481
1161
3.3824350370330127
1162
2.9745776006476174
1163
3.5705138397476546
1164
3.6639666772013397
1165
3.135770193422841
1166
3.753617008211633
1167
3.882129608125938
1168
4.075972336793659
1169
4.319377391230346
1170
3.1209006792543117
1171
4.440786908037481
1172
3.32800653442451
1173
4.019638122000948
1174
3.8755006957578693
1175
2.321592273894124
1176
4.1561803719326615
1177
4.4163099125035234
1178
3.28114759440788
1179
3.6629578080806997
1180
3.3054883107125885
1181
4.170612944518502
1182
2.4152121947106004
1183
3.7452168238848564
1184
3.0287194700132214
1185
2.870983166199516
1186
3.2547722432495587
1187
3.2190214467949065
1188
3.2362247613467536
1189
4.072468406365605
1190
4.19922570224705
1191
3.7283054980242567
1192
3.50549784466152
1193
2.874226763748332
1194
3.1229597561897635
1195
3.3455614135247407
1196
3.5762510528018927
1197
3.738743633294797
1198
3.7186587606935357
1199
3.5675418009631854
1200
3.62950525230569
1201
3.8275400327068088
1202
4.398270184734856
1203
3.1591176814173862
1204
4.262617286244776
1205
3.540381959920981
1206
3.204271855781537
1207
2.6893760261306743
1208
4.008352556992169
1209
2.5565183024598297
1210
4.553645017694108
1211
3.5571301407840914
1212
3.433777080651087
1213
3.4037194333714904
1214
3.802994451852555
1215
4.0214532477690055
1216
3.615435133786519
1217
2.9502323753874315
1218
2.8721642640628637
1219
4.136368075478445
1220
2.9517369250745493
1221
2.941551055241884
1222
2.9082171691289576
1223
3.712203914431941
1224
3.332210941697486
1225
3.3909279470862494
1226
4.922992991572658
1227
4.125273918493945
1228
4.878380411945515
1229
3.3568453671461516
1230
4.8816834689581
1231
2.985406615870542
1232
5.001228419408025
1233
3.9808494332128794
1234
5.0610587756781795
1235
3.05551797931788
1236
3.945070190784245
1237
3.9467804509482964
1238
4.06085092964114
1239
3.5805878377752296
1240
4.314914870942333
1241
3.048806983172843
1242
3.9011905094787895
1243
3.5986868448304943
1244
3.4773330340464383
1245
3.3945290087063595
1246
3.144550165027269
1247
3.1674082465067497
1248
2.9962412957666333
1249
2.901128256533538
1250
3.183550712222492
1251
3.139529845814369
1252
2.587570302703562
1253
2.6052199763984323
1254
3.6153218705697494
1255
3.7564917024603117
1256
2.3269427396199758
1257
3.4558160176675674
1258
3.5222417938579933
1259
5.181820997793269
1260
2.9571161348808603
1261
4.55739606899896
1262
3.958348164694848
1263
2.674265050458119
1264
4.010168004100543
1265
3.283184344793647
1266
3.9283796749061257
1267
2.939836611181894
1268
3.0978995644547136
1269
4.186341401819977
1270
4.154693272939234
1271
3.825968891384252
1272
2.990900639328025
1273
3.2686900009119433
1274
4.607541447523682
1275
3.184191966884601
1276
2.583409661482889
1277
4.108486117498399
1278
2.690583708867341
1279
4.189832391211929
1280
3.3275957116743027
1281
3.620326853442851
1282
3.5939067506278506
1283
3.0051125075760408
1284
3.8321057220462023
1285
4.8056645236507025
1286
4.5117254641842255
1287
3.4721466713963833
1288
3.4016206666829225
1289
3.4732983047286656
1290
4.123435332262347
1291
4.0897815180858474
1292
3.0217867207771154
1293
3.069616399896198
1294
4.125962378783283
1295
2.3082577719335595
1296
4.180269447332328
1297
3.7170635100793183
1298
4.236129734491064
1299
3.338677944366417
1300
3.0294290999465314
1301
4.372500160373934
1302
3.767553468814093
1303
4.475765772476998
1304
4.0567206896544965
1305
4.246353508376883
1306
3.982657668348372
1307
4.6805585153378635
1308
4.024636649680335
1309
4.487498247250809
1310
3.2782805829964374
1311
2.619864128442142
1312
3.0851041872223797
1313
2.9723400871075265
1314
3.6156684082516617
1315
3.0151385416385956
1316
4.025753147508279
1317
3.802386003086574
1318
4.022707573583834
1319
3.616653086319486
1320
2.7796599922320486
1321
3.7152636270106676
1322
3.4582493350887065
1323
2.7871314872978337
1324
4.05971859400503
1325
3.933859663174236
1326
4.044330272287995
1327
3.122004231641244
1328
3.317387560748143
1329
4.010085511475302
1330
3.43847833958186
1331
3.243316059766337
1332
3.7484458306381376
1333
2.7455446724551584
1334
3.4233994425853953
1335
3.37459326354931
1336
4.25287291130487
1337
3.1967930878414386
1338
3.715989032720674
1339
4.5164077913090415
1340
3.8396641087524417
1341
3.7671607416745663
1342
3.8082049501940274
1343
3.921383046396554
1344
2.9407619907129465
1345
4.7960637237485955
1346
4.892756854810987
1347
3.518604740592169
1348
2.62609555525672
1349
3.370179025220153
1350
3.7157288954291863
1351
3.4341702357581845
1352
3.92502445083855
1353
3.6673225552668667
1354
3.3530392540063527
1355
4.029218271018745
1356
4.01936734993874
1357
3.8140014659821246
1358
2.770803956801065
1359
3.9315019787579875
1360
3.144688546523199
1361
2.991661812540672
1362
3.604941266540654
1363
3.5280647250740858
1364
3.8296569214422225
1365
3.803124389891893
1366
3.9203674215916893
1367
4.42476948724271
1368
3.3644958663599507
1369
2.727855714472504
1370
4.575542855604288
1371
3.1660738091755882
1372
3.351800474841021
1373
3.5928178875991374
1374
2.6335810800746486
1375
3.771674769298261
1376
3.2671274677578706
1377
4.008895602119086
1378
4.0726510494762955
1379
3.3105333327980455
1380
3.509260355750275
1381
3.8356467159782994
1382
3.090462453374142
1383
3.706217743708786
1384
2.9209880555473813
1385
4.923190097654837
1386
2.9256385136216783
1387
3.220412822853946
1388
3.6806030495689632
1389
2.608318855705821
1390
3.8899557370434468
1391
2.676417624424329
1392
4.130485323441301
1393
3.4172261223982687
1394
3.8073397609715616
1395
3.072837497123972
1396
2.737019830124463
1397
3.425839995980948
1398
3.634448358175981
1399
4.437762590111208
1400
3.1716898427445046
1401
4.343822984100001
1402
3.6125966595117665
1403
3.927750264797913
1404
4.592326734596261
1405
2.697195582254889
1406
3.1812684288208777
1407
3.2741008708593875
1408
3.921294637551147
1409
2.788920735260796
1410
3.2483914154916627
1411
4.243904260296787
1412
2.710691388641514
1413
4.089652565983274
1414
4.085056879962585
1415
4.555955185759435
1416
5.100645985742775
1417
3.9085822426328214
1418
3.208391672256769
1419
4.348561010341551
1420
3.677253600351483
1421
4.056304358293942
1422
4.4059162456775685
1423
3.895338883222113
1424
4.008461344833577
1425
3.0500846746236476
1426
2.9181911959316005
1427
3.142444006043173
1428
2.334828730613791
1429
3.6758098637016614
1430
3.0149129151219136
1431
3.0969093663726617
1432
4.256627829497426
1433
4.510292738276599
1434
2.580702096266134
1435
3.616188042240454
1436
3.9287158502973507
1437
2.7468690624142673
1438
3.5759824489103806
1439
3.7947650948395797
1440
4.538214892292912
1441
4.054943065008015
1442
4.206868535413213
1443
3.6497813978865783
1444
3.2264499208098645
1445
2.4537192880000247
1446
2.6659774308385558
1447
3.4989912063807003
1448
3.592677714074682
1449
3.347072447074679
1450
4.134480736970056
1451
4.027588894730357
1452
3.878792196793137
1453
4.195781378804542
1454
4.169914744269729
1455
3.7155315056372213
1456
4.1302794170590955
1457
3.687199422687318
1458
4.244839422135042
1459
2.6504219376264198
1460
3.8512316994966795
1461
4.514958367678091
1462
2.8637481351641174
1463
3.4516645613329637
1464
2.501515704411678
1465
5.156976277314368
1466
2.8494325279043777
1467
3.600155666985156
1468
3.1416350648726805
1469
3.9630833388837017
1470
2.972819908241316
1471
3.4786276766850097
1472
3.883862735452372
1473
4.483306784202534
1474
3.103298971716996
1475
3.1796814372765505
1476
3.945335969386664
1477
4.2315659465712825
1478
3.656967584301044
1479
3.734570670206364
1480
3.5193491161273127
1481
3.8278492488677376
1482
3.7438216862012865
1483
2.655812783745717
1484
2.791614268443944
1485
3.006720906249014
1486
4.5386108955906135
1487
3.35510277041698
1488
3.084852182939274
1489
3.4717912488470897
1490
3.8993992174783236
1491
2.9248827344689667
1492
4.322559768692041
1493
3.8265513458637157
1494
3.4991673084524058
1495
4.318835622894566
1496
3.8672396783841507
1497
3.742348726684723
1498
3.435875460435474
1499
3.588751508635547
1500
3.533982385861225
1501
4.358429818302601
1502
4.163828191158875
1503
4.036733497212731
1504
3.9377940853926923
1505
3.8770865193473902
1506
3.1493508296481503
1507
3.105761495965893
1508
3.0180449141526045
1509
3.6279393397060415
1510
2.5862515543137046
1511
3.719334571557505
1512
3.1708227057605467
1513
4.141512356821818
1514
3.6851351604434828
1515
2.9319045344269594
1516
3.4715467749535716
1517
2.966052679996907
1518
3.0126070752008873
1519
3.1289099990920692
1520
3.5918163256776108
1521
4.315134384115705
1522
3.6734305394149973
1523
2.687509021559493
1524
3.8028154442888744
1525
4.089396469874865
1526
2.9625661625402646
1527
3.7875874442897164
1528
3.1072226017038878
1529
3.794638321144669
1530
3.0398175122102535
1531
4.462123812936235
1532
4.376382202862731
1533
3.437800094927504
1534
4.470011201546569
1535
3.2806430505250948
1536
4.767242189641659
1537
4.144237772601861
1538
3.5688440115546856
1539
3.8154227106791407
1540
2.780475586999725
1541
3.24758861710869
1542
3.9305894910064487
1543
3.5710053868480998
1544
3.81450556826974
1545
4.75793378006084
1546
3.679116548153102
1547
4.888450727393495
1548
3.631546940223986
1549
2.0244348881218586
1550
3.78410744896825
1551
3.715125819428517
1552
4.385888223666031
1553
3.9262445629458576
1554
3.6108377768093476
1555
3.2486316044441437
1556
3.327959291680622
1557
3.7927105382186466
1558
3.4658026260071826
1559
4.712624236565052
1560
3.0587267782106116
1561
2.8827886903073434
1562
3.4523555055838355
1563
2.998279122101196
1564
3.3851429028464852
1565
3.455254807905742
1566
2.851213148538866
1567
3.8346925035801704
1568
3.618237034949496
1569
2.880815469378272
1570
3.936629659441041
1571
3.7442122935920223
1572
3.5214232299933133
1573
3.2264030657529346
1574
3.611046556471222
1575
2.862444369850193
1576
3.8057702684583585
1577
3.6829087585635563
1578
4.261932089980918
1579
3.090047663595586
1580
3.84019597106332
1581
3.657407833146985
1582
3.3029498481602353
1583
3.2889131681851906
1584
2.7976491073364653
1585
3.192400838792972
1586
4.373040222890906
1587
4.910850089121087
1588
4.4782141386101895
1589
2.6541911356146772
1590
3.001012130391028
1591
3.4342593401489787
1592
2.6148316015850024
1593
3.185283469077795
1594
3.8852081526925697
1595
2.990724468066346
1596
2.930300572754317
1597
3.7518901684812316
1598
3.2838590248745954
1599
3.704579720340533
1600
2.938879683735752
1601
3.9908218321385402
1602
3.373277752023077
1603
3.508480391615832
1604
3.8769163106295847
1605
3.6196917418516508
1606
3.15646086930662
1607
3.6054003077790706
1608
4.071144149847946
1609
4.092056027445185
1610
4.378381194123879
1611
3.689212917505154
1612
2.7934173548721737
1613
3.3800818581182677
1614
3.4618843941727304
1615
2.4050659533485934
1616
2.4549308787806754
1617
3.055289638727994
1618
4.48740443106293
1619
3.4708979598842977
1620
3.66567558336737
1621
2.677253702016627
1622
4.824807837666702
1623
3.592406398615337
1624
3.2387887148948313
1625
3.273395983994892
1626
3.2563241715108395
1627
3.5602667667916204
1628
4.292992850231273
1629
3.554844699025546
1630
2.4010169729645883
1631
3.8465450376334793
1632
3.253050723411962
1633
4.443846318161362
1634
4.040713153274935
1635
3.217133962151434
1636
3.497877765878992
1637
3.98031576344592
1638
3.7194046681832083
1639
4.549285633428779
1640
3.7540150375159222
1641
4.603646749656927
1642
3.023300306820743
1643
3.4472439113988083
1644
4.708969484978075
1645
2.8192612784801967
1646
3.8121586266295977
1647
3.8537025104040707
1648
3.3521512016192383
1649
2.7610728391321806
1650
3.014835625122902
1651
4.016725449493232
1652
3.8979839233122204
1653
3.6745787472030487
1654
4.7269619570008095
1655
3.6386751416129752
1656
3.518064600355963
1657
3.1317341782076293
1658
4.258214668858148
1659
3.0941580377352813
1660
3.851312132912864
1661
3.5121680039215692
1662
4.083403454455424
1663
3.0114071450275945
1664
3.7202845026199634
1665
3.505166974829103
1666
4.0324071285625624
1667
3.834387378762872
1668
2.883352121963551
1669
3.4827483282449814
1670
3.8032565054368153
1671
4.293490655004931
1672
4.590730183939671
1673
3.746244658251718
1674
3.074614744824938
1675
3.764494165879062
1676
3.803271347863096
1677
2.806117387373279
1678
3.4443598098285193
1679
3.493822951971162
1680
5.02719503263735
1681
3.594529567081914
1682
2.862807176059616
1683
4.1630772893333665
1684
3.2596372869683825
1685
3.5255484634397374
1686
2.8204001692535434
1687
3.9032450998570747
1688
3.088820272469364
1689
3.787959691289917
1690
3.571874528737087
1691
3.9744538115986314
1692
3.467084906907774
1693
3.307275409899781
1694
3.1589290007186137
1695
3.55526480824661
1696
3.8437135340625925
1697
3.8013264793160806
1698
3.6946785331992795
1699
3.361573119000726
1700
3.5767234582924647
1701
3.835826003193095
1702
4.008631308293209
1703
4.334719514976096
1704
4.024830845002536
1705
2.6320501084944774
1706
4.122531638025915
1707
3.533765455634519
1708
3.4706213613768133
1709
2.58809976883175
1710
3.5143635909988635
1711
3.9283243225738036
1712
3.425811803391079
1713
3.5452341079102805
1714
3.465048133799705
1715
2.9064300463110393
1716
4.045431863341467
1717
3.2840653279433805
1718
2.7650196439601054
1719
4.371403828894468
1720
4.0170853565216325
1721
2.7238747263077037
1722
2.4057609958814106
1723
3.049362659471668
1724
3.4129354415937434
1725
3.3970044928871714
1726
4.067569244213312
1727
4.472133106194943
1728
3.627168667752413
1729
4.863578235414624
1730
3.933122019347127
1731
2.6406099788139574
1732
4.7400886262039075
1733
4.343472170198292
1734
3.214573317409034
1735
3.5639024398832473
1736
4.152744326021697
1737
4.3511414067997665
1738
3.5376384286090063
1739
3.2329310048945685
1740
4.428190118228902
1741
3.0267045771379353
1742
4.429216302153916
1743
3.6269774380175304
1744
3.1747428582012667
1745
4.370387929422017
1746
2.8880584610053
1747
4.046061888665759
1748
4.601644568820272
1749
4.193694946039379
1750
2.4370357956933564
1751
3.93312266749595
1752
3.6141293502199234
1753
3.888264498433301
1754
3.301488548152698
1755
4.230324024963453
1756
3.927098993573121
1757
2.8736079026026835
1758
2.8068090049644465
1759
4.435760860295756
1760
4.180700290938197
1761
4.2769351232068775
1762
3.6054312274746727
1763
3.05708264950358
1764
3.4201463259353972
1765
2.7713907819049615
1766
2.9114206928113995
1767
3.509479438744838
1768
4.320154938012103
1769
3.564908581565302
1770
4.376053024302
1771
4.487872981809354
1772
4.372437659199643
1773
3.0740462591886435
1774
3.83370494612572
1775
3.913459133230949
1776
3.835670914388831
1777
3.8279176896125313
1778
3.1582748263274
1779
3.695026218935389
1780
3.4149371471221053
1781
3.413392381065938
1782
4.107394175635569
1783
3.314359153643709
1784
3.898331511541159
1785
4.037388764669388
1786
3.257842718669233
1787
3.4525038117427327
1788
2.645008526907442
1789
3.3476821727658006
1790
3.2277929286997726
1791
4.464664330631143
1792
4.337410976675569
1793
4.401570604589461
1794
2.9216782130649204
1795
2.9199072037768836
1796
3.63446544430886
1797
3.459118775592354
1798
3.0539038672138563
1799
2.6846072940290076
1800
3.805709211638796
1801
3.643029496020122
1802
3.589293545638766
1803
3.4528915907453084
1804
3.936594903215188
1805
3.2183739032912713
1806
2.8165994938091465
1807
3.5373986401762476
1808
3.129881577102904
1809
4.102365719772321
1810
3.047846206041098
1811
4.1903957192733925
1812
3.966586236710742
1813
4.246197460450808
1814
2.7697158884569113
1815
3.8305523637889145
1816
3.846605297004784
1817
2.9217231901774716
1818
4.31402837451308
1819
4.047860863896426
1820
3.5117013582946175
1821
3.968637444349929
1822
4.81282917212387
1823
4.203431447408967
1824
3.5952684307395026
1825
3.8781966256447773
1826
4.698922956746895
1827
3.8922743834636977
1828
2.9661017509244374
1829
3.4712760196180867
1830
3.172240038920827
1831
4.010030631670268
1832
3.8024212960696873
1833
3.590718410624232
1834
4.080810884953342
1835
3.9098433573055766
1836
2.8901162811590297
1837
2.729922743039311
1838
4.8578445970044895
1839
2.8023249698247934
1840
3.858746271970685
1841
2.9070000154646696
1842
3.602013603164425
1843
3.220429007202826
1844
3.462743957397909
1845
3.0853140967078843
1846
3.3982041223824697
1847
3.0443401042284566
1848
3.8853188005589923
1849
2.917806757939479
1850
3.6680604262167504
1851
3.2951178084875616
1852
3.189077730417211
1853
2.895811104372728
1854
3.368789931512547
1855
3.7908159652971314
1856
3.6967966807475676
1857
4.2383312290410755
1858
3.016039749634141
1859
3.2691237397175166
1860
4.2059762319075675
1861
3.146409025921557
1862
3.0876638114628867
1863
3.3194619302934503
1864
4.099075483722782
1865
2.509419770938938
1866
3.0588179747616477
1867
3.1502007610478624
1868
3.80555178972583
1869
3.601475690819993
1870
3.269634311748253
1871
3.5867658650402947
1872
4.0261637817711025
1873
2.678886374950114
1874
3.0154592296443252
1875
3.7718949576037
1876
3.755225664987437
1877
3.475017419671477
1878
4.706948405291449
1879
4.7133824249233065
1880
4.271058120772737
1881
3.2866196063406834
1882
3.4016730414779133
1883
4.6764535041101105
1884
3.8904278489963318
1885
3.127566933742961
1886
3.8764282991016232
1887
2.764502810106367
1888
3.9238023498802916
1889
3.914222067213239
1890
3.5491607383937818
1891
4.535321858704865
1892
3.815416265218642
1893
5.326989390812829
1894
4.142286002690817
1895
3.730186797846951
1896
4.406567967574859
1897
2.513497848008746
1898
4.819406203731819
1899
4.442700988009967
1900
2.5416506808491874
1901
3.6832165519486257
1902
3.100605178034951
1903
3.78911936580486
1904
4.799358985871023
1905
3.713631187753278
1906
4.341177719848474
1907
3.7912675372855498
1908
3.125193573092084
1909
4.348395430315058
1910
3.9934281752256195
1911
2.436239289728908
1912
3.1748353405671375
1913
3.636400694185329
1914
3.047499292289058
1915
4.385010885306402
1916
3.4557251544472747
1917
3.6140734548696996
1918
3.2799096073455507
1919
4.31864453843137
1920
3.1927611450360978
1921
3.0916514216209627
1922
3.867766622098196
1923
3.2684618017184657
1924
4.909653335903572
1925
3.8655922014621686
1926
3.8771342577506966
1927
4.002106848069833
1928
4.277051403033377
1929
3.4492560684192943
1930
3.9545150294273292
1931
3.2633485368000392
1932
4.393549953065176
1933
3.471531476349676
1934
2.3149408007896692
1935
2.942117851295148
1936
3.7612708401311052
1937
3.733562752659251
1938
3.6333685741198622
1939
3.4719212233207757
1940
4.03700362093355
1941
2.8436014169564423
1942
3.6169021974210085
1943
3.742946875744229
1944
4.4471941923661955
1945
3.5072519286752204
1946
3.2546357931987457
1947
3.8911194907391033
1948
3.355334582866383
1949
3.379713282484174
1950
2.9807149305853127
1951
2.598233283568451
1952
4.069467151982599
1953
4.455943270672748
1954
3.5214472710987748
1955
2.436938317445086
1956
3.680133555945482
1957
3.042815280643701
1958
3.859315542137355
1959
3.3212267157601962
1960
3.4483046475962698
1961
3.9591114546282498
1962
3.249016787455836
1963
3.3550541887791048
1964
3.5880007064919557
1965
4.341402810988777
1966
4.315168957267525
1967
4.3593739528167275
1968
2.684387541280366
1969
3.2141119996558984
1970
3.7419228198750045
1971
2.7605414424735106
1972
4.424256656050449
1973
3.338847007931721
1974
4.153778881593712
1975
4.288555702222026
1976
3.991382637695939
1977
4.698192499182644
1978
4.045105050218861
1979
4.152400637125788
1980
3.099385171660968
1981
4.146179795771744
1982
3.687424292576463
1983
3.0897809373077867
1984
4.009126122446234
1985
4.272967420059283
1986
2.5829885685053378
1987
3.8941906160493702
1988
3.709995180028355
1989
3.86859818321018
1990
3.005610426328332
1991
3.640920581407159
1992
3.9392899843998825
1993
4.345347084894481
1994
4.107230961481534
1995
4.303786009911997
1996
3.8781032626133745
1997
3.4355329394155807
1998
3.5016818805060663
1999
4.4970240838390385
2000
3.85775555547883
2001
3.067584866785731
2002
4.245064600254837
2003
4.354578258203735
2004
4.566687995445355
2005
2.979085782151524
2006
3.93886332585766
2007
4.222015659416662
2008
3.8870463331572545
2009
3.582209797059308
2010
3.5920966207078697
2011
3.900587265529116
2012
4.355170955444261
2013
2.9460013476712756
2014
3.779229043734077
2015
3.6694296065194005
2016
4.23512845771728
2017
3.1175052590467063
2018
3.0850471789440364
2019
4.427812756847821
2020
3.7384410350829334
2021
3.213533574146826
2022
3.6290569713456127
2023
4.465509073536053
2024
3.0194165908271575
2025
3.2552022910303413
2026
4.612223772720839
2027
3.2776411394048606
2028
3.159502799949179
2029
3.97546642941923
2030
4.706281821618691
2031
3.760755089041754
2032
3.70306654682434
2033
2.693118551611803
2034
3.976123560721266
2035
3.3317869071676336
2036
3.9109081485775405
2037
3.7031744559426643
2038
3.477803913553091
2039
3.685142030600004
2040
3.5899589279334694
2041
4.228633845122644
2042
3.5016471223153482
2043
4.081731872022167
2044
4.1860648204442885
2045
3.2774819712922385
2046
3.67555390419329
2047
3.711463341001466
2048
3.68934180957646
2049
3.6473677121089305
2050
3.5279297379217787
2051
4.267112774914603
2052
3.7316562424713347
2053
2.6295009264059543
2054
4.225042524137098
2055
3.4900919644313535
2056
3.8674685079220272
2057
3.2117222995158436
2058
3.5448599805101204
2059
4.2767609872269885
2060
2.9219012558430797
2061
5.294288684861139
2062
3.8812523014145217
2063
4.9852544393399585
2064
4.555170986933584
2065
3.5718342993190135
2066
3.8482732325219784
2067
4.1449126653431385
2068
4.265666349223119
2069
4.446388501890991
2070
3.2093450670597323
2071
3.8244973373956466
2072
3.8297265539457137
2073
3.5223332580722437
2074
4.075660323046122
2075
4.907421771383194
2076
3.100525385272668
2077
4.191892455696474
2078
3.2214566598082217
2079
2.4087175545454076
2080
3.148625079313694
2081
3.9416224800717132
2082
3.40507481301502
2083
3.121599548997321
2084
4.157360042175466
2085
4.034898776227519
2086
3.6232185717647987
2087
4.625545133465015
2088
4.057085337234689
2089
3.706158310875288
2090
3.584115296652541
2091
3.746373904671017
2092
3.589012704856444
2093
4.834948595492779
2094
3.258135294608407
2095
4.9078011435323425
2096
4.3922952232933365
2097
3.524343709621076
2098
3.9482624958490113
2099
3.167091084645555
2100
3.3945597878069687
2101
3.4814002639586334
2102
3.7456910193638784
2103
3.319102931756349
2104
3.583701798526575
2105
3.7597742243623764
2106
4.329953395132959
2107
3.7197131909324415
2108
3.6973692426110847
2109
4.624929257649652
2110
3.9074889330722087
2111
3.8832996083548537
2112
3.4016165384387675
2113
3.4896525389067743
2114
4.204790475385016
2115
4.333797913333301
2116
2.7454085180853083
2117
3.963702156543874
2118
4.205791092253007
2119
3.493601331849894
2120
3.2978644777340302
2121
4.373325533246035
2122
3.3520432005029543
2123
4.099417123570698
2124
3.6774567560086564
2125
3.102335225215318
2126
3.114142902324464
2127
4.138330088633121
2128
3.282872252188089
2129
4.300705572038229
2130
3.7958678176654264
2131
3.7028153734384106
2132
4.480495888047651
2133
3.0288921346606283
2134
4.000358094911545
2135
3.1405842716142374
2136
4.475881268641878
2137
2.871152859198635
2138
4.172011841761628
2139
3.210040851783744
2140
3.06165064670654
2141
2.7460556302850083
2142
3.979070328637513
2143
3.2119765440840937
2144
4.044757636340762
2145
3.0321132052543276
2146
4.8944898788034195
2147
3.9541025823943556
2148
3.4150476384103707
2149
2.7931511985857784
2150
3.4773334413083776
2151
3.6241778789754138
2152
3.1250386367906455
2153
3.4197260121054684
2154
3.331426488420142
2155
4.428624805648829
2156
4.954092169967038
2157
2.960469987009052
2158
4.226845983318919
2159
2.9036465319568485
2160
3.474890392290437
2161
2.915194554301427
2162
2.969516054262735
2163
2.914801164944462
2164
4.3361947170771895
2165
3.5819149544868716
2166
3.6431972875527716
2167
3.97627241872872
2168
3.6900158801104275
2169
3.4341500686789894
2170
3.9277641749911587
2171
2.846916386258597
2172
3.2396312922022097
2173
3.9460806741726646
2174
4.62572009077347
2175
3.37432471492157
2176
2.8441196228835506
2177
4.967872873669234
2178
3.404830326531466
2179
3.0079656277626365
2180
4.0848143171034526
2181
3.0541230526385545
2182
3.8009537396505517
2183
3.7913987137470015
2184
3.6729550241723214
2185
4.017028521687456
2186
3.6000428478808115
2187
3.755477835809671
2188
3.4680097859979067
2189
4.429675289569366
2190
3.982267074801362
2191
3.65188890152311
2192
3.152491681271008
2193
3.517025817356928
2194
2.8014192139833467
2195
3.4659786371589263
2196
2.9336247057073788
2197
3.141495479748652
2198
3.702374830607772
2199
3.423975341143061
2200
3.7776076909665433
2201
3.5673723006177838
2202
2.489509782381221
2203
3.558443960770345
2204
3.8297696748171455
2205
3.193106133612826
2206
3.1556062591740672
2207
2.9474923579603
2208
4.274801927839743
2209
4.019754795350007
2210
3.4398137301925003
2211
3.0733686738006325
2212
4.709324436642041
2213
3.101407625841148
2214
3.9446648356837146
2215
3.7819947929681494
2216
3.1619794969246597
2217
3.5933379107539984
2218
2.8441605866485182
2219
4.278395371214217
2220
3.040696415036187
2221
3.3322137970820194
2222
3.628104860868686
2223
3.6013775592082817
2224
3.566469669661185
2225
3.380671263400904
2226
3.2246568630879238
2227
3.5973995522841316
2228
3.5843222209664796
2229
4.627366028014442
2230
4.0487643616777556
2231
3.7657856795345257
2232
3.4743084888948066
2233
4.223573054766733
2234
3.1334820635061256
2235
4.0106342934274375
2236
3.057097085683378
2237
3.8593575191672196
2238
3.7073731992505925
2239
3.4850289054399677
2240
3.4851976825944204
2241
3.9467029147320907
2242
2.4674959300058283
2243
3.563440558983074
2244
3.92441776730616
2245
3.2857470478469297
2246
4.256931134452599
2247
3.717894041192239
2248
3.680971997358614
2249
2.926338385161518
2250
4.488109236573428
2251
2.6696692885359288
2252
3.4237094500525918
2253
4.132520990005239
2254
3.402048811409482
2255
3.621799896367318
2256
2.9209110230700976
2257
3.6177856760092295
2258
3.28735996382088
2259
3.9905737031251087
2260
3.96474148035649
2261
4.077068317000936
2262
2.687685574475605
2263
3.454146676146786
2264
3.8355222116916137
2265
4.6005375834627324
2266
3.9678379001285937
2267
3.9928294757904195
2268
3.9258782622945914
2269
2.4999301827963016
2270
2.8950745748812103
2271
4.825021730349799
2272
3.5284471390469134
2273
3.5399751893367086
2274
3.948224634760221
2275
3.1655353862356512
2276
4.124999741608212
2277
3.991375262150407
2278
3.797408027482328
2279
3.483163185372357
2280
3.705932241128542
2281
4.129662441757869
2282
3.2218087079673503
2283
4.356140751003868
2284
3.837743231445347
2285
3.010542929807116
2286
3.17774169643874
2287
3.242420008791117
2288
3.3399734404758896
2289
4.465662363526778
2290
3.7095645154806225
2291
3.031662772178453
2292
3.192782758640012
2293
4.246784598439664
2294
3.091676783130637
2295
3.915184169516689
2296
4.668871944874599
2297
4.9129304589081215
2298
4.158209461847156
2299
2.7668807941818487
2300
3.894202556809246
2301
3.722476455295913
2302
3.513780404177384
2303
3.199136306133522
2304
3.3650185987196357
2305
4.48216124379518
2306
3.7054991716591914
2307
3.297734352235975
2308
4.061698765831678
2309
3.020256303906829
2310
3.3590125400497697
2311
3.1274834073094935
2312
2.940994121532228
2313
3.7715720878630643
2314
2.6279555564559627
2315
3.401279107735929
2316
3.571414226795548
2317
3.545170127156453
2318
4.082885253882829
2319
3.3308667210614478
2320
4.2778113363472245
2321
3.2032305529693357
2322
3.1666925628257365
2323
4.844023604937628
2324
2.6277931492139777
2325
2.5802087841838857
2326
3.6592515502423626
2327
4.902900027696657
2328
2.69040481201174
2329
2.934855019695728
2330
3.6812330307120535
2331
3.5914613942560436
2332
4.253142972474995
2333
4.309895491810125
2334
3.36662084245394
2335
3.8400366355235818
2336
3.7760627841991634
2337
3.9794207085036377
2338
2.82459512330393
2339
3.626191076573598
2340
2.9640183321351117
2341
2.7094234652786966
2342
3.146757011450418
2343
3.0027084958056873
2344
3.043465299670081
2345
2.538988359801355
2346
3.3335886396676653
2347
3.547528618975783
2348
3.960578516222405
2349
4.658789209511049
2350
3.526339462128039
2351
3.77433909472658
2352
3.639425045586337
2353
4.050449947832593
2354
4.561472647421795
2355
3.1827011455206313
2356
2.847661111695906
2357
3.5243422000237294
2358
3.210998805659503
2359
3.4295907614204317
2360
3.5714304893917315
2361
4.432099785088286
2362
3.9381939433253788
2363
3.0166898766301595
2364
3.718787573708666
2365
3.9596197936268607
2366
3.345443706347176
2367
3.421320450958697
2368
4.313694719799578
2369
3.519113207704887
2370
4.636514229387281
2371
2.87666165962715
2372
2.993701522291541
2373
3.484617110129873
2374
3.125615867352456
2375
3.6946104615892845
2376
3.265382317618797
2377
4.386892618237361
2378
3.949801510219013
2379
2.515639423138821
2380
3.0767139217454553
2381
3.4725783872839586
2382
3.449659098030797
2383
3.2449405561064575
2384
3.863751405536508
2385
4.1245680365209445
2386
3.5506933348261907
2387
3.726382107958913
2388
3.6805770594733023
2389
2.6070262044874886
2390
4.243176614291774
2391
3.0404647853192555
2392
2.907590071720069
2393
3.535384018769028
2394
2.3985588515335516
2395
3.827664098848118
2396
4.697343942758833
2397
3.2998190624064176
2398
3.126655682351764
2399
3.8157837279773674
2400
2.5598831227357457
2401
3.737964458205189
2402
4.567735674625855
2403
2.904796735251223
2404
3.5642446049144865
2405
4.39158717882936
2406
3.8611645586418732
2407
4.706717125830279
2408
2.8781317476960706
2409
3.4674348099926298
2410
2.8811044597280193
2411
3.0019085273054333
2412
2.6948272383547702
2413
3.5743515639711347
2414
4.555894051760752
2415
3.6231782988728742
2416
3.990002481345842
2417
4.480697627642861
2418
3.730670034428965
2419
2.9697143739810223
2420
3.2843489926602705
2421
4.303856298277263
2422
3.6255249726568235
2423
2.6195476976277696
2424
4.140359479498866
2425
3.9549376009751485
2426
3.9555986612066376
2427
4.537922733529027
2428
4.169745046710456
2429
2.9302113634502196
2430
4.838808325182616
2431
2.9182193911495986
2432
3.3838934974122026
2433
4.890940295366984
2434
3.9123591545754035
2435
3.097067650000499
2436
3.1244470194558693
2437
3.935604083715932
2438
3.9505931997426305
2439
2.8466864007557477
2440
3.0042876425050644
2441
3.1243682319668196
2442
3.947845661599297
2443
3.044791839177617
2444
2.646843441033002
2445
3.9414502074361937
2446
3.816917972761405
2447
3.1243680241426537
2448
4.209067969241071
2449
3.4695799522545343
2450
3.091745764101209
2451
4.12387042274741
2452
3.7792250639231875
2453
3.4625682670986526
2454
4.099121239921607
2455
3.1193473640107134
2456
4.176766939775291
2457
3.4928690763433585
2458
3.478698089847883
2459
4.19711682330489
2460
4.43032448342812
2461
3.1730814338625803
2462
2.8724771903759354
2463
4.2375306337021925
2464
4.362584423012388
2465
4.424094174351525
2466
4.041074494978303
2467
3.2270159868549646
2468
2.63068351508068
2469
4.379795240758147
2470
4.184229732220268
2471
3.8563893520336365
2472
3.837270032243504
2473
3.837458568555757
2474
2.4426934701655605
2475
3.118126219352317
2476
4.504358208354705
2477
4.532760122269973
2478
4.272177309150337
2479
3.4743393016996618
2480
3.0981604053624507
2481
2.0753196665837432
2482
3.0546341794205163
2483
3.1275943776428514
2484
3.280337344215097
2485
4.15502330538122
2486
3.5959173718274697
2487
3.2550896607609623
2488
3.2158746934102567
2489
4.443889749450501
2490
3.236468819822411
2491
4.888917747263922
2492
3.3754670145800394
2493
2.76801214907369
2494
3.8291191298240888
2495
3.4829649467357906
2496
3.3172880433132224
2497
4.100022103455538
2498
3.7044108327495953
2499
3.908697881919575
2500
3.825572949503395
2501
2.9811411458524417
2502
3.5093886008376356
2503
2.9970566251577533
2504
3.3001390111545725
2505
4.357720429282196
2506
3.438731075038178
2507
3.908462825709897
2508
3.63009951605423
2509
2.9493290658735756
2510
3.2396494704190344
2511
2.7060588450227185
2512
3.7632981963719954
2513
5.048561716529464
2514
3.2651198148261127
2515
3.5484620942559713
2516
2.993708267062023
2517
3.7586075323781034
2518
2.941989364413465
2519
4.522657917832383
2520
3.026608786116634
2521
4.3395800713491965
2522
2.86156659799302
2523
4.011220049780582
2524
3.0794692443205682
2525
3.764175981077158
2526
3.6382400268285924
2527
4.0697595705778005
2528
3.799411317182165
2529
3.3411688274293767
2530
2.60977815174739
2531
3.5538661756254815
2532
3.758857709681818
2533
2.917541524812499
2534
4.163988576981614
2535
3.9023097690024047
2536
2.8946777207325844
2537
3.8024864888295555
2538
3.960388214377678
2539
2.714783595195285
2540
4.224761823217649
2541
3.610424487938298
2542
4.2065537671396545
2543
3.811869852460234
2544
4.685750728180281
2545
3.7877962388756927
2546
3.3947791131731373
2547
3.3624082116109077
2548
4.013123356243798
2549
2.358335699714488
2550
2.8442430355335606
2551
4.3392598369037225
2552
3.4999692271877723
2553
4.190987271092797
2554
3.5965639805400103
2555
4.04080243645671
2556
3.932529689163729
2557
3.6102960296927753
2558
4.024009025457035
2559
3.8968841489764467
2560
3.0445399691070874
2561
3.9009715429751997
2562
2.6326534106922885
2563
4.297734441535507
2564
3.4720028431665315
2565
4.924245025476307
2566
2.600312890795456
2567
2.4775316970231005
2568
3.4172247392991655
2569
3.87428931913927
2570
3.8477966718302277
2571
3.7166455907103444
2572
3.3095004075056305
2573
2.4672513882925498
2574
2.874405030473684
2575
4.5272735860631075
2576
2.82839038215806
2577
3.6121656037905736
2578
2.844473435303528
2579
3.6115043635815374
2580
3.154413761457346
2581
3.134142163204489
2582
3.51655103759304
2583
4.346500016015912
2584
4.362039077496418
2585
4.10772087453134
2586
3.7985043161133905
2587
3.580542518055704
2588
3.0841331809757335
2589
3.9253523824800887
2590
3.1039917093509435
2591
3.1434997828717806
2592
4.212678600887388
2593
3.4841244673680842
2594
3.539001846505602
2595
4.356853843733837
2596
3.577061184367303
2597
4.286867977070807
2598
3.847213666017738
2599
2.6659611306543995
2600
3.9085177186336852
2601
3.937682785815018
2602
3.203105607033212
2603
3.8042392116361974
2604
3.7415400064169244
2605
4.20748216909827
2606
3.1556859954323606
2607
5.117602937795526
2608
3.238719583320729
2609
2.2529771104830725
2610
3.1719549057325853
2611
2.827136013808144
2612
4.300528155714816
2613
2.5082777632769275
2614
3.1764231931619844
2615
3.9520657332797855
2616
2.803933511212902
2617
3.924406981931304
2618
4.071542731696741
2619
2.7504337749249403
2620
3.994730489063922
2621
3.8085090839948177
2622
2.7714624639274565
2623
3.408102479010064
2624
2.995933190984131
2625
4.349668495391733
2626
4.13266000685621
2627
4.13430128005166
2628
2.9053315344916504
2629
3.3351220554884318
2630
3.4265347770742145
2631
3.1598201870195113
2632
3.838324908636755
2633
4.261365943484426
2634
3.613467127514387
2635
4.88387625181841
2636
3.34793258217812
2637
2.6749270525906543
2638
2.623938291056656
2639
3.7666856336699763
2640
3.426017086865364
2641
3.080222199058411
2642
3.592445359153644
2643
3.4701503765517687
2644
3.574512035479221
2645
3.5550321977924018
2646
3.7218172637618783
2647
3.4408542900806762
2648
3.651352841606804
2649
4.406842930328613
2650
4.415181995263277
2651
3.906374821380261
2652
2.7896909570592348
2653
3.842312543872981
2654
3.828638189008073
2655
3.906330320873512
2656
3.3483022254329895
2657
3.9386675137766707
2658
3.5685901531395556
2659
4.548514472774471
2660
3.4362354273225395
2661
3.6629621399032555
2662
4.198856546661445
2663
3.8004500977178557
2664
3.3773039368786604
2665
4.1686273325832675
2666
3.1282921021427406
2667
4.2610480063589256
2668
3.755132429880306
2669
3.939216886825254
2670
3.552933461760575
2671
4.062401684957159
2672
3.0207874842528217
2673
2.5591812469606112
2674
2.691803202005028
2675
3.87018955688546
2676
3.82152716039
2677
2.767845060967909
2678
3.699326870178354
2679
4.368239827316392
2680
4.24972352529256
2681
3.407794279670672
2682
3.8305467098311574
2683
3.485088629808512
2684
4.045668742317138
2685
2.4510411882292744
2686
3.8670259587236777
2687
3.821325583457154
2688
3.989525567240706
2689
4.335784505788204
2690
3.0039986885244616
2691
3.540272308597069
2692
3.9293303494560043
2693
3.9283419566758155
2694
3.1302737394716407
2695
4.1907940480663095
2696
4.065705242984067
2697
3.5443315617663798
2698
3.662448303336816
2699
3.937134499726089
2700
4.561808537452027
2701
3.867787165157683
2702
2.9290806910349216
2703
2.55223955153503
2704
3.2530579834712845
2705
3.7318503074842426
2706
2.8433945582952305
2707
3.535818857828637
2708
3.6655053726857227
2709
4.316723729919663
2710
2.9903261757296904
2711
3.619276984565829
2712
3.67399285020234
2713
3.652742373926471
2714
3.104778104580928
2715
2.858376390533581
2716
3.922152353142979
2717
3.8752078697531545
2718
2.55257997435584
2719
3.4645931861524772
2720
2.804592574553055
2721
3.56606364074873
2722
3.226388500855223
2723
2.8226063566382256
2724
3.6252808497005047
2725
4.018321297091333
2726
2.8922229581200507
2727
2.5704983973559865
2728
3.5593410348701497
2729
3.0808700630905537
2730
4.217935854197113
2731
3.6703520595678585
2732
3.28892032073616
2733
4.137888301530041
2734
3.752815520607639
2735
3.7017328162827026
2736
4.264488252868668
2737
3.75472800416114
2738
3.523772249259826
2739
2.6317794040782285
2740
3.167680577491773
2741
3.594265079738167
2742
3.7820542578567724
2743
2.909580723654978
2744
4.993101717786706
2745
4.549779753855702
2746
3.6294459499903375
2747
3.329001573420671
2748
4.191936687167621
2749
3.5948233495868216
2750
2.6764358916785413
2751
4.095214103700142
2752
3.514494260181244
2753
3.9710786742095774
2754
4.2946137121496895
2755
4.882978788735876
2756
3.4047215468147702
2757
3.3525908933244235
2758
3.3699681519119165
2759
2.998031634196828
2760
3.6351772972587373
2761
3.912738011586759
2762
2.480514640723532
2763
4.321830717954133
2764
3.270312083492653
2765
3.5740685659795854
2766
3.729307061925913
2767
3.4776317377369494
2768
3.056449075626197
2769
4.159186430659082
2770
3.1160243409142594
2771
3.0700772744515907
2772
3.335739489302887
2773
3.352874992713024
2774
3.3728539654969096
2775
3.672003708917862
2776
3.69490248728478
2777
2.7887702564489376
2778
3.3343696262847606
2779
3.4915293972423562
2780
2.8447892546880573
2781
3.768980750719234
2782
2.789524765150074
2783
3.29097388347449
2784
4.7580069940007155
2785
4.046102725241124
2786
4.437473938434068
2787
3.184210869211959
2788
4.717106717393232
2789
3.7144154847526214
2790
3.2869788963275544
2791
3.116773788510539
2792
3.457093391965063
2793
3.646079932519866
2794
3.2156816837201756
2795
4.2761245118071844
2796
2.91919059870841
2797
3.9483213054965733
2798
3.8367190232077335
2799
3.9642938398608436
2800
3.1888685372844847
2801
3.21521314669103
2802
2.979765278588949
2803
4.176617172796661
2804
3.3898237377874256
2805
3.391382144838002
2806
3.7912251728094533
2807
4.7442006134566554
2808
3.9622266128426857
2809
3.6221028983909
2810
3.672596605168912
2811
3.551612896286024
2812
3.5513389712091064
2813
3.8272514240730606
2814
2.5142339324028535
2815
3.554401193325206
2816
3.0025742131498525
2817
2.8030955053563265
2818
4.872918526719511
2819
3.162758879851056
2820
3.7366860015262784
2821
4.214056220371322
2822
4.16334771476886
2823
3.181803568785714
2824
3.4190042400112217
2825
3.467276477353994
2826
4.44699565509544
2827
3.9184867454488104
2828
5.1698351106014195
2829
3.5285922759773913
2830
3.6473061075034905
2831
4.302359948753187
2832
3.4208987420683816
2833
5.20758686058562
2834
3.2904100575458473
2835
3.496562002031447
2836
3.4432656423669696
2837
3.540703940960691
2838
3.3575496635312687
2839
4.558161618949237
2840
4.025553007455885
2841
4.633508385191496
2842
3.63738547664422
2843
3.926312825752022
2844
4.21992869038941
2845
4.645407605257891
2846
3.5114421773783744
2847
3.8738894848574157
2848
3.665692820358112
2849
4.754234822642761
2850
3.4235736831232226
2851
3.3658188906104023
2852
3.691171731224621
2853
2.9818136790014025
2854
4.100575166193775
2855
3.2043773907240034
2856
5.041322823341675
2857
3.9533634136453712
2858
3.7905174954097647
2859
3.6442819337562846
2860
4.5475335800691745
2861
3.341442178612518
2862
2.9373900796570784
2863
3.897387688948006
2864
3.4893964433248184
2865
3.991582778961769
2866
4.16068780939356
2867
3.9838052942907014
2868
3.9556529291300717
2869
4.395867072204569
2870
3.3256396559474184
2871
3.0648353658336314
2872
2.612779601895003
2873
3.8472476457064584
2874
3.604409098026813
2875
3.623008211785928
2876
3.4269338722284726
2877
3.870697269705721
2878
3.3112719632978047
2879
2.5123038742025794
2880
3.0465575838485472
2881
3.552954793818019
2882
3.982420086247994
2883
3.4305869459279106
2884
3.4984326011493474
2885
3.1315502482258495
2886
3.1994512103285553
2887
2.9372915036015708
2888
2.950514828878955
2889
3.5467062157733364
2890
3.956281636206974
2891
4.236012760940562
2892
3.6891209513597496
2893
2.5753159924332394
2894
3.1748315355933525
2895
4.327460368146651
2896
3.113539791543154
2897
3.1841950397883694
2898
4.8236432568828445
2899
2.472212178737429
2900
3.0377553208345587
2901
3.3046315927164076
2902
2.995901774830129
2903
2.71209753148629
2904
4.348741601114506
2905
3.0807785859300227
2906
2.6154227505364407
2907
4.012653209203571
2908
3.627910419402373
2909
3.6427295137942504
2910
2.9547291990018585
2911
2.6332049769918418
2912
2.967513966423801
2913
4.1525468095202305
2914
3.6209388550307713
2915
3.213718348533094
2916
4.156821443941102
2917
2.982462438752267
2918
3.319644352886789
2919
4.334612154681318
2920
3.957795960310775
2921
5.423012956001743
2922
3.5260239983683674
2923
3.4973926160448676
2924
5.029336015422475
2925
4.40592208004402
2926
4.52450399196567
2927
3.389638204551434
2928
3.57155341743444
2929
2.9251736520530907
2930
3.9113309356104518
2931
3.942083921029549
2932
3.9865970274932225
2933
3.5227362049315354
2934
3.5607151634598773
2935
4.421424708281533
2936
3.4047169035424694
2937
3.68780106309352
2938
2.5100338749641806
2939
3.687127776967126
2940
3.7666818185213313
2941
3.1910781506191186
2942
3.8174919319878295
2943
4.062716586968099
2944
4.068752847238946
2945
3.349688295409108
2946
3.1536902033311187
2947
2.775742971972015
2948
4.398330672919179
2949
3.719505157976695
2950
3.5454431758989533
2951
4.152593964254609
2952
3.7012191696756016
2953
2.8165888275424456
2954
3.484902172896339
2955
3.565918433426384
2956
3.811558224088351
2957
3.7067441238747567
2958
4.157435414011463
2959
3.5292867200361666
2960
3.057650891297316
2961
3.6854609171447112
2962
2.664360447321786
2963
2.4972000018098264
2964
3.196712632252831
2965
3.303986936749211
2966
3.176548051316516
2967
3.7536353147975876
2968
3.0568203209611355
2969
3.265303191902287
2970
3.7292666392769576
2971
2.6199508169840318
2972
3.4573528577764585
2973
2.691426812047021
2974
2.732862827065321
2975
3.551816946129311
2976
4.417676533742443
2977
2.35114279741432
2978
3.3903247437586477
2979
4.094531558944335
2980
3.815276730266999
2981
2.6170738344581004
2982
4.462915210902357
2983
3.4688799071842307
2984
3.0418337170168526
2985
3.5491008177093866
2986
3.4794762337581506
2987
3.409809003105327
2988
3.1724560623815448
2989
4.156209280397603
2990
4.384193706701476
2991
4.2636270238952365
2992
3.547523839880874
2993
3.6538886994488218
2994
4.595376181584268
2995
3.582921184767848
2996
3.3478210011564267
2997
2.822364884208999
2998
3.563067647867576
2999
Mean MAE: 3.6203590670639083
